,0,5,10,15,20,25,30,35,40,45,50,55,60,65,70,75,80,85,90,95,100,105,110,115,120,125,130,135,140,145,150,155,160,165,170,175,180,185,190,195,200,205,210,215,220,225,230,235,240,245,250,255,260,265,270,275,280,285,290,295,300,305,310,315,320,325,330,335,340,345,350,355
0,1.0,0.9901482462882996,0.9722706079483032,0.9624969363212585,0.9481728076934814,0.9503803253173828,0.9356492161750793,0.9357976913452148,0.9343997240066528,0.9317322373390198,0.9215353727340698,0.9229944348335266,0.9186192750930786,0.9100423455238342,0.9115351438522339,0.9136648774147034,0.9220810532569885,0.9152496457099915,0.900763988494873,0.9108591675758362,0.9108198881149292,0.9122676849365234,0.916134238243103,0.927342414855957,0.9334696531295776,0.9360424876213074,0.9354273676872253,0.9460364580154419,0.9499409198760986,0.947493851184845,0.9442638158798218,0.9492974281311035,0.9459814429283142,0.9460471272468567,0.9580950736999512,0.9560011625289917,0.9665341377258301,0.960198700428009,0.961347222328186,0.953218936920166,0.9503902792930603,0.9501898288726807,0.9508388042449951,0.950063943862915,0.9489736557006836,0.945183277130127,0.9368330836296082,0.935903012752533,0.9337881803512573,0.9273739457130432,0.9212920069694519,0.9120109677314758,0.914245069026947,0.914286732673645,0.9049680829048157,0.917831301689148,0.9192626476287842,0.9052343368530273,0.9130493998527527,0.9142173528671265,0.9201918840408325,0.9171884059906006,0.9239158630371094,0.9378917217254639,0.9376041889190674,0.9335535168647766,0.9308165311813354,0.942255973815918,0.9569111466407776,0.9691040515899658,0.976517915725708,0.9870550036430359
5,0.9901482462882996,1.000000238418579,0.9908897876739502,0.9831022620201111,0.968978226184845,0.9664120078086853,0.9551575183868408,0.9561392664909363,0.9523638486862183,0.948854923248291,0.9423048496246338,0.9399168491363525,0.9361835718154907,0.9345294237136841,0.9349756240844727,0.9359928369522095,0.9382495880126953,0.9325523972511292,0.9230257272720337,0.9287929534912109,0.9313308000564575,0.9330736994743347,0.9359861016273499,0.9416483640670776,0.9452937841415405,0.9493460655212402,0.9509966373443604,0.9531753063201904,0.9582463502883911,0.9603220820426941,0.9560590386390686,0.9598532319068909,0.963549017906189,0.9676197171211243,0.9780347943305969,0.9747398495674133,0.976620614528656,0.9776445627212524,0.9805574417114258,0.973213791847229,0.9674274921417236,0.9602549076080322,0.9607194066047668,0.9627878069877625,0.9609589576721191,0.9563145637512207,0.9519578218460083,0.9511154294013977,0.945662260055542,0.9406108856201172,0.9366223812103271,0.9315456748008728,0.9310312867164612,0.9298220872879028,0.9248581528663635,0.9311806559562683,0.9339194893836975,0.930101752281189,0.9369139671325684,0.9356420040130615,0.9378979802131653,0.9378254413604736,0.9451691508293152,0.9545608758926392,0.9549960494041443,0.9573565125465393,0.953838586807251,0.9605658650398254,0.9748166799545288,0.9857012629508972,0.9927603602409363,0.9976932406425476
10,0.9722706079483032,0.9908897876739502,0.9999998211860657,0.9951459765434265,0.983738124370575,0.9782027006149292,0.9729419946670532,0.9738497734069824,0.9685843586921692,0.9673137664794922,0.9633721113204956,0.9570447206497192,0.9547905325889587,0.9574987888336182,0.9582876563072205,0.959860622882843,0.9593098163604736,0.9555242657661438,0.9489601850509644,0.9496656060218811,0.953528106212616,0.9544540643692017,0.9566270709037781,0.9572580456733704,0.9588859677314758,0.962319016456604,0.9649471044540405,0.961993932723999,0.9652459025382996,0.9714365601539612,0.9673174023628235,0.9682420492172241,0.9762292504310608,0.9811457991600037,0.9858313202857971,0.9828469157218933,0.9768423438072205,0.9836718440055847,0.9850282669067383,0.9833543300628662,0.9789548516273499,0.9676321148872375,0.9688009023666382,0.9715847373008728,0.9685475826263428,0.9660228490829468,0.9637003540992737,0.9633662104606628,0.957839846611023,0.9544170498847961,0.9544321894645691,0.9524402022361755,0.9516327977180481,0.9479336142539978,0.9474197030067444,0.9508090019226074,0.9546906352043152,0.9570618867874146,0.9600333571434021,0.9555442333221436,0.9550305604934692,0.9559197425842285,0.9648610949516296,0.9703801870346069,0.9703719019889832,0.975055992603302,0.9718317985534668,0.9738180637359619,0.9836511611938477,0.9919639229774475,0.997097909450531,0.9905327558517456
15,0.9624969363212585,0.9831022620201111,0.9951459765434265,0.9999999403953552,0.9938501715660095,0.988666832447052,0.9849070310592651,0.984390914440155,0.9792851209640503,0.9770378470420837,0.975802481174469,0.9704909920692444,0.9688167572021484,0.9711923003196716,0.9707454442977905,0.9703047871589661,0.9658178091049194,0.9632532596588135,0.9590373635292053,0.959240198135376,0.9638713598251343,0.9661418795585632,0.9680078029632568,0.9676601886749268,0.9686896204948425,0.9714597463607788,0.9725127220153809,0.9694890975952148,0.9702586531639099,0.9791401624679565,0.9775274991989136,0.9775063991546631,0.9851729869842529,0.9869397282600403,0.9853339195251465,0.9842157959938049,0.9764732718467712,0.9832144379615784,0.9841012358665466,0.9879461526870728,0.9866385459899902,0.9764142632484436,0.9770638942718506,0.9786947965621948,0.9729404449462891,0.9728018045425415,0.9701774716377258,0.9708908796310425,0.9665293097496033,0.9640324115753174,0.964604377746582,0.9635481834411621,0.9610005617141724,0.9557534456253052,0.9537730813026428,0.9585363864898682,0.9620113968849182,0.9662421345710754,0.9707303643226624,0.9686405658721924,0.9683217406272888,0.9699195623397827,0.9762491583824158,0.9783161878585815,0.98078852891922,0.9846746325492859,0.9838292598724365,0.9863173365592957,0.9922133088111877,0.9953532218933105,0.9934964776039124,0.9835282564163208
20,0.9481728076934814,0.968978226184845,0.983738124370575,0.9938501715660095,1.0000001192092896,0.9960214495658875,0.9937811493873596,0.989875853061676,0.9858274459838867,0.9851042032241821,0.9844730496406555,0.9823700189590454,0.9821169972419739,0.9818115234375,0.9790444374084473,0.9760438799858093,0.9695323705673218,0.9704940915107727,0.9684241414070129,0.966468334197998,0.9714303016662598,0.9743087291717529,0.9754148125648499,0.9767274856567383,0.9780356884002686,0.9782797694206238,0.9746529459953308,0.9727685451507568,0.969514787197113,0.977716326713562,0.980060875415802,0.9799121022224426,0.9869356155395508,0.9853322505950928,0.9793471097946167,0.9816597700119019,0.9746227860450745,0.9776221513748169,0.9766737222671509,0.9836364388465881,0.9862464666366577,0.9812207221984863,0.9805791974067688,0.9803386926651001,0.9727913737297058,0.9757388234138489,0.9729191660881042,0.9754732251167297,0.976247251033783,0.9745931625366211,0.974004864692688,0.9729079008102417,0.9697108864784241,0.9634688496589661,0.9608920216560364,0.9673569202423096,0.9681454300880432,0.9735993146896362,0.9786593317985535,0.9816371202468872,0.9822812676429749,0.9833125472068787,0.9855197072029114,0.9841480851173401,0.9871472120285034,0.9914647936820984,0.9931608438491821,0.994524359703064,0.9962226748466492,0.9910785555839539,0.9840313196182251,0.9708497524261475
25,0.9503803253173828,0.9664120078086853,0.9782027006149292,0.988666832447052,0.9960214495658875,1.0000003576278687,0.9956958889961243,0.9930315017700195,0.9907664656639099,0.9889770746231079,0.9875327944755554,0.9888982176780701,0.9874820709228516,0.9837048053741455,0.9821866154670715,0.979246199131012,0.9740129709243774,0.9721022844314575,0.9674421548843384,0.9692821502685547,0.9737408757209778,0.9777745604515076,0.9806351661682129,0.9861157536506653,0.9876169562339783,0.9880591630935669,0.9832460880279541,0.984411895275116,0.9800702333450317,0.9851058125495911,0.9869388937950134,0.9879469871520996,0.9903357028961182,0.9849165081977844,0.9775035381317139,0.9788247346878052,0.9751084446907043,0.9759584665298462,0.9749749898910522,0.9829577207565308,0.9882000088691711,0.9865783452987671,0.9886022210121155,0.9882350564002991,0.9804850816726685,0.985146164894104,0.9808128476142883,0.9837822914123535,0.985174834728241,0.9834747910499573,0.9809454679489136,0.9767745733261108,0.9730597734451294,0.9667550325393677,0.9610506892204285,0.9712121486663818,0.9719590544700623,0.9731126427650452,0.9800344705581665,0.9845694303512573,0.9868274331092834,0.9871258735656738,0.9893419146537781,0.9889151453971863,0.9921016097068787,0.9913586378097534,0.993468701839447,0.9975883960723877,0.9958088397979736,0.9911785125732422,0.9800331592559814,0.9681248664855957
30,0.9356492161750793,0.9551575183868408,0.9729419946670532,0.9849070310592651,0.9937811493873596,0.9956958889961243,1.000000238418579,0.9955766201019287,0.9932870268821716,0.9908514618873596,0.9936164617538452,0.9912116527557373,0.9916236400604248,0.9898730516433716,0.9863375425338745,0.9821339845657349,0.9763462543487549,0.9768438339233398,0.9713663458824158,0.9717512726783752,0.9755222201347351,0.9810392260551453,0.9834162592887878,0.9842472672462463,0.9838929176330566,0.9849223494529724,0.9799730777740479,0.9786513447761536,0.9722083210945129,0.9817984700202942,0.9805878400802612,0.9795138239860535,0.9850669503211975,0.9810362458229065,0.9725686311721802,0.9753842949867249,0.9681932330131531,0.971156895160675,0.9691140651702881,0.9774038195610046,0.982684850692749,0.9778717160224915,0.983273983001709,0.9829510450363159,0.974200427532196,0.9808753728866577,0.9773882627487183,0.9824906587600708,0.9826755523681641,0.9829042553901672,0.9836325645446777,0.9794288873672485,0.97727370262146,0.9694346189498901,0.9643011093139648,0.9725445508956909,0.9754724502563477,0.979729950428009,0.9861193895339966,0.9875602722167969,0.9882907271385193,0.9899859428405762,0.9930879473686218,0.98927903175354,0.9940237402915955,0.9936079978942871,0.9973545074462891,0.9951344728469849,0.9901702404022217,0.9835422039031982,0.9719646573066711,0.9575720429420471
35,0.9357976913452148,0.9561392664909363,0.9738497734069824,0.984390914440155,0.989875853061676,0.9930315017700195,0.9955766201019287,0.9999997615814209,0.9964907169342041,0.9959242939949036,0.9924189448356628,0.9880707859992981,0.9871176481246948,0.9880011081695557,0.9871634840965271,0.9855082035064697,0.98033607006073,0.9780407547950745,0.9736058712005615,0.9739742279052734,0.9783914089202881,0.9827603101730347,0.9851864576339722,0.9855337142944336,0.98490309715271,0.9870406985282898,0.9876401424407959,0.9830383062362671,0.9801148176193237,0.9851031303405762,0.9811134934425354,0.9799479842185974,0.9852167963981628,0.9818590879440308,0.9735137224197388,0.9739131927490234,0.965243399143219,0.9711681604385376,0.9703252911567688,0.9801273345947266,0.983948826789856,0.9768714308738708,0.9819169044494629,0.985166609287262,0.9809956550598145,0.984860897064209,0.982917845249176,0.9848859310150146,0.9818826913833618,0.9806661009788513,0.9821997880935669,0.9792556762695312,0.9765775203704834,0.9701228141784668,0.9677326083183289,0.9732747077941895,0.9759871363639832,0.981054961681366,0.9852128028869629,0.98396235704422,0.9845365285873413,0.9869834184646606,0.9944819211959839,0.9953095316886902,0.9961391687393188,0.9955716729164124,0.9941769242286682,0.9918596744537354,0.9859228730201721,0.9833387136459351,0.9734444618225098,0.9600619077682495
40,0.9343997240066528,0.9523638486862183,0.9685843586921692,0.9792851209640503,0.9858274459838867,0.9907664656639099,0.9932870268821716,0.9964907169342041,0.9999999403953552,0.9954913854598999,0.9945188164710999,0.9922505617141724,0.9909552931785583,0.9898566007614136,0.9884119629859924,0.9857891798019409,0.9821577072143555,0.9805545806884766,0.9742326736450195,0.9767822027206421,0.9783188104629517,0.9827345013618469,0.9858417510986328,0.9879090785980225,0.986767590045929,0.9873977303504944,0.9848158359527588,0.9840894937515259,0.9761484861373901,0.981871485710144,0.9777386784553528,0.9763444066047668,0.9803597331047058,0.9737755060195923,0.9654906392097473,0.9673559665679932,0.96108078956604,0.9645670056343079,0.9634376764297485,0.9728853106498718,0.9782634973526001,0.971664547920227,0.9794617295265198,0.9817160367965698,0.9762674570083618,0.9847412705421448,0.9803982973098755,0.9839825630187988,0.9822292327880859,0.9829875230789185,0.985226035118103,0.980009913444519,0.978500247001648,0.9727181792259216,0.9682890176773071,0.9768356680870056,0.9794878959655762,0.9801002740859985,0.9860094785690308,0.9855034947395325,0.987307608127594,0.9889087080955505,0.9942334890365601,0.994138777256012,0.9981402158737183,0.9920097589492798,0.991307258605957,0.9905010461807251,0.9822667241096497,0.9788638353347778,0.9674966931343079,0.9560607671737671
45,0.9317322373390198,0.948854923248291,0.9673137664794922,0.9770378470420837,0.9851042032241821,0.9889770746231079,0.9908514618873596,0.9959242939949036,0.9954913854598999,1.000000238418579,0.9932730197906494,0.9902992248535156,0.9886712431907654,0.9874129295349121,0.9878462553024292,0.9867631196975708,0.9819422364234924,0.9806514382362366,0.9758003354072571,0.9760349988937378,0.9810846447944641,0.9830382466316223,0.9850186109542847,0.9861222505569458,0.9852803945541382,0.9849556684494019,0.984423816204071,0.9814063310623169,0.9773153066635132,0.9791499376296997,0.9761409759521484,0.9752724766731262,0.9796384572982788,0.9741742610931396,0.9651280641555786,0.9668159484863281,0.9589412808418274,0.9636989235877991,0.961749255657196,0.9723228216171265,0.9773679375648499,0.9722722768783569,0.9770238399505615,0.9794080257415771,0.9780290126800537,0.9821704030036926,0.9793920516967773,0.9817063808441162,0.9813628196716309,0.9805206656455994,0.9825231432914734,0.9809632301330566,0.979422926902771,0.9717226028442383,0.9700521230697632,0.9770934581756592,0.9776996374130249,0.9819386005401611,0.9842711091041565,0.9842859506607056,0.9860913157463074,0.9876402616500854,0.9949676990509033,0.9972401857376099,0.9946944713592529,0.9924460649490356,0.9902746677398682,0.9878038763999939,0.9800964593887329,0.9768992066383362,0.9676881432533264,0.9544472098350525
50,0.9215353727340698,0.9423048496246338,0.9633721113204956,0.975802481174469,0.9844730496406555,0.9875327944755554,0.9936164617538452,0.9924189448356628,0.9945188164710999,0.9932730197906494,0.9999999403953552,0.9959783554077148,0.9949145317077637,0.9949237108230591,0.9927515387535095,0.9886122941970825,0.9805074334144592,0.9799548387527466,0.9743738174438477,0.9761492609977722,0.9812840223312378,0.9852474331855774,0.9877499938011169,0.9861201643943787,0.9829890727996826,0.9836592674255371,0.9796087145805359,0.9766348004341125,0.9677510261535645,0.9787877202033997,0.9759188890457153,0.9734177589416504,0.9787578582763672,0.9719873666763306,0.9604746103286743,0.9630934000015259,0.9547286629676819,0.9596049785614014,0.9582952260971069,0.9692727327346802,0.9756371974945068,0.9688668251037598,0.9770480394363403,0.9776380658149719,0.9697034955024719,0.9785627126693726,0.9751946330070496,0.9804332256317139,0.9798906445503235,0.9818950891494751,0.984992265701294,0.9838262796401978,0.981558084487915,0.9713241457939148,0.9673712849617004,0.9756277799606323,0.979559600353241,0.9841153621673584,0.9888479709625244,0.9891115427017212,0.9900088310241699,0.992637038230896,0.9961199760437012,0.9895455241203308,0.9931319952011108,0.989623486995697,0.9926590919494629,0.9899564981460571,0.9802408814430237,0.9739835858345032,0.9617170095443726,0.9456096887588501
55,0.9229944348335266,0.9399168491363525,0.9570447206497192,0.9704909920692444,0.9823700189590454,0.9888982176780701,0.9912116527557373,0.9880707859992981,0.9922505617141724,0.9902992248535156,0.9959783554077148,1.0,0.9978469610214233,0.9940024018287659,0.9913356900215149,0.9863464832305908,0.9772559404373169,0.9761163592338562,0.9710831046104431,0.9751406908035278,0.9805170297622681,0.9842552542686462,0.9878355264663696,0.9903326034545898,0.988163411617279,0.9864902496337891,0.9781395196914673,0.9791367053985596,0.9676376581192017,0.9760187864303589,0.9777339100837708,0.9771283864974976,0.9791098833084106,0.9686708450317383,0.9553483128547668,0.9582114815711975,0.9543691873550415,0.9549689888954163,0.9539951682090759,0.9659103751182556,0.9746143817901611,0.9732184410095215,0.979446291923523,0.9778083562850952,0.9687415957450867,0.9801205992698669,0.9742628931999207,0.9802994132041931,0.9845637083053589,0.986569344997406,0.9871845245361328,0.9850524663925171,0.981180727481842,0.9703547358512878,0.9632040858268738,0.9754917025566101,0.9773949384689331,0.9790459871292114,0.9854721426963806,0.9915221929550171,0.9941554665565491,0.9951846599578857,0.9937992691993713,0.9867435097694397,0.9918084144592285,0.9852362275123596,0.9894710183143616,0.9910979270935059,0.9807350039482117,0.9731173515319824,0.9580845832824707,0.942956268787384
60,0.9186192750930786,0.9361835718154907,0.9547905325889587,0.9688167572021484,0.9821169972419739,0.9874820709228516,0.9916236400604248,0.9871176481246948,0.9909552931785583,0.9886712431907654,0.9949145317077637,0.9978469610214233,1.0,0.9958548545837402,0.9922544956207275,0.9864892959594727,0.9784741401672363,0.9792134761810303,0.9747517108917236,0.9778813123703003,0.9804670810699463,0.9847798347473145,0.987385094165802,0.9890388250350952,0.986557126045227,0.9849209785461426,0.9755366444587708,0.9760701656341553,0.9634512662887573,0.9720243215560913,0.9734932780265808,0.9723542928695679,0.9752943515777588,0.9658942818641663,0.952882707118988,0.9569389820098877,0.9529609680175781,0.9526601433753967,0.9505610466003418,0.9621407985687256,0.9710316061973572,0.9703192710876465,0.9768943786621094,0.9754648208618164,0.9656690955162048,0.9777332544326782,0.9732643961906433,0.9802011251449585,0.9842703938484192,0.9873021841049194,0.9883663058280945,0.9856622815132141,0.9839669466018677,0.9746293425559998,0.9675677418708801,0.9781215190887451,0.9798464775085449,0.9823363423347473,0.988981306552887,0.994396448135376,0.9960398077964783,0.9958921074867249,0.9935324788093567,0.9854026436805725,0.9907196164131165,0.9857001304626465,0.9901845455169678,0.9896039366722107,0.979779839515686,0.9700305461883545,0.955498218536377,0.9386860728263855
65,0.9100423455238342,0.9345294237136841,0.9574987888336182,0.9711923003196716,0.9818115234375,0.9837048053741455,0.9898730516433716,0.9880011081695557,0.9898566007614136,0.9874129295349121,0.9949237108230591,0.9940024018287659,0.9958548545837402,0.9999998807907104,0.9972485899925232,0.9923619031906128,0.9817012548446655,0.9817039966583252,0.980551540851593,0.980760931968689,0.9852128624916077,0.989345908164978,0.9908315539360046,0.987102210521698,0.9830107688903809,0.9828058481216431,0.9771426320075989,0.9710062742233276,0.9600095748901367,0.9703672528266907,0.9697885513305664,0.9672561287879944,0.9741605520248413,0.9678568840026855,0.9544310569763184,0.9573681354522705,0.9489546418190002,0.952940821647644,0.9517555832862854,0.9642339944839478,0.970947265625,0.9658865928649902,0.9715855121612549,0.9729782342910767,0.9652301669120789,0.9760974645614624,0.9755479097366333,0.9803428053855896,0.9814447164535522,0.9847361445426941,0.9880245923995972,0.9886648058891296,0.9856067895889282,0.9757911562919617,0.9727129340171814,0.9783650636672974,0.9813289642333984,0.9896696209907532,0.9938135743141174,0.995566725730896,0.9940090179443359,0.9957365989685059,0.994456946849823,0.9846866726875305,0.9891617894172668,0.9878411293029785,0.9903051853179932,0.9871010184288025,0.9775992035865784,0.96900475025177,0.9572046995162964,0.938002347946167
70,0.9115351438522339,0.9349756240844727,0.9582876563072205,0.9707454442977905,0.9790444374084473,0.9821866154670715,0.9863375425338745,0.9871634840965271,0.9884119629859924,0.9878462553024292,0.9927515387535095,0.9913356900215149,0.9922544956207275,0.9972485899925232,0.9999997615814209,0.9971103072166443,0.9879087209701538,0.9852966666221619,0.9829850792884827,0.9837933778762817,0.9891699552536011,0.9915179014205933,0.9921715259552002,0.9884903430938721,0.9841763973236084,0.9840118885040283,0.9801906943321228,0.973319947719574,0.9644899964332581,0.9727072715759277,0.9712324738502502,0.9686520099639893,0.9743996858596802,0.9680597186088562,0.9542403817176819,0.9553952217102051,0.9461953639984131,0.9522072076797485,0.9516908526420593,0.9646350145339966,0.9712015390396118,0.9655590653419495,0.9715375304222107,0.9744901061058044,0.9688966274261475,0.9780582785606384,0.9785119891166687,0.9821993708610535,0.9815571904182434,0.9850042462348938,0.9888542890548706,0.9910622835159302,0.9882128238677979,0.9788247346878052,0.976942241191864,0.9820207953453064,0.9857701659202576,0.9926998615264893,0.9949257969856262,0.9934869408607483,0.9907337427139282,0.9925680756568909,0.9935899972915649,0.986305296421051,0.9879014492034912,0.9861611127853394,0.987045407295227,0.9850093722343445,0.9755810499191284,0.9696481227874756,0.958602249622345,0.938997745513916
75,0.9136648774147034,0.9359928369522095,0.959860622882843,0.9703047871589661,0.9760438799858093,0.979246199131012,0.9821339845657349,0.9855082035064697,0.9857891798019409,0.9867631196975708,0.9886122941970825,0.9863464832305908,0.9864892959594727,0.9923619031906128,0.9971103072166443,0.9999999403953552,0.9927303194999695,0.9894346594810486,0.9857909083366394,0.9864143133163452,0.9916018843650818,0.9925015568733215,0.9922551512718201,0.9873228073120117,0.9831364154815674,0.9832444787025452,0.9820749759674072,0.9747252464294434,0.9676275253295898,0.9741719961166382,0.9724533557891846,0.9689527750015259,0.9733504056930542,0.968041718006134,0.9546458125114441,0.9551142454147339,0.9449746608734131,0.9527533650398254,0.9522150158882141,0.9654487371444702,0.9714367985725403,0.9656486511230469,0.9714807271957397,0.9745420813560486,0.971187174320221,0.9782345294952393,0.9798901677131653,0.9811127185821533,0.980047881603241,0.9832197427749634,0.9883162975311279,0.9912415146827698,0.9888966679573059,0.9804205894470215,0.9801915287971497,0.9855915307998657,0.9892827272415161,0.9950734376907349,0.9938631057739258,0.9892224669456482,0.9859277606010437,0.9866325259208679,0.9898880124092102,0.9858672022819519,0.9849959015846252,0.9833905696868896,0.982073187828064,0.9806012511253357,0.9722379446029663,0.968441367149353,0.9600468277931213,0.9410233497619629
80,0.9220810532569885,0.9382495880126953,0.9593098163604736,0.9658178091049194,0.9695323705673218,0.9740129709243774,0.9763462543487549,0.98033607006073,0.9821577072143555,0.9819422364234924,0.9805074334144592,0.9772559404373169,0.9784741401672363,0.9817012548446655,0.9879087209701538,0.9927303194999695,1.0,0.9958490133285522,0.9882981777191162,0.9893132448196411,0.9860284328460693,0.986152172088623,0.9851160049438477,0.9817541241645813,0.9794768691062927,0.9794481992721558,0.9776262640953064,0.9752598404884338,0.9681881666183472,0.9709818959236145,0.9665515422821045,0.9622293710708618,0.9637015461921692,0.9597457647323608,0.9523912668228149,0.9528095722198486,0.9465441703796387,0.9515604376792908,0.9501303434371948,0.9585781097412109,0.9636954665184021,0.9590559005737305,0.9670282006263733,0.9705199003219604,0.9688847661018372,0.9762797355651855,0.9758769273757935,0.9776246547698975,0.9763615131378174,0.9798024892807007,0.9857680797576904,0.9848358035087585,0.9877016544342041,0.9861226081848145,0.9856489896774292,0.9927916526794434,0.9964802265167236,0.9908221364021301,0.9887256622314453,0.9794561862945557,0.9769949316978455,0.9757766127586365,0.9817948341369629,0.9825525283813477,0.981343150138855,0.9763514399528503,0.9734687805175781,0.9718637466430664,0.9654045104980469,0.9629082083702087,0.9570835828781128,0.9425852298736572
85,0.9152496457099915,0.9325523972511292,0.9555242657661438,0.9632532596588135,0.9704940915107727,0.9721022844314575,0.9768438339233398,0.9780407547950745,0.9805545806884766,0.9806514382362366,0.9799548387527466,0.9761163592338562,0.9792134761810303,0.9817039966583252,0.9852966666221619,0.9894346594810486,0.9958490133285522,0.9999999403953552,0.9934226274490356,0.99150550365448,0.9876011610031128,0.9870225191116333,0.9842764139175415,0.9789748787879944,0.9767342805862427,0.9745301604270935,0.9705809950828552,0.9686197638511658,0.9595668315887451,0.963881254196167,0.9609293937683105,0.9557433128356934,0.9593275785446167,0.9559510350227356,0.9484997987747192,0.9526688456535339,0.9445881843566895,0.9492222666740417,0.9455785155296326,0.9538994431495667,0.9589852690696716,0.955172061920166,0.9622659683227539,0.9637919664382935,0.9611933827400208,0.9694790244102478,0.9687245488166809,0.9722586870193481,0.9735291004180908,0.9780524969100952,0.9851555824279785,0.9856688380241394,0.9898957014083862,0.9876609444618225,0.9891641736030579,0.9956807494163513,0.9960298538208008,0.9917093515396118,0.9881957769393921,0.9797928333282471,0.9774279594421387,0.9756482839584351,0.9799522757530212,0.9792026281356812,0.9787933826446533,0.9760105013847351,0.9739153385162354,0.9700376987457275,0.9639018774032593,0.9575049877166748,0.952954113483429,0.9375630617141724
90,0.900763988494873,0.9230257272720337,0.9489601850509644,0.9590373635292053,0.9684241414070129,0.9674421548843384,0.9713663458824158,0.9736058712005615,0.9742326736450195,0.9758003354072571,0.9743738174438477,0.9710831046104431,0.9747517108917236,0.980551540851593,0.9829850792884827,0.9857909083366394,0.9882981777191162,0.9934226274490356,1.0000001192092896,0.9929271340370178,0.9890004396438599,0.9858788251876831,0.9818711280822754,0.9746060371398926,0.9719967842102051,0.9682861566543579,0.9659650921821594,0.9595245122909546,0.9519871473312378,0.9549760818481445,0.9555525779724121,0.9497160315513611,0.9559527039527893,0.9538070559501648,0.9441695213317871,0.9471864700317383,0.9377377033233643,0.9428427219390869,0.9401818513870239,0.9514719843864441,0.9551470279693604,0.9527044892311096,0.9536677598953247,0.9565261602401733,0.9559168815612793,0.9625241756439209,0.9640828967094421,0.9665308594703674,0.9691126942634583,0.9732195734977722,0.9803655743598938,0.9858143329620361,0.9883800745010376,0.9883918762207031,0.9936602115631104,0.9913588166236877,0.9881712794303894,0.9894418120384216,0.9831900596618652,0.9785326719284058,0.9754695296287537,0.9746443629264832,0.977003812789917,0.9737079739570618,0.9726658463478088,0.9744779467582703,0.9713464975357056,0.967005729675293,0.9600465297698975,0.9517467617988586,0.947607159614563,0.9290986061096191
95,0.9108591675758362,0.9287929534912109,0.9496656060218811,0.959240198135376,0.966468334197998,0.9692821502685547,0.9717512726783752,0.9739742279052734,0.9767822027206421,0.9760349988937378,0.9761492609977722,0.9751406908035278,0.9778813123703003,0.980760931968689,0.9837933778762817,0.9864143133163452,0.9893132448196411,0.99150550365448,0.9929271340370178,0.9999998807907104,0.9932122826576233,0.9899353981018066,0.9859070181846619,0.980318546295166,0.9770809412002563,0.9748011231422424,0.9705590605735779,0.9671348333358765,0.9580004215240479,0.9606444835662842,0.958850622177124,0.9548213481903076,0.9577208757400513,0.9541711807250977,0.9447985887527466,0.9469963908195496,0.9405158162117004,0.9444686770439148,0.942301869392395,0.9532017707824707,0.9572912454605103,0.9551491141319275,0.9596545696258545,0.9623713493347168,0.9598960876464844,0.9682565927505493,0.9682893753051758,0.972204327583313,0.9729183912277222,0.9777684211730957,0.9851795434951782,0.9889417886734009,0.9935413599014282,0.9952816963195801,0.9915532469749451,0.990269124507904,0.9893121719360352,0.9860571622848511,0.9830864667892456,0.9789599776268005,0.9769720435142517,0.9751089811325073,0.9774682521820068,0.9747059345245361,0.9751535654067993,0.9727115631103516,0.9700808525085449,0.9690656065940857,0.9617854952812195,0.9556838870048523,0.9497592449188232,0.9343024492263794
100,0.9108198881149292,0.9313308000564575,0.953528106212616,0.9638713598251343,0.9714303016662598,0.9737408757209778,0.9755222201347351,0.9783914089202881,0.9783188104629517,0.9810846447944641,0.9812840223312378,0.9805170297622681,0.9804670810699463,0.9852128624916077,0.9891699552536011,0.9916018843650818,0.9860284328460693,0.9876011610031128,0.9890004396438599,0.9932122826576233,1.0000001192092896,0.9964560866355896,0.992986261844635,0.9862558841705322,0.9820954203605652,0.9799391627311707,0.9770244359970093,0.9701706171035767,0.9636548757553101,0.9672924280166626,0.9671744704246521,0.9638731479644775,0.9680877923965454,0.9643784165382385,0.9515465497970581,0.9531051516532898,0.9431268572807312,0.9501466751098633,0.9489089250564575,0.9623234868049622,0.9661995768547058,0.9635838270187378,0.9661920070648193,0.9681392908096313,0.9664767980575562,0.972649335861206,0.9741426110267639,0.9773521423339844,0.9782674908638,0.9813363552093506,0.9874957203865051,0.9955751299858093,0.9945530891418457,0.986018180847168,0.9836829900741577,0.9852144122123718,0.98481684923172,0.9883440732955933,0.984825849533081,0.983431339263916,0.9811004400253296,0.9810214042663574,0.982964813709259,0.9790070056915283,0.9770501255989075,0.9773462414741516,0.9752510786056519,0.9747220277786255,0.9669498205184937,0.9621014595031738,0.9558308720588684,0.9382420778274536
105,0.9122676849365234,0.9330736994743347,0.9544540643692017,0.9661418795585632,0.9743087291717529,0.9777745604515076,0.9810392260551453,0.9827603101730347,0.9827345013618469,0.9830382466316223,0.9852474331855774,0.9842552542686462,0.9847798347473145,0.989345908164978,0.9915179014205933,0.9925015568733215,0.986152172088623,0.9870225191116333,0.9858788251876831,0.9899353981018066,0.9964560866355896,1.0000001192092896,0.9978759288787842,0.9911863803863525,0.986368715763092,0.9850306510925293,0.9814026355743408,0.9744840264320374,0.9667906761169434,0.9720690250396729,0.9705064296722412,0.9669584035873413,0.9711778163909912,0.9672231078147888,0.9546377658843994,0.9568692445755005,0.9480267763137817,0.9539439678192139,0.9522371292114258,0.9644976258277893,0.9694923758506775,0.9660699963569641,0.971073567867279,0.9730746746063232,0.969641923904419,0.9778574705123901,0.9798160791397095,0.9831942915916443,0.9841971397399902,0.9880646467208862,0.9932205677032471,0.9968917369842529,0.9939027428627014,0.9846473336219788,0.9804392457008362,0.9847251176834106,0.9859554171562195,0.9903424978256226,0.9899493455886841,0.9875234961509705,0.985045850276947,0.9853613972663879,0.9866163730621338,0.9818880558013916,0.9818028807640076,0.9810096025466919,0.979676365852356,0.9783183336257935,0.9703513383865356,0.9641651511192322,0.9555937647819519,0.9392318725585938
110,0.916134238243103,0.9359861016273499,0.9566270709037781,0.9680078029632568,0.9754148125648499,0.9806351661682129,0.9834162592887878,0.9851864576339722,0.9858417510986328,0.9850186109542847,0.9877499938011169,0.9878355264663696,0.987385094165802,0.9908315539360046,0.9921715259552002,0.9922551512718201,0.9851160049438477,0.9842764139175415,0.9818711280822754,0.9859070181846619,0.992986261844635,0.9978759288787842,0.9999998807907104,0.9951342344284058,0.990800142288208,0.9896474480628967,0.9857534766197205,0.9798662066459656,0.971510112285614,0.9770575761795044,0.9746645092964172,0.9715515375137329,0.9745512008666992,0.9689246416091919,0.9564429521560669,0.9583415985107422,0.9504193067550659,0.9562581777572632,0.9546724557876587,0.9662685394287109,0.9723289012908936,0.9692764282226562,0.9757319092750549,0.9774854183197021,0.9732260704040527,0.9827389717102051,0.9830460548400879,0.9867368936538696,0.9882698059082031,0.9917726516723633,0.995305061340332,0.9957869052886963,0.9910680055618286,0.9804840683937073,0.9757497906684875,0.9823883771896362,0.9845020771026611,0.9883224964141846,0.9894829988479614,0.9888494610786438,0.9873256683349609,0.9879820346832275,0.988990068435669,0.9840450286865234,0.9848160147666931,0.98174649477005,0.9807561039924622,0.9805713295936584,0.9726084470748901,0.9670829772949219,0.9571468234062195,0.9414135217666626
115,0.927342414855957,0.9416483640670776,0.9572580456733704,0.9676601886749268,0.9767274856567383,0.9861157536506653,0.9842472672462463,0.9855337142944336,0.9879090785980225,0.9861222505569458,0.9861201643943787,0.9903326034545898,0.9890388250350952,0.987102210521698,0.9884903430938721,0.9873228073120117,0.9817541241645813,0.9789748787879944,0.9746060371398926,0.980318546295166,0.9862558841705322,0.9911863803863525,0.9951342344284058,1.000000238418579,0.997664749622345,0.9959486126899719,0.989782452583313,0.9889922738075256,0.9801766276359558,0.9818892478942871,0.9808764457702637,0.9801574349403381,0.9790362119674683,0.9700875282287598,0.9578773975372314,0.9589815139770508,0.9562576413154602,0.9577480554580688,0.9563257694244385,0.9678812026977539,0.9760131239891052,0.9777199029922485,0.9833773970603943,0.984717071056366,0.979411244392395,0.9899057149887085,0.9873523712158203,0.9916722178459167,0.9945310354232788,0.9956479668617249,0.9942593574523926,0.9905036687850952,0.98581463098526,0.976924479007721,0.9698023796081543,0.9802618026733398,0.9808768630027771,0.97999507188797,0.9841740131378174,0.9881560206413269,0.9891653656959534,0.9886162281036377,0.9889698028564453,0.9863666296005249,0.9877693057060242,0.9815962910652161,0.9810296893119812,0.9849849939346313,0.9768295288085938,0.9719473719596863,0.9598101377487183,0.9456932544708252
120,0.9334696531295776,0.9452937841415405,0.9588859677314758,0.9686896204948425,0.9780356884002686,0.9876169562339783,0.9838929176330566,0.98490309715271,0.986767590045929,0.9852803945541382,0.9829890727996826,0.988163411617279,0.986557126045227,0.9830107688903809,0.9841763973236084,0.9831364154815674,0.9794768691062927,0.9767342805862427,0.9719967842102051,0.9770809412002563,0.9820954203605652,0.986368715763092,0.990800142288208,0.997664749622345,1.0000001192092896,0.9978300333023071,0.9908018708229065,0.9917097687721252,0.9837767481803894,0.983150064945221,0.9833270907402039,0.9828578233718872,0.9802869558334351,0.9709487557411194,0.9604581594467163,0.9611334800720215,0.9603499174118042,0.9603468179702759,0.9585970044136047,0.9688084125518799,0.9774909019470215,0.9813843965530396,0.9859701991081238,0.9868065118789673,0.98227858543396,0.9915574789047241,0.987804651260376,0.9915084838867188,0.995627224445343,0.994361162185669,0.9908188581466675,0.9862680435180664,0.9816387295722961,0.9748688340187073,0.9679052829742432,0.9792666435241699,0.9782360792160034,0.9755914211273193,0.9803842902183533,0.9848147630691528,0.9868285655975342,0.9860867261886597,0.9868971109390259,0.9858880639076233,0.9868888258934021,0.980025053024292,0.979327917098999,0.9848465919494629,0.9782426357269287,0.973534107208252,0.9619330167770386,0.9492942690849304
125,0.9360424876213074,0.9493460655212402,0.962319016456604,0.9714597463607788,0.9782797694206238,0.9880591630935669,0.9849223494529724,0.9870406985282898,0.9873977303504944,0.9849556684494019,0.9836592674255371,0.9864902496337891,0.9849209785461426,0.9828058481216431,0.9840118885040283,0.9832444787025452,0.9794481992721558,0.9745301604270935,0.9682861566543579,0.9748011231422424,0.9799391627311707,0.9850306510925293,0.9896474480628967,0.9959486126899719,0.9978300333023071,1.000000238418579,0.9954439997673035,0.9946472644805908,0.9884433150291443,0.9880384802818298,0.9855741858482361,0.985058069229126,0.9825661182403564,0.9747392535209656,0.9650429487228394,0.9645242691040039,0.9628450870513916,0.9644509553909302,0.9633862972259521,0.9730389714241028,0.9806869029998779,0.9824916124343872,0.9887275099754333,0.9912418127059937,0.9869601130485535,0.9949542284011841,0.9925028085708618,0.9948256015777588,0.9946170449256897,0.992513120174408,0.9888606667518616,0.983375072479248,0.9791671633720398,0.972624659538269,0.9652098417282104,0.9758287668228149,0.9770159125328064,0.9749782681465149,0.9806540012359619,0.9836849570274353,0.9849836230278015,0.9846856594085693,0.9874098300933838,0.9867264628410339,0.9877610206604004,0.9817457795143127,0.9807956218719482,0.9856964945793152,0.9794583916664124,0.9766779541969299,0.9653221964836121,0.9529703855514526
130,0.9354273676872253,0.9509966373443604,0.9649471044540405,0.9725127220153809,0.9746529459953308,0.9832460880279541,0.9799730777740479,0.9876401424407959,0.9848158359527588,0.984423816204071,0.9796087145805359,0.9781395196914673,0.9755366444587708,0.9771426320075989,0.9801906943321228,0.9820749759674072,0.9776262640953064,0.9705809950828552,0.9659650921821594,0.9705590605735779,0.9770244359970093,0.9814026355743408,0.9857534766197205,0.989782452583313,0.9908018708229065,0.9954439997673035,0.9999999403953552,0.9939166903495789,0.9932541847229004,0.9901549816131592,0.9850988388061523,0.9837184548377991,0.982285737991333,0.9775430560112,0.9681514501571655,0.9654132127761841,0.9607996940612793,0.9669771790504456,0.9667885303497314,0.9771412014961243,0.9822711944580078,0.9807270765304565,0.9858701229095459,0.9915978908538818,0.9929035902023315,0.9954443573951721,0.9956682920455933,0.9935590028762817,0.9889657497406006,0.9850426912307739,0.9826836585998535,0.9783556461334229,0.9732151627540588,0.9680482149124146,0.9643343091011047,0.9704799056053162,0.9725432991981506,0.9741134643554688,0.9770792722702026,0.9764032363891602,0.9769166707992554,0.9777638912200928,0.9851811528205872,0.9879217743873596,0.9854925870895386,0.9817121028900146,0.9773770570755005,0.9803243279457092,0.974746823310852,0.9758861660957336,0.9672275185585022,0.9554572701454163
135,0.9460364580154419,0.9531753063201904,0.961993932723999,0.9694890975952148,0.9727685451507568,0.984411895275116,0.9786513447761536,0.9830383062362671,0.9840894937515259,0.9814063310623169,0.9766348004341125,0.9791367053985596,0.9760701656341553,0.9710062742233276,0.973319947719574,0.9747252464294434,0.9752598404884338,0.9686197638511658,0.9595245122909546,0.9671348333358765,0.9701706171035767,0.9744840264320374,0.9798662066459656,0.9889922738075256,0.9917097687721252,0.9946472644805908,0.9939166903495789,0.9999999403953552,0.9945747256278992,0.9906251430511475,0.9880890846252441,0.9874060750007629,0.9814616441726685,0.9728323221206665,0.9645731449127197,0.9639637470245361,0.9643604755401611,0.965746283531189,0.9640947580337524,0.9732308983802795,0.980956494808197,0.9830808043479919,0.9900886416435242,0.9915977120399475,0.9895092248916626,0.9958945512771606,0.9893418550491333,0.989325761795044,0.9881843328475952,0.9844347238540649,0.9807756543159485,0.9728542566299438,0.9696880578994751,0.9649191498756409,0.9565478563308716,0.9697906374931335,0.9714968800544739,0.9639641046524048,0.9693711996078491,0.9715496301651001,0.975129246711731,0.973901629447937,0.9799216985702515,0.9837457537651062,0.9844722747802734,0.9744009971618652,0.9729865193367004,0.9801797866821289,0.9748798608779907,0.9755566120147705,0.9647481441497803,0.956027626991272
140,0.9499409198760986,0.9582463502883911,0.9652459025382996,0.9702586531639099,0.969514787197113,0.9800702333450317,0.9722083210945129,0.9801148176193237,0.9761484861373901,0.9773153066635132,0.9677510261535645,0.9676376581192017,0.9634512662887573,0.9600095748901367,0.9644899964332581,0.9676275253295898,0.9681881666183472,0.9595668315887451,0.9519871473312378,0.9580004215240479,0.9636548757553101,0.9667906761169434,0.971510112285614,0.9801766276359558,0.9837767481803894,0.9884433150291443,0.9932541847229004,0.9945747256278992,0.9999998807907104,0.9927695393562317,0.9880594611167908,0.9881937503814697,0.9829321503639221,0.9785765409469604,0.9724993705749512,0.9684293270111084,0.967124879360199,0.9716145992279053,0.9717235565185547,0.9790708422660828,0.9833904504776001,0.9842901825904846,0.9889469742774963,0.9927210211753845,0.9952712059020996,0.9920599460601807,0.9889503717422485,0.9863922595977783,0.9812269806861877,0.9751452207565308,0.9706977009773254,0.964519739151001,0.9609364867210388,0.956752359867096,0.9508774280548096,0.9600718021392822,0.9617676734924316,0.9572726488113403,0.961117148399353,0.961286187171936,0.9635874629020691,0.9635507464408875,0.9736220240592957,0.9819114208221436,0.9771608710289001,0.9730721712112427,0.9685953855514526,0.9747031927108765,0.9723273515701294,0.9774914979934692,0.9690512418746948,0.9617742300033569
