,0,5,10,15,20,25,30,35,40,45,50,55,60,65,70,75,80,85,90,95,100,105,110,115,120,125,130,135,140,145,150,155,160,165,170,175,180,185,190,195,200,205,210,215,220,225,230,235,240,245,250,255,260,265,270,275,280,285,290,295,300,305,310,315,320,325,330,335,340,345,350,355
0,1.0,0.982793390750885,0.9558519721031189,0.9319791793823242,0.9113225340843201,0.8987369537353516,0.8861585259437561,0.876066267490387,0.8701757192611694,0.841084897518158,0.869000256061554,0.8661115765571594,0.8628785014152527,0.8542522192001343,0.8667922019958496,0.8672138452529907,0.8622117042541504,0.8588948249816895,0.8388836979866028,0.8094385266304016,0.8132656812667847,0.8213984370231628,0.8202527165412903,0.8335950374603271,0.842065155506134,0.83796626329422,0.8512599468231201,0.8500508069992065,0.8348417282104492,0.8659890294075012,0.8665567636489868,0.876018226146698,0.8831454515457153,0.8912447690963745,0.904572069644928,0.8898661136627197,0.8736760020256042,0.8849842548370361,0.8967200517654419,0.8881839513778687,0.8907346129417419,0.8752562403678894,0.8737996816635132,0.886397123336792,0.8484792709350586,0.8618699312210083,0.8405860066413879,0.8423450589179993,0.8339229822158813,0.8242260217666626,0.826645016670227,0.8235529065132141,0.810969352722168,0.8192108869552612,0.8426697254180908,0.858814537525177,0.8643476366996765,0.8595342636108398,0.8763644099235535,0.8789879083633423,0.8700774312019348,0.8703859448432922,0.8715684413909912,0.8538197875022888,0.8868572115898132,0.8852838277816772,0.894855797290802,0.9057116508483887,0.9192733764648438,0.9319384098052979,0.9605073928833008,0.9853869676589966
5,0.982793390750885,0.9999998807907104,0.9838013648986816,0.9604337811470032,0.9402037262916565,0.9253779649734497,0.9162809252738953,0.9070542454719543,0.8974183797836304,0.8728780746459961,0.8966062068939209,0.8928585052490234,0.8896905779838562,0.883105456829071,0.8931660056114197,0.8929908871650696,0.891125500202179,0.8856052160263062,0.862044095993042,0.8316946625709534,0.8306052088737488,0.8381212949752808,0.8357770442962646,0.8519324660301208,0.863086462020874,0.8597934246063232,0.8726801872253418,0.8725498914718628,0.8616749048233032,0.8922487497329712,0.8939152956008911,0.9082806706428528,0.9125484228134155,0.9167127013206482,0.921928882598877,0.892944872379303,0.8659198880195618,0.8879062533378601,0.9139127731323242,0.9100871086120605,0.9161332249641418,0.9035723209381104,0.8970374464988708,0.9104574918746948,0.8737962245941162,0.8831666707992554,0.8621388673782349,0.8605111241340637,0.8480373620986938,0.8366881608963013,0.8379893898963928,0.8367235064506531,0.8261334896087646,0.836830735206604,0.8638165593147278,0.8806529641151428,0.8917942047119141,0.8859941959381104,0.8996661901473999,0.9001544117927551,0.8942067623138428,0.8976858854293823,0.9008315801620483,0.8852376937866211,0.9115029573440552,0.9154629707336426,0.9209758043289185,0.9305733442306519,0.9443975687026978,0.9612398147583008,0.9836786389350891,0.9969658851623535
10,0.9558519721031189,0.9838013648986816,1.0000001192092896,0.9862706661224365,0.9702474474906921,0.9562844038009644,0.9475669860839844,0.9336551427841187,0.9176660776138306,0.8971379995346069,0.9317172169685364,0.9288991689682007,0.92597496509552,0.9204111099243164,0.9240964651107788,0.9212003350257874,0.9150487184524536,0.9065744280815125,0.879817008972168,0.8564096689224243,0.86116623878479,0.8700069189071655,0.8676602840423584,0.8820269107818604,0.8957982063293457,0.8934349417686462,0.899318516254425,0.8940916061401367,0.8855289220809937,0.920922040939331,0.9234451055526733,0.9352680444717407,0.9359766840934753,0.9352397322654724,0.9291192293167114,0.8890888094902039,0.8503696322441101,0.8833983540534973,0.9193720817565918,0.9261382818222046,0.9353521466255188,0.9281060695648193,0.9202325940132141,0.9314394593238831,0.8919709920883179,0.8993681073188782,0.8899809122085571,0.8916876316070557,0.8780521154403687,0.8661994934082031,0.8680983781814575,0.8659743666648865,0.8566084504127502,0.8592700362205505,0.8831737041473389,0.9015902280807495,0.9128972887992859,0.9119977355003357,0.926109790802002,0.9300153255462646,0.9283289909362793,0.9327154159545898,0.9313775897026062,0.9038282632827759,0.9278432726860046,0.9393589496612549,0.9457086324691772,0.9552143216133118,0.9691669940948486,0.9819508790969849,0.9942463040351868,0.9823133945465088
15,0.9319791793823242,0.9604337811470032,0.9862706661224365,1.0000001192092896,0.987575888633728,0.9757274985313416,0.9701051712036133,0.9535840153694153,0.9306418895721436,0.9075343608856201,0.9530594348907471,0.9529029130935669,0.9502546787261963,0.94460129737854,0.9443999528884888,0.9362190365791321,0.9281743168830872,0.9152519106864929,0.886754035949707,0.8708763122558594,0.8802998661994934,0.8923857808113098,0.8924002051353455,0.9025325775146484,0.9152590036392212,0.9135453701019287,0.9149298667907715,0.9067986607551575,0.9007788300514221,0.9371774196624756,0.9389128684997559,0.9464221000671387,0.9468905329704285,0.9399154186248779,0.9266595840454102,0.8810715079307556,0.835564136505127,0.8741995096206665,0.9151279926300049,0.9301621913909912,0.9403083324432373,0.9382153749465942,0.9326333999633789,0.9414635896682739,0.9023042917251587,0.903501033782959,0.9065656065940857,0.9111544489860535,0.9014635682106018,0.8905600309371948,0.8919029235839844,0.8861507177352905,0.87750244140625,0.8761818408966064,0.892037570476532,0.9076690673828125,0.9202678203582764,0.9223737120628357,0.9388539791107178,0.9457528591156006,0.9492408633232117,0.9525516629219055,0.9475990533828735,0.9090173244476318,0.936305820941925,0.9524001479148865,0.9660064578056335,0.9724810123443604,0.9849595427513123,0.9917746186256409,0.984648585319519,0.960033118724823
20,0.9113225340843201,0.9402037262916565,0.9702474474906921,0.987575888633728,1.0,0.9944157600402832,0.9884433746337891,0.9757843017578125,0.956428587436676,0.939018726348877,0.9692764282226562,0.9733802080154419,0.9683146476745605,0.9593528509140015,0.9483305215835571,0.9371322393417358,0.9265809655189514,0.9122031927108765,0.8886573910713196,0.8695675134658813,0.8817188143730164,0.906099796295166,0.9120041131973267,0.9223695993423462,0.9351838231086731,0.9381791353225708,0.9416756629943848,0.9341775178909302,0.9320351481437683,0.9559346437454224,0.9583562612533569,0.9609649181365967,0.9560176134109497,0.9454071521759033,0.926979660987854,0.8812150359153748,0.8375650644302368,0.8756806254386902,0.9172278642654419,0.9362857341766357,0.9471045732498169,0.9519174695014954,0.950381875038147,0.955726146697998,0.9319050312042236,0.9250890016555786,0.9313188195228577,0.9306028485298157,0.9242128133773804,0.9133129119873047,0.9082042574882507,0.8935438394546509,0.8793579339981079,0.8739197850227356,0.8886948227882385,0.9029181003570557,0.9160810708999634,0.9155206680297852,0.9393457770347595,0.955204963684082,0.964207649230957,0.9691818952560425,0.9649568200111389,0.935734212398529,0.9534599781036377,0.9686710238456726,0.9815616011619568,0.9877175092697144,0.9910794496536255,0.9846762418746948,0.9657583236694336,0.9385953545570374
25,0.8987369537353516,0.9253779649734497,0.9562844038009644,0.9757274985313416,0.9944157600402832,1.0,0.9953367710113525,0.986283004283905,0.9692734479904175,0.9565238952636719,0.9785834550857544,0.981326162815094,0.9751196503639221,0.9645535945892334,0.9512696266174316,0.9375826120376587,0.9234690070152283,0.9103178977966309,0.8866180777549744,0.8659601211547852,0.8819590210914612,0.9102821350097656,0.91853928565979,0.9297651648521423,0.9414693713188171,0.9473135471343994,0.9538173675537109,0.946424663066864,0.9447876811027527,0.9638442993164062,0.965642511844635,0.964996874332428,0.956641674041748,0.9449210166931152,0.9265239834785461,0.8795346021652222,0.8377166390419006,0.874740719795227,0.917941153049469,0.9372648000717163,0.946976900100708,0.9543758630752563,0.9568842053413391,0.9604343175888062,0.9434002637863159,0.9368904829025269,0.9418362975120544,0.938439130783081,0.9321509599685669,0.9213637113571167,0.9138801097869873,0.8959835171699524,0.8767182230949402,0.8688332438468933,0.8844374418258667,0.8999744653701782,0.9129489064216614,0.9138104319572449,0.9384762644767761,0.9589394330978394,0.9684771299362183,0.9730284214019775,0.9708601236343384,0.949041485786438,0.9611622095108032,0.9757063388824463,0.9861853122711182,0.9900620579719543,0.984533965587616,0.9738687872886658,0.9517029523849487,0.9238121509552002
30,0.8861585259437561,0.9162809252738953,0.9475669860839844,0.9701051712036133,0.9884433746337891,0.9953367710113525,1.0000001192092896,0.993346095085144,0.9787722826004028,0.9627547860145569,0.9797598123550415,0.9794504642486572,0.9730890989303589,0.9620029926300049,0.9496314525604248,0.9333707094192505,0.9218449592590332,0.9099355340003967,0.8828912973403931,0.8612120151519775,0.8727926015853882,0.9031627178192139,0.911364734172821,0.9255803227424622,0.9369083046913147,0.9441770315170288,0.9531586170196533,0.948102593421936,0.944959282875061,0.959286093711853,0.9606677293777466,0.9597762227058411,0.9497994184494019,0.9362516403198242,0.9176015853881836,0.8669367432594299,0.8223121166229248,0.8608616590499878,0.9087041020393372,0.9279287457466125,0.9374015927314758,0.946819007396698,0.9488383531570435,0.9543777108192444,0.9410172700881958,0.9372423887252808,0.9369146823883057,0.9318758249282837,0.9239369630813599,0.9131979942321777,0.9050561189651489,0.8862909078598022,0.8669369220733643,0.8623740673065186,0.8799107074737549,0.895775556564331,0.9092421531677246,0.9077634215354919,0.932709813117981,0.953593373298645,0.9643904566764832,0.9706801176071167,0.9710404872894287,0.9543439149856567,0.9692525863647461,0.9828917980194092,0.9882963299751282,0.9854815006256104,0.9774093627929688,0.9662021994590759,0.9425169229507446,0.9136850237846375
35,0.876066267490387,0.9070542454719543,0.9336551427841187,0.9535840153694153,0.9757843017578125,0.986283004283905,0.993346095085144,1.0000001192092896,0.9881471395492554,0.9765792489051819,0.9800285696983337,0.9733594655990601,0.9653813242912292,0.9533323049545288,0.9428969621658325,0.9260232448577881,0.9152837991714478,0.9056218862533569,0.8780174255371094,0.8525058627128601,0.860028862953186,0.8911074995994568,0.8996841907501221,0.9169110655784607,0.9265167713165283,0.9370085000991821,0.9521495699882507,0.9482194185256958,0.9484080076217651,0.9520289897918701,0.9526046514511108,0.9499186277389526,0.9366616010665894,0.9220658540725708,0.906585693359375,0.8570190668106079,0.818388819694519,0.851324200630188,0.8993391990661621,0.9158740639686584,0.9241467714309692,0.9361491799354553,0.9418744444847107,0.9458070993423462,0.9432694911956787,0.9393937587738037,0.933817982673645,0.9231091737747192,0.9145116209983826,0.904323935508728,0.8952297568321228,0.8754234910011292,0.853512167930603,0.8511552810668945,0.8717148303985596,0.8879896998405457,0.9013327360153198,0.9017655253410339,0.9242737293243408,0.9451923370361328,0.9574493169784546,0.9654188752174377,0.9724907875061035,0.9675081968307495,0.977247953414917,0.9876198172569275,0.9831411838531494,0.9766284227371216,0.9635667204856873,0.9504711031913757,0.9278495907783508,0.9024463891983032
40,0.8701757192611694,0.8974183797836304,0.9176660776138306,0.9306418895721436,0.956428587436676,0.9692734479904175,0.9787722826004028,0.9881471395492554,0.9999997615814209,0.9882516860961914,0.9728437066078186,0.9643614292144775,0.9540306329727173,0.9423560500144958,0.930587649345398,0.915252685546875,0.9096793532371521,0.9019904732704163,0.8792121410369873,0.8521032333374023,0.8549337387084961,0.8877692818641663,0.897626519203186,0.9172351360321045,0.9261307120323181,0.9373674392700195,0.9578328132629395,0.9633233547210693,0.9569493532180786,0.948081374168396,0.9449060559272766,0.9402869343757629,0.9253876209259033,0.9112684726715088,0.8969966173171997,0.8527100086212158,0.8215950727462769,0.848947286605835,0.8919247388839722,0.90370774269104,0.9136325716972351,0.9257486462593079,0.9337921738624573,0.9416437149047852,0.9510161876678467,0.9565430879592896,0.9374724626541138,0.920928955078125,0.9112957119941711,0.901618480682373,0.8905516862869263,0.8713690042495728,0.8461159467697144,0.8474407196044922,0.8691675066947937,0.8841695785522461,0.8948990106582642,0.8901092410087585,0.9132660627365112,0.9336732029914856,0.9439454078674316,0.9538610577583313,0.9671158194541931,0.9802956581115723,0.9853765368461609,0.9793795347213745,0.9689529538154602,0.9615081548690796,0.9435940980911255,0.9304404258728027,0.9093402028083801,0.8908809423446655
45,0.841084897518158,0.8728780746459961,0.8971379995346069,0.9075343608856201,0.939018726348877,0.9565238952636719,0.9627547860145569,0.9765792489051819,0.9882516860961914,0.9999998211860657,0.9694874286651611,0.9601447582244873,0.9486689567565918,0.9374802708625793,0.9190036654472351,0.9035840034484863,0.894025444984436,0.8849117159843445,0.865713357925415,0.8366684913635254,0.8445741534233093,0.8791408538818359,0.8926674127578735,0.9118880033493042,0.9218496084213257,0.9382150173187256,0.9578019380569458,0.9609040021896362,0.9620781540870667,0.9460622072219849,0.9420775771141052,0.93599534034729,0.9193018078804016,0.9045290350914001,0.8867819309234619,0.8381283283233643,0.8138514161109924,0.8388410210609436,0.8837214112281799,0.8968889117240906,0.9066287279129028,0.9211809635162354,0.9318931102752686,0.9343035817146301,0.954835832118988,0.9546126127243042,0.9407976865768433,0.9205484390258789,0.9078588485717773,0.8980348110198975,0.8835707902908325,0.86127769947052,0.8319054841995239,0.8281548023223877,0.8522146940231323,0.8683726787567139,0.8791631460189819,0.8779865503311157,0.8978115916252136,0.9221133589744568,0.9338923692703247,0.9453942775726318,0.9610410332679749,0.9848533272743225,0.9681875109672546,0.9634073972702026,0.9512413740158081,0.9454070925712585,0.9233505725860596,0.910742461681366,0.8852349519729614,0.8653467893600464
50,0.869000256061554,0.8966062068939209,0.9317172169685364,0.9530594348907471,0.9692764282226562,0.9785834550857544,0.9797598123550415,0.9800285696983337,0.9728437066078186,0.9694874286651611,1.0,0.9916046261787415,0.984441876411438,0.9752683043479919,0.9638767242431641,0.9476717114448547,0.9378283023834229,0.9199067950248718,0.8987568616867065,0.8815302848815918,0.8975284099578857,0.9215688705444336,0.9285938739776611,0.938957691192627,0.9489392638206482,0.9569929242134094,0.9624770879745483,0.949661910533905,0.9474849700927734,0.9584423303604126,0.9513013362884521,0.9460157752037048,0.9372249841690063,0.9235072135925293,0.9060684442520142,0.8562531471252441,0.8162229061126709,0.8521665930747986,0.8969483971595764,0.9137743711471558,0.9227476716041565,0.9313986301422119,0.938892126083374,0.9450852870941162,0.9368124604225159,0.9378610253334045,0.950008749961853,0.9426615238189697,0.9368345737457275,0.927452802658081,0.9219313859939575,0.9066130518913269,0.8871831297874451,0.8798058032989502,0.8943212032318115,0.9069970846176147,0.920392632484436,0.9215505719184875,0.943791389465332,0.9610536098480225,0.9694888591766357,0.9765666127204895,0.9815483689308167,0.9547893404960632,0.9615943431854248,0.9646068811416626,0.9688462018966675,0.9686644077301025,0.9587211608886719,0.9480454325675964,0.9256054162979126,0.8940864205360413
55,0.8661115765571594,0.8928585052490234,0.9288991689682007,0.9529029130935669,0.9733802080154419,0.981326162815094,0.9794504642486572,0.9733594655990601,0.9643614292144775,0.9601447582244873,0.9916046261787415,0.9999998807907104,0.9959290027618408,0.9890424013137817,0.9727915525436401,0.9586858749389648,0.9477640390396118,0.9290232062339783,0.9106387495994568,0.8910762667655945,0.9100014567375183,0.9357121586799622,0.9466719627380371,0.9565677642822266,0.9644666910171509,0.9678792953491211,0.9661848545074463,0.9532002210617065,0.950466513633728,0.9660623073577881,0.9622007608413696,0.9581992626190186,0.9504259824752808,0.9360468983650208,0.9127476215362549,0.8622766733169556,0.823972225189209,0.8627415895462036,0.9053815603256226,0.9251512289047241,0.9359350800514221,0.9449416995048523,0.9506129026412964,0.9527087211608887,0.9426421523094177,0.9377684593200684,0.9572470188140869,0.9565945863723755,0.9536653161048889,0.947178840637207,0.9379249215126038,0.9200820922851562,0.8992949724197388,0.8910902738571167,0.9053753614425659,0.9183794260025024,0.9318968653678894,0.930823802947998,0.9519444704055786,0.9707727432250977,0.978955090045929,0.9823703169822693,0.977243185043335,0.9457801580429077,0.9503528475761414,0.9573985934257507,0.9696828126907349,0.9726347923278809,0.9625352621078491,0.9516209959983826,0.9231055974960327,0.8897521495819092
60,0.8628785014152527,0.8896905779838562,0.92597496509552,0.9502546787261963,0.9683146476745605,0.9751196503639221,0.9730890989303589,0.9653813242912292,0.9540306329727173,0.9486689567565918,0.984441876411438,0.9959290027618408,1.0,0.9955775737762451,0.9824271202087402,0.9675946235656738,0.9549510478973389,0.9358538389205933,0.9154520034790039,0.8937426209449768,0.9139081239700317,0.9396699070930481,0.9517348408699036,0.9614966511726379,0.9679502248764038,0.9690929055213928,0.9637334942817688,0.9491133689880371,0.9451348781585693,0.9644726514816284,0.9614092707633972,0.957832396030426,0.9517475962638855,0.9366170167922974,0.9117918014526367,0.8600391745567322,0.8228968977928162,0.8611017465591431,0.9044029712677002,0.9250951409339905,0.9364594221115112,0.9440721273422241,0.9486704468727112,0.9496296644210815,0.9367709755897522,0.9329440593719482,0.9549366235733032,0.9573197364807129,0.9548479318618774,0.9497796297073364,0.9412822723388672,0.9240807890892029,0.9009270668029785,0.8936024904251099,0.9099635481834412,0.9256446957588196,0.9390023946762085,0.9395506381988525,0.9585563540458679,0.975077748298645,0.9799450635910034,0.9779348373413086,0.9698501825332642,0.9343159198760986,0.9407058358192444,0.9496869444847107,0.9635839462280273,0.9670364856719971,0.9570174217224121,0.9487785696983337,0.9195761680603027,0.8862228393554688
65,0.8542522192001343,0.883105456829071,0.9204111099243164,0.94460129737854,0.9593528509140015,0.9645535945892334,0.9620029926300049,0.9533323049545288,0.9423560500144958,0.9374802708625793,0.9752683043479919,0.9890424013137817,0.9955775737762451,0.9999998807907104,0.989417552947998,0.978212833404541,0.9656277894973755,0.9489664435386658,0.9297990798950195,0.9108724594116211,0.929452657699585,0.950706958770752,0.960793137550354,0.9681670665740967,0.9725774526596069,0.9702844619750977,0.9591329097747803,0.9441665410995483,0.9395343065261841,0.9617709517478943,0.9590570330619812,0.9560585021972656,0.9530993700027466,0.937588095664978,0.9091469049453735,0.856902003288269,0.8202921152114868,0.859159529209137,0.9025652408599854,0.9261971712112427,0.9382040500640869,0.943787693977356,0.9465208649635315,0.9461244940757751,0.9307464361190796,0.9271491169929504,0.9532784223556519,0.9598747491836548,0.9571756720542908,0.954995334148407,0.9489883780479431,0.9361317157745361,0.9148825407028198,0.9084322452545166,0.9240076541900635,0.9394059777259827,0.9503452777862549,0.9520320892333984,0.9641583561897278,0.9755823612213135,0.9770817160606384,0.9718388319015503,0.9608540534973145,0.9232712984085083,0.9296424388885498,0.9396839141845703,0.9531694054603577,0.957817554473877,0.9495659470558167,0.9444472789764404,0.91402268409729,0.879703164100647
70,0.8667922019958496,0.8931660056114197,0.9240964651107788,0.9443999528884888,0.9483305215835571,0.9512696266174316,0.9496314525604248,0.9428969621658325,0.930587649345398,0.9190036654472351,0.9638767242431641,0.9727915525436401,0.9824271202087402,0.989417552947998,1.0000001192092896,0.9930000305175781,0.9798922538757324,0.9692901372909546,0.9480656981468201,0.9280648231506348,0.9425555467605591,0.9562068581581116,0.9581686854362488,0.9644703269004822,0.9663518071174622,0.9594957828521729,0.9492855668067932,0.9316239356994629,0.9223438501358032,0.9482646584510803,0.9437155723571777,0.9409404993057251,0.9406615495681763,0.9293169379234314,0.9101210832595825,0.8617912530899048,0.8227880001068115,0.8618165254592896,0.9032952189445496,0.9220410585403442,0.9307902455329895,0.9317353963851929,0.9345412850379944,0.9397674202919006,0.9158272743225098,0.9210864305496216,0.9413230419158936,0.9523637294769287,0.9505585432052612,0.9483312368392944,0.9497731924057007,0.9458833932876587,0.9279471039772034,0.925796627998352,0.9434304237365723,0.9585824012756348,0.9669885039329529,0.9717360138893127,0.9785153865814209,0.9777738451957703,0.9705266356468201,0.9611126780509949,0.9505841135978699,0.9094575643539429,0.9261032342910767,0.9346660375595093,0.9441355466842651,0.9466791749000549,0.9422656297683716,0.9402205944061279,0.9195965528488159,0.8894803524017334
75,0.8672138452529907,0.8929908871650696,0.9212003350257874,0.9362190365791321,0.9371322393417358,0.9375826120376587,0.9333707094192505,0.9260232448577881,0.915252685546875,0.9035840034484863,0.9476717114448547,0.9586858749389648,0.9675946235656738,0.978212833404541,0.9930000305175781,1.000000238418579,0.9887567162513733,0.9820150136947632,0.9668407440185547,0.9485350847244263,0.9579379558563232,0.9628424644470215,0.9598584771156311,0.9657644033432007,0.9649487733840942,0.9543931484222412,0.9414032697677612,0.924221396446228,0.9131078720092773,0.9405410885810852,0.9363435506820679,0.9347383975982666,0.9369789361953735,0.9284769296646118,0.9105109572410583,0.8664035797119141,0.8303506374359131,0.8686062097549438,0.9051823019981384,0.9224796295166016,0.9307661652565002,0.9281947016716003,0.9294056296348572,0.9359813332557678,0.9094723463058472,0.9157583117485046,0.9358361959457397,0.9508553147315979,0.9492707252502441,0.9496440887451172,0.9529281854629517,0.9552769660949707,0.944471001625061,0.9448768496513367,0.9609150290489197,0.9727780818939209,0.9782674312591553,0.9818106293678284,0.9772708415985107,0.9699399471282959,0.9608985781669617,0.9499470591545105,0.9377400875091553,0.8962634801864624,0.912516713142395,0.9203934669494629,0.928367018699646,0.9334515333175659,0.9319779276847839,0.933188796043396,0.9165675640106201,0.890069305896759
80,0.8622117042541504,0.891125500202179,0.9150487184524536,0.9281743168830872,0.9265809655189514,0.9234690070152283,0.9218449592590332,0.9152837991714478,0.9096793532371521,0.894025444984436,0.9378283023834229,0.9477640390396118,0.9549510478973389,0.9656277894973755,0.9798922538757324,0.9887567162513733,1.0,0.9863874316215515,0.9734185934066772,0.9565040469169617,0.955031156539917,0.954753041267395,0.9478262662887573,0.9559240937232971,0.9536505341529846,0.9424522519111633,0.9290490746498108,0.9156326055526733,0.9024423360824585,0.92507004737854,0.919610857963562,0.9205660820007324,0.9227237701416016,0.9133323431015015,0.8983235359191895,0.8589560985565186,0.8255714178085327,0.8601361513137817,0.8947052359580994,0.9070094227790833,0.9156614542007446,0.9132161140441895,0.9114366769790649,0.9210107326507568,0.8977382183074951,0.9055084586143494,0.9231575727462769,0.935767412185669,0.9352131485939026,0.9369417428970337,0.9411585330963135,0.9459367990493774,0.940741240978241,0.9508361220359802,0.9670942425727844,0.9758129715919495,0.9835662245750427,0.9714454412460327,0.9625407457351685,0.9543219804763794,0.9474936723709106,0.9388375282287598,0.9278935790061951,0.8857427835464478,0.9046549797058105,0.908219575881958,0.9161375761032104,0.9208142757415771,0.9208881855010986,0.9247856736183167,0.9099565744400024,0.8878146409988403
85,0.8588948249816895,0.8856052160263062,0.9065744280815125,0.9152519106864929,0.9122031927108765,0.9103178977966309,0.9099355340003967,0.9056218862533569,0.9019904732704163,0.8849117159843445,0.9199067950248718,0.9290232062339783,0.9358538389205933,0.9489664435386658,0.9692901372909546,0.9820150136947632,0.9863874316215515,1.0,0.9850578308105469,0.960329532623291,0.9484598636627197,0.9469553232192993,0.9375710487365723,0.945401132106781,0.9398362040519714,0.9265128374099731,0.9160411357879639,0.90424644947052,0.8888904452323914,0.9124692678451538,0.911984920501709,0.912965714931488,0.916827380657196,0.9121108055114746,0.9015661478042603,0.8622259497642517,0.8282954692840576,0.86322021484375,0.8976953029632568,0.9077189564704895,0.9130763411521912,0.908744215965271,0.9055136442184448,0.9131449460983276,0.8874174356460571,0.9006943702697754,0.9104610681533813,0.9235997796058655,0.9221062660217285,0.9245180487632751,0.9298862814903259,0.9394707679748535,0.9358985424041748,0.9526054859161377,0.9783371686935425,0.9871268272399902,0.9802865386009216,0.96956467628479,0.9543992877006531,0.9434365630149841,0.9346476793289185,0.9246498942375183,0.9150629043579102,0.8815667629241943,0.9035799503326416,0.9052594900131226,0.9073545932769775,0.9097118377685547,0.9103397130966187,0.9143432378768921,0.902119517326355,0.8825541734695435
90,0.8388836979866028,0.862044095993042,0.879817008972168,0.886754035949707,0.8886573910713196,0.8866180777549744,0.8828912973403931,0.8780174255371094,0.8792121410369873,0.865713357925415,0.8987568616867065,0.9106387495994568,0.9154520034790039,0.9297990798950195,0.9480656981468201,0.9668407440185547,0.9734185934066772,0.9850578308105469,1.0,0.9777600765228271,0.9636656045913696,0.9549736976623535,0.941473662853241,0.9419123530387878,0.935579776763916,0.9233582019805908,0.9112887978553772,0.8975527882575989,0.8866264820098877,0.9028595089912415,0.896403431892395,0.8932183980941772,0.8973448276519775,0.8920645713806152,0.8800501823425293,0.8458437919616699,0.8146451711654663,0.8497589230537415,0.8747776746749878,0.8846946954727173,0.8920910358428955,0.8869447708129883,0.8875781297683716,0.9002404808998108,0.8809127807617188,0.8885107040405273,0.906501054763794,0.9199092388153076,0.9210994243621826,0.9241763353347778,0.932163417339325,0.9465802311897278,0.9518694877624512,0.967223584651947,0.9843509197235107,0.9757565855979919,0.9636772871017456,0.9498921632766724,0.9346939921379089,0.9210565090179443,0.9120323657989502,0.903573215007782,0.8923895359039307,0.8590953350067139,0.8765745162963867,0.8756952881813049,0.8792670369148254,0.8859996199607849,0.8867727518081665,0.8890625238418579,0.8765156269073486,0.858657717704773
95,0.8094385266304016,0.8316946625709534,0.8564096689224243,0.8708763122558594,0.8695675134658813,0.8659601211547852,0.8612120151519775,0.8525058627128601,0.8521032333374023,0.8366684913635254,0.8815302848815918,0.8910762667655945,0.8937426209449768,0.9108724594116211,0.9280648231506348,0.9485350847244263,0.9565040469169617,0.960329532623291,0.9777600765228271,1.0,0.9782314300537109,0.9641215801239014,0.9445507526397705,0.9392287731170654,0.9307864308357239,0.9150481224060059,0.8973424434661865,0.8748358488082886,0.8621161580085754,0.8834624886512756,0.8749047517776489,0.8724185228347778,0.8785579204559326,0.8715571761131287,0.8547174334526062,0.8240827322006226,0.7907586097717285,0.8243855834007263,0.8477887511253357,0.8637926578521729,0.8738231658935547,0.8688520789146423,0.8665648102760315,0.8822505474090576,0.8577331304550171,0.8663643598556519,0.8948266506195068,0.9139627814292908,0.9171617031097412,0.9244683384895325,0.9367892742156982,0.9576669335365295,0.971059262752533,0.9880979061126709,0.9696624279022217,0.9552339911460876,0.9489885568618774,0.9367507696151733,0.9198577404022217,0.9028002023696899,0.8980354070663452,0.8893986940383911,0.8772944808006287,0.8315795063972473,0.8525333404541016,0.8520604968070984,0.8579291105270386,0.8645804524421692,0.8703261017799377,0.8725960850715637,0.8545750975608826,0.8322800397872925
100,0.8132656812667847,0.8306052088737488,0.86116623878479,0.8802998661994934,0.8817188143730164,0.8819590210914612,0.8727926015853882,0.860028862953186,0.8549337387084961,0.8445741534233093,0.8975284099578857,0.9100014567375183,0.9139081239700317,0.929452657699585,0.9425555467605591,0.9579379558563232,0.955031156539917,0.9484598636627197,0.9636656045913696,0.9782314300537109,1.0000001192092896,0.9882005453109741,0.9727799892425537,0.9613281488418579,0.9557246565818787,0.941554844379425,0.9189010262489319,0.8952521085739136,0.8848692774772644,0.9091956615447998,0.8938800096511841,0.8861393332481384,0.8900123834609985,0.8833798170089722,0.8658803701400757,0.8306915163993835,0.7891173958778381,0.8334885835647583,0.8572091460227966,0.8758519887924194,0.8842887282371521,0.8809558749198914,0.8859205842018127,0.902863085269928,0.8753545880317688,0.8821010589599609,0.9186669588088989,0.9394092559814453,0.9471839666366577,0.9514055848121643,0.9660581350326538,0.980512261390686,0.9862399697303772,0.9731336236000061,0.9585177898406982,0.9458257555961609,0.9434430003166199,0.9427719116210938,0.9359805583953857,0.9220805764198303,0.9118114709854126,0.9034777283668518,0.8870523571968079,0.8368148803710938,0.8511021733283997,0.8561872839927673,0.8697094917297363,0.8811808824539185,0.8814672827720642,0.8806189894676208,0.8607571125030518,0.831366777420044
105,0.8213984370231628,0.8381212949752808,0.8700069189071655,0.8923857808113098,0.906099796295166,0.9102821350097656,0.9031627178192139,0.8911074995994568,0.8877692818641663,0.8791408538818359,0.9215688705444336,0.9357121586799622,0.9396699070930481,0.950706958770752,0.9562068581581116,0.9628424644470215,0.954753041267395,0.9469553232192993,0.9549736976623535,0.9641215801239014,0.9882005453109741,1.0000001192092896,0.9935926198959351,0.9835385084152222,0.9799366593360901,0.9693351984024048,0.9490693807601929,0.9262359142303467,0.9165074825286865,0.9338758587837219,0.9206629991531372,0.9101094603538513,0.9117617607116699,0.9027737379074097,0.8818032741546631,0.844234824180603,0.8033578395843506,0.8465065956115723,0.8747029304504395,0.8958064913749695,0.9036170840263367,0.9047302007675171,0.9108290672302246,0.9250669479370117,0.9070304036140442,0.911800742149353,0.945408284664154,0.9629501104354858,0.9706135988235474,0.9732065200805664,0.9818211793899536,0.9849328398704529,0.9754543900489807,0.9604763984680176,0.9480963945388794,0.9429168701171875,0.9424741268157959,0.940760612487793,0.9453046917915344,0.9404311180114746,0.933652400970459,0.9261945486068726,0.9121029376983643,0.8704140782356262,0.8811522126197815,0.8843927979469299,0.8972085118293762,0.9066981077194214,0.9016627669334412,0.893907904624939,0.8662936091423035,0.8377324938774109
110,0.8202527165412903,0.8357770442962646,0.8676602840423584,0.8924002051353455,0.9120041131973267,0.91853928565979,0.911364734172821,0.8996841907501221,0.897626519203186,0.8926674127578735,0.9285938739776611,0.9466719627380371,0.9517348408699036,0.960793137550354,0.9581686854362488,0.9598584771156311,0.9478262662887573,0.9375710487365723,0.941473662853241,0.9445507526397705,0.9727799892425537,0.9935926198959351,1.0,0.993104100227356,0.9900445938110352,0.981396496295929,0.9621676206588745,0.941318690776825,0.9326984286308289,0.948275625705719,0.9362218379974365,0.924916684627533,0.9254570007324219,0.914373517036438,0.8886324763298035,0.8474044799804688,0.8090605139732361,0.8525269031524658,0.882911205291748,0.9065850973129272,0.9151690602302551,0.9188824892044067,0.9265108108520508,0.9363163709640503,0.9231010675430298,0.9246541857719421,0.9590089321136475,0.9737326502799988,0.9810144901275635,0.9832320213317871,0.9850775003433228,0.9786807894706726,0.9599675536155701,0.9432684183120728,0.9339726567268372,0.9345334768295288,0.9362733364105225,0.9353731870651245,0.9439135789871216,0.9461098313331604,0.9407336711883545,0.9330928325653076,0.9196486473083496,0.8821142911911011,0.8874268531799316,0.8901839256286621,0.9056670069694519,0.9148808717727661,0.9059574007987976,0.8966841697692871,0.8632211685180664,0.8342001438140869
115,0.8335950374603271,0.8519324660301208,0.8820269107818604,0.9025325775146484,0.9223695993423462,0.9297651648521423,0.9255803227424622,0.9169110655784607,0.9172351360321045,0.9118880033493042,0.938957691192627,0.9565677642822266,0.9614966511726379,0.9681670665740967,0.9644703269004822,0.9657644033432007,0.9559240937232971,0.945401132106781,0.9419123530387878,0.9392287731170654,0.9613281488418579,0.9835385084152222,0.993104100227356,1.000000238418579,0.9955141544342041,0.9868041276931763,0.9725223779678345,0.9545002579689026,0.9448993802070618,0.9588814973831177,0.9510655999183655,0.9434743523597717,0.9401565194129944,0.9273262023925781,0.9024127721786499,0.8599209785461426,0.8251922726631165,0.8662420511245728,0.8990779519081116,0.9199656248092651,0.9304120540618896,0.9361017346382141,0.9417223334312439,0.9491251111030579,0.938892126083374,0.9408876895904541,0.966031551361084,0.9784458875656128,0.9816694259643555,0.984502375125885,0.9802929759025574,0.9698763489723206,0.9470686912536621,0.9370056986808777,0.9340419173240662,0.9405438899993896,0.9457191228866577,0.9438906908035278,0.9485299587249756,0.9542772173881531,0.9521775245666504,0.9440574049949646,0.9336509108543396,0.9021116495132446,0.9059146046638489,0.9073234796524048,0.9190120100975037,0.9247710704803467,0.9139729738235474,0.906569242477417,0.875586986541748,0.8489978909492493
120,0.842065155506134,0.863086462020874,0.8957982063293457,0.9152590036392212,0.9351838231086731,0.9414693713188171,0.9369083046913147,0.9265167713165283,0.9261307120323181,0.9218496084213257,0.9489392638206482,0.9644666910171509,0.9679502248764038,0.9725774526596069,0.9663518071174622,0.9649487733840942,0.9536505341529846,0.9398362040519714,0.935579776763916,0.9307864308357239,0.9557246565818787,0.9799366593360901,0.9900445938110352,0.9955141544342041,1.0000001192092896,0.9945856332778931,0.9807397127151489,0.9655076265335083,0.9556773900985718,0.9706825017929077,0.9615244269371033,0.9522920846939087,0.947979211807251,0.9344027042388916,0.9059599041938782,0.8616515398025513,0.8235435485839844,0.8670985698699951,0.901631236076355,0.9256916642189026,0.9369717836380005,0.9437193870544434,0.9497118592262268,0.959212601184845,0.9476921558380127,0.9499360918998718,0.9733430743217468,0.9835807085037231,0.9837175607681274,0.9814234375953674,0.9760909080505371,0.9639678001403809,0.9421815276145935,0.9294725656509399,0.9292758703231812,0.9368807077407837,0.9430052638053894,0.9413412809371948,0.9526381492614746,0.9590131044387817,0.9562263488769531,0.9517247676849365,0.94197678565979,0.9109639525413513,0.9142261147499084,0.9167954921722412,0.9295250177383423,0.9359856843948364,0.92643141746521,0.9194564819335938,0.8881880044937134,0.8594262003898621
125,0.83796626329422,0.8597934246063232,0.8934349417686462,0.9135453701019287,0.9381791353225708,0.9473135471343994,0.9441770315170288,0.9370085000991821,0.9373674392700195,0.9382150173187256,0.9569929242134094,0.9678792953491211,0.9690929055213928,0.9702844619750977,0.9594957828521729,0.9543931484222412,0.9424522519111633,0.9265128374099731,0.9233582019805908,0.9150481224060059,0.941554844379425,0.9693351984024048,0.981396496295929,0.9868041276931763,0.9945856332778931,1.0,0.9907668828964233,0.9778046011924744,0.9726256132125854,0.9799998998641968,0.9687902927398682,0.9557570815086365,0.9495968222618103,0.9351618885993958,0.9047664999961853,0.8582740426063538,0.8191174864768982,0.8625243306159973,0.8998609185218811,0.9257466793060303,0.935214102268219,0.9450564980506897,0.9547579884529114,0.9642220735549927,0.9598253965377808,0.9593400955200195,0.9810665249824524,0.9839377403259277,0.9801214933395386,0.9749253988265991,0.9675345420837402,0.9515027403831482,0.9290322065353394,0.9136966466903687,0.9159022569656372,0.9226937294006348,0.9299584031105042,0.9282957315444946,0.9431374669075012,0.9542263150215149,0.9534814953804016,0.9528610706329346,0.9476773738861084,0.9233905673027039,0.9217241406440735,0.9242991209030151,0.9356255531311035,0.9399052858352661,0.9271623492240906,0.9183986186981201,0.8853607177734375,0.8555380702018738
130,0.8512599468231201,0.8726801872253418,0.899318516254425,0.9149298667907715,0.9416756629943848,0.9538173675537109,0.9531586170196533,0.9521495699882507,0.9578328132629395,0.9578019380569458,0.9624770879745483,0.9661848545074463,0.9637334942817688,0.9591329097747803,0.9492855668067932,0.9414032697677612,0.9290490746498108,0.9160411357879639,0.9112887978553772,0.8973424434661865,0.9189010262489319,0.9490693807601929,0.9621676206588745,0.9725223779678345,0.9807397127151489,0.9907668828964233,1.0,0.990300178527832,0.9863488674163818,0.9831334352493286,0.9699062705039978,0.9572446346282959,0.9468242526054382,0.933136522769928,0.9090999364852905,0.8628932237625122,0.8270199298858643,0.8653973340988159,0.9031301736831665,0.9233996868133545,0.9331367015838623,0.9443694353103638,0.9564634561538696,0.9703464508056641,0.9743708968162537,0.9757969975471497,0.9832350015640259,0.9730783700942993,0.9673225283622742,0.959181547164917,0.9503296613693237,0.932854950428009,0.9087727069854736,0.8968889713287354,0.9025784730911255,0.908724844455719,0.9175132513046265,0.9156444668769836,0.9349651336669922,0.9482343792915344,0.9489142894744873,0.9516240358352661,0.9557774066925049,0.9449001550674438,0.9429247379302979,0.9404600858688354,0.9449194669723511,0.945952296257019,0.9302888512611389,0.919440507888794,0.8910967111587524,0.8669472932815552
135,0.8500508069992065,0.8725498914718628,0.8940916061401367,0.9067986607551575,0.9341775178909302,0.946424663066864,0.948102593421936,0.9482194185256958,0.9633233547210693,0.9609040021896362,0.949661910533905,0.9532002210617065,0.9491133689880371,0.9441665410995483,0.9316239356994629,0.924221396446228,0.9156326055526733,0.90424644947052,0.8975527882575989,0.8748358488082886,0.8952521085739136,0.9262359142303467,0.941318690776825,0.9545002579689026,0.9655076265335083,0.9778046011924744,0.990300178527832,1.000000238418579,0.9916896820068359,0.981417179107666,0.9701210260391235,0.9568939208984375,0.9447880983352661,0.9313841462135315,0.9062565565109253,0.8626827001571655,0.8308954834938049,0.8663334846496582,0.9008018374443054,0.9192848801612854,0.9297820329666138,0.9417297840118408,0.9549183249473572,0.9677373170852661,0.976249635219574,0.9819461107254028,0.972303032875061,0.9583045840263367,0.949914813041687,0.9393814206123352,0.9273985624313354,0.908496618270874,0.882962167263031,0.8730040788650513,0.886798620223999,0.8943895101547241,0.9020974636077881,0.8975445032119751,0.9163110256195068,0.9306501150131226,0.931016206741333,0.9357033371925354,0.9430394768714905,0.9479725956916809,0.9440181255340576,0.9365657567977905,0.9382699131965637,0.9384967684745789,0.9199517369270325,0.9119679927825928,0.8837320804595947,0.864474356174469
140,0.8348417282104492,0.8616749048233032,0.8855289220809937,0.9007788300514221,0.9320351481437683,0.9447876811027527,0.944959282875061,0.9484080076217651,0.9569493532180786,0.9620781540870667,0.9474849700927734,0.950466513633728,0.9451348781585693,0.9395343065261841,0.9223438501358032,0.9131078720092773,0.9024423360824585,0.8888904452323914,0.8866264820098877,0.8621161580085754,0.8848692774772644,0.9165074825286865,0.9326984286308289,0.9448993802070618,0.9556773900985718,0.9726256132125854,0.9863488674163818,0.9916896820068359,1.000000238418579,0.9838897585868835,0.97342848777771,0.9589413404464722,0.9449445009231567,0.9292333126068115,0.9041035175323486,0.8573256731033325,0.8237756490707397,0.8615065813064575,0.8989566564559937,0.918436586856842,0.9286483526229858,0.9432710409164429,0.9582613110542297,0.9660575985908508,0.9826818704605103,0.9748454689979553,0.9734205603599548,0.9547175168991089,0.9455803632736206,0.9345877766609192,0.9223232269287109,0.900219202041626,0.8749476671218872,0.8600081205368042,0.8750051259994507,0.8801361322402954,0.888157844543457,0.8876979351043701,0.9042649865150452,0.9234617948532104,0.9290404915809631,0.9354655742645264,0.9425284266471863,0.9477039575576782,0.9368447661399841,0.9346310496330261,0.9368469715118408,0.9373043775558472,0.9179914593696594,0.9083296060562134,0.8771279454231262,0.8537311553955078
