,0,5,10,15,20,25,30,35,40,45,50,55,60,65,70,75,80,85,90,95,100,105,110,115,120,125,130,135,140,145,150,155,160,165,170,175,180,185,190,195,200,205,210,215,220,225,230,235,240,245,250,255,260,265,270,275,280,285,290,295,300,305,310,315,320,325,330,335,340,345,350,355
0,0.9999998211860657,0.9763168692588806,0.9771831035614014,0.9778052568435669,0.9665027856826782,0.9642693400382996,0.9297272562980652,0.9166002869606018,0.9261652231216431,0.9082803726196289,0.8985236287117004,0.9242973327636719,0.898698627948761,0.8889297842979431,0.8666713833808899,0.9124957919120789,0.9471686482429504,0.9415830373764038,0.9444453716278076,0.9409860968589783,0.9303727149963379,0.9260390996932983,0.9289553165435791,0.9344521760940552,0.9393136501312256,0.9232782125473022,0.9162246584892273,0.9364191293716431,0.9353563189506531,0.935768187046051,0.9304951429367065,0.9061022400856018,0.920985758304596,0.9475699067115784,0.9557787179946899,0.9619700908660889,0.9660277962684631,0.9653648734092712,0.9579542875289917,0.9585794806480408,0.958524227142334,0.9592833518981934,0.9456473588943481,0.945715606212616,0.9215782284736633,0.9179701209068298,0.9058096408843994,0.8956881761550903,0.8740918040275574,0.8923027515411377,0.9020899534225464,0.9083461165428162,0.9292924404144287,0.9363529086112976,0.9457032084465027,0.9419864416122437,0.9225861430168152,0.9415441751480103,0.9320724606513977,0.9409761428833008,0.9405051469802856,0.9356380701065063,0.9270206689834595,0.9249251484870911,0.9287979602813721,0.9184670448303223,0.9041855335235596,0.8871443867683411,0.9180406332015991,0.9548177123069763,0.9768902063369751,0.9689109325408936
5,0.9763168692588806,0.9999999403953552,0.9708647727966309,0.9700128436088562,0.9743404388427734,0.9652905464172363,0.9537254571914673,0.9437898397445679,0.9394240975379944,0.9340685606002808,0.9282097220420837,0.9348680973052979,0.923823893070221,0.9294620156288147,0.8955185413360596,0.9247953295707703,0.9532263875007629,0.950203537940979,0.9484930634498596,0.9595778584480286,0.9492156505584717,0.931296169757843,0.9415943622589111,0.9378827810287476,0.9544579982757568,0.9408565163612366,0.9204235672950745,0.9389135837554932,0.9333216547966003,0.9329747557640076,0.9273073077201843,0.9148680567741394,0.9371909499168396,0.9407422542572021,0.9386246204376221,0.9399234652519226,0.9482832551002502,0.9606044888496399,0.9466379880905151,0.9562457799911499,0.9510388374328613,0.9426604509353638,0.9388905763626099,0.9546464085578918,0.9282349944114685,0.9300089478492737,0.9177968502044678,0.9109881520271301,0.903111457824707,0.9169363379478455,0.927253246307373,0.9261225461959839,0.9313100576400757,0.9308055639266968,0.9338029026985168,0.9357566237449646,0.9321665167808533,0.9453775882720947,0.93166184425354,0.9396840333938599,0.9411057829856873,0.9415886402130127,0.9373995065689087,0.9332067966461182,0.9315962195396423,0.9268672466278076,0.9246779084205627,0.9110428690910339,0.9379540085792542,0.9548803567886353,0.9665735363960266,0.9569153189659119
10,0.9771831035614014,0.9708647727966309,1.0000001192092896,0.9772437214851379,0.9759765863418579,0.9819731712341309,0.9507061243057251,0.9374259114265442,0.9491537809371948,0.9362309575080872,0.9170143604278564,0.9391233325004578,0.917750358581543,0.8981650471687317,0.8760180473327637,0.9286324977874756,0.9562604427337646,0.9520208835601807,0.954365611076355,0.9557257890701294,0.9548604488372803,0.9458205103874207,0.9474319815635681,0.9551120400428772,0.955720067024231,0.943699061870575,0.9417596459388733,0.9572141766548157,0.9478371739387512,0.9433258175849915,0.9387162923812866,0.9113689661026001,0.9321092367172241,0.9574037790298462,0.963482677936554,0.9685662984848022,0.9729171991348267,0.9720077514648438,0.9638758301734924,0.9621177911758423,0.962785005569458,0.9703093767166138,0.964187502861023,0.9579494595527649,0.9485142230987549,0.9457940459251404,0.9329296350479126,0.9199510216712952,0.899161159992218,0.9143812656402588,0.9174608588218689,0.9298120737075806,0.9421374797821045,0.9518523216247559,0.9600597620010376,0.9563360810279846,0.937355101108551,0.9590209722518921,0.9518237113952637,0.9581393599510193,0.9590823650360107,0.9511511325836182,0.9501811265945435,0.950148344039917,0.9501246213912964,0.9341321587562561,0.9149994254112244,0.8958538174629211,0.9261566400527954,0.962897539138794,0.9800390601158142,0.9717371463775635
15,0.9778052568435669,0.9700128436088562,0.9772437214851379,0.9999998807907104,0.9753930568695068,0.97319495677948,0.9370658993721008,0.9211140275001526,0.9361709356307983,0.9199888706207275,0.908549427986145,0.9307113885879517,0.8975299596786499,0.8912997245788574,0.8576750159263611,0.9099703431129456,0.9430176019668579,0.9360049366950989,0.9386990070343018,0.9366815686225891,0.9281228184700012,0.9245370626449585,0.924074649810791,0.9257132411003113,0.9327108263969421,0.9146217703819275,0.9114557504653931,0.9280403852462769,0.9273136854171753,0.9253432154655457,0.9143680334091187,0.8895550966262817,0.9049810767173767,0.9418853521347046,0.9532676935195923,0.9548062682151794,0.9569567441940308,0.9665096998214722,0.9591107368469238,0.9676061868667603,0.9609154462814331,0.9620645046234131,0.9529019594192505,0.9462512731552124,0.9289774894714355,0.929142951965332,0.9113034009933472,0.9015259146690369,0.8760287165641785,0.8924420475959778,0.8944476246833801,0.9033499360084534,0.9203341603279114,0.9256525039672852,0.9363968372344971,0.9346627593040466,0.9119211435317993,0.9374761581420898,0.920117974281311,0.9283296465873718,0.9321945905685425,0.9243879318237305,0.9194484949111938,0.9163026809692383,0.9176862835884094,0.9094114303588867,0.883381187915802,0.8648673295974731,0.9007627964019775,0.9390956163406372,0.961747407913208,0.9563716650009155
20,0.9665027856826782,0.9743404388427734,0.9759765863418579,0.9753930568695068,1.0,0.985634982585907,0.9722498655319214,0.9569650292396545,0.9611812829971313,0.9543743133544922,0.9421101212501526,0.9486058354377747,0.9308615922927856,0.9247400164604187,0.8987979292869568,0.9458097815513611,0.9643144607543945,0.9572710990905762,0.9537473917007446,0.9588395357131958,0.9579745531082153,0.9467599987983704,0.9576276540756226,0.9564768075942993,0.9604603052139282,0.9437283873558044,0.9340764284133911,0.945647120475769,0.9351798892021179,0.9312210083007812,0.9271298050880432,0.9085222482681274,0.930284857749939,0.9519427418708801,0.9509013891220093,0.9569988250732422,0.9596976637840271,0.9687776565551758,0.952934980392456,0.9617740511894226,0.9681884050369263,0.965440034866333,0.9658905863761902,0.969598650932312,0.9566599726676941,0.9525328278541565,0.9443895816802979,0.9311375617980957,0.9096751809120178,0.9239184260368347,0.927719235420227,0.9435091018676758,0.9468680620193481,0.9509148597717285,0.951000452041626,0.9522708058357239,0.9422032833099365,0.9576978087425232,0.9496461749076843,0.9550088047981262,0.952721118927002,0.9428015947341919,0.9399698972702026,0.9384608268737793,0.9404907822608948,0.9348093867301941,0.9131495952606201,0.8981954455375671,0.9253143072128296,0.9540696144104004,0.9673981666564941,0.971764087677002
25,0.9642693400382996,0.9652905464172363,0.9819731712341309,0.97319495677948,0.985634982585907,1.0000001192092896,0.9707812070846558,0.952292263507843,0.9655539989471436,0.9557268619537354,0.9342702627182007,0.9542722105979919,0.9309895038604736,0.9147149920463562,0.8906283378601074,0.9426448941230774,0.9620500802993774,0.9598963260650635,0.9563885927200317,0.9566089510917664,0.957848072052002,0.9575214982032776,0.958712100982666,0.9631659388542175,0.9584346413612366,0.9494388103485107,0.9498695135116577,0.9584211707115173,0.947527289390564,0.9433997869491577,0.9379778504371643,0.9138846397399902,0.9374001622200012,0.9621720910072327,0.9631122946739197,0.9667893052101135,0.9676836729049683,0.9689303040504456,0.9553910493850708,0.9644559025764465,0.9667289853096008,0.9701815843582153,0.9649391174316406,0.9642991423606873,0.9547288417816162,0.9521608352661133,0.9436178803443909,0.9328091144561768,0.9090001583099365,0.9239928126335144,0.9245125651359558,0.9394098520278931,0.9481009840965271,0.9538871049880981,0.9609032273292542,0.9608285427093506,0.9405550956726074,0.9643785953521729,0.9606856107711792,0.9640414714813232,0.9661698937416077,0.9530105590820312,0.954542875289917,0.9551747441291809,0.9548099040985107,0.9402278661727905,0.9195287227630615,0.896013617515564,0.9269699454307556,0.9596172571182251,0.9750054478645325,0.9724128246307373
30,0.9297272562980652,0.9537254571914673,0.9507061243057251,0.9370658993721008,0.9722498655319214,0.9707812070846558,1.0,0.9785224199295044,0.9746510982513428,0.9654037356376648,0.9686298370361328,0.9603281617164612,0.9617232084274292,0.9527873992919922,0.9374000430107117,0.9656848311424255,0.9672266244888306,0.9628995060920715,0.952924907207489,0.9655179977416992,0.9682736992835999,0.9429657459259033,0.9577885866165161,0.955493152141571,0.9652022123336792,0.948876678943634,0.9287132024765015,0.9414545297622681,0.9285049438476562,0.9259836077690125,0.9274412393569946,0.9192728996276855,0.9443705081939697,0.9366738796234131,0.9175503849983215,0.9284592866897583,0.9281798601150513,0.9339799880981445,0.9161100387573242,0.9306054711341858,0.940679132938385,0.9388579726219177,0.9468629360198975,0.964729905128479,0.9480656385421753,0.9434435963630676,0.9518616199493408,0.9419485926628113,0.9362354278564453,0.9424823522567749,0.948028564453125,0.9642121195793152,0.9577441215515137,0.9526753425598145,0.9390914440155029,0.9402503967285156,0.9531620740890503,0.9560365676879883,0.9461601376533508,0.95670086145401,0.9505748748779297,0.9435694217681885,0.9457148313522339,0.945220947265625,0.9420915246009827,0.9465616941452026,0.9345885515213013,0.9276731610298157,0.9416133165359497,0.9469044208526611,0.942358136177063,0.949130654335022
35,0.9166002869606018,0.9437898397445679,0.9374259114265442,0.9211140275001526,0.9569650292396545,0.952292263507843,0.9785224199295044,1.0,0.9720590114593506,0.966090977191925,0.9688519239425659,0.9617046117782593,0.9697524309158325,0.9626471996307373,0.9431285858154297,0.9458104968070984,0.9495348334312439,0.9510025978088379,0.9440608024597168,0.955726683139801,0.9643757343292236,0.9291343092918396,0.9522213339805603,0.9436991214752197,0.9648619294166565,0.9586206674575806,0.931219756603241,0.9334349632263184,0.924508273601532,0.922508716583252,0.9308210611343384,0.9362747073173523,0.9503762722015381,0.919369101524353,0.9026252627372742,0.9205946326255798,0.9178977608680725,0.9210987091064453,0.9074702262878418,0.9185019731521606,0.9292580485343933,0.9271390438079834,0.9418662786483765,0.9691072702407837,0.9477776288986206,0.9451009631156921,0.95725017786026,0.9595683813095093,0.9581246972084045,0.9547498822212219,0.9585769176483154,0.9629310369491577,0.9543488621711731,0.9530379772186279,0.9259997010231018,0.9266576766967773,0.9464949369430542,0.9398653507232666,0.9392975568771362,0.9505870938301086,0.94791579246521,0.95399010181427,0.9516853094100952,0.9460142850875854,0.9405817985534668,0.9480350017547607,0.9463128447532654,0.9381246566772461,0.9526013135910034,0.9339517951011658,0.9289597272872925,0.9384772181510925
40,0.9261652231216431,0.9394240975379944,0.9491537809371948,0.9361709356307983,0.9611812829971313,0.9655539989471436,0.9746510982513428,0.9720590114593506,1.0000001192092896,0.9792097806930542,0.9574103355407715,0.976703405380249,0.9634678959846497,0.9486731290817261,0.9325002431869507,0.9447184801101685,0.9553308486938477,0.9580838680267334,0.9451771974563599,0.9473321437835693,0.9508165121078491,0.9403442144393921,0.9438171982765198,0.9430887699127197,0.9498484134674072,0.9422256350517273,0.9423158764839172,0.937750518321991,0.9332157373428345,0.9304970502853394,0.9216972589492798,0.9173580408096313,0.9354087114334106,0.925809919834137,0.9195877313613892,0.9274939298629761,0.9283075928688049,0.9302727580070496,0.910878598690033,0.9277313947677612,0.9361209273338318,0.9430534243583679,0.9440160393714905,0.9555609226226807,0.957456648349762,0.9496017694473267,0.9535337686538696,0.9529432654380798,0.9394745826721191,0.9436299800872803,0.940140962600708,0.9546080231666565,0.9515523314476013,0.9542186260223389,0.934029757976532,0.9324287176132202,0.9305007457733154,0.9442952871322632,0.9385453462600708,0.9491206407546997,0.947350025177002,0.9508971571922302,0.9549999237060547,0.9525794982910156,0.9469760060310364,0.9455184936523438,0.9253708124160767,0.9074675440788269,0.9325512051582336,0.9318602085113525,0.9348916411399841,0.9421613216400146
45,0.9082803726196289,0.9340685606002808,0.9362309575080872,0.9199888706207275,0.9543743133544922,0.9557268619537354,0.9654037356376648,0.966090977191925,0.9792097806930542,1.0,0.9612553119659424,0.9591070413589478,0.952183187007904,0.945210874080658,0.9249905347824097,0.9420450925827026,0.9444433450698853,0.9487266540527344,0.9381656050682068,0.9429036974906921,0.9480128884315491,0.9384188652038574,0.9479779005050659,0.9494286179542542,0.9518355131149292,0.9449637532234192,0.9431451559066772,0.9451736211776733,0.9259425401687622,0.9211875796318054,0.9136831760406494,0.9093683958053589,0.9317079186439514,0.9240224957466125,0.9087340831756592,0.9233904480934143,0.9271993637084961,0.9284458756446838,0.9101002812385559,0.9167582392692566,0.9272002577781677,0.933168351650238,0.94416743516922,0.9582533836364746,0.9613792896270752,0.9559856653213501,0.9599215984344482,0.9569346904754639,0.9422458410263062,0.9484802484512329,0.9433037042617798,0.9579651951789856,0.9467615485191345,0.9481461644172668,0.9344372749328613,0.9331844449043274,0.9363261461257935,0.9420225620269775,0.9455434083938599,0.949040949344635,0.9481332302093506,0.9420488476753235,0.9501558542251587,0.9500841498374939,0.942407488822937,0.9386076331138611,0.9221398234367371,0.9065767526626587,0.9213424324989319,0.9288734197616577,0.9322473406791687,0.9408085346221924
50,0.8985236287117004,0.9282097220420837,0.9170143604278564,0.908549427986145,0.9421101212501526,0.9342702627182007,0.9686298370361328,0.9688519239425659,0.9574103355407715,0.9612553119659424,1.000000238418579,0.9664389491081238,0.9648110866546631,0.962173342704773,0.9393821954727173,0.9537960290908813,0.9465668201446533,0.9447786808013916,0.9421222805976868,0.951203465461731,0.9498852491378784,0.9157111048698425,0.9366132616996765,0.9248769879341125,0.9444314241409302,0.9380511045455933,0.9152171611785889,0.9287002086639404,0.9213616847991943,0.915045976638794,0.9179639220237732,0.9167102575302124,0.9333451390266418,0.914794385433197,0.8858307003974915,0.9033350944519043,0.9001135230064392,0.9120230078697205,0.9024365544319153,0.9087551236152649,0.9171899557113647,0.9142867922782898,0.9235018491744995,0.9571592211723328,0.943663477897644,0.9461079835891724,0.958450436592102,0.9569312930107117,0.9510267376899719,0.9593499302864075,0.9603793025016785,0.9555125832557678,0.9335476160049438,0.9362824559211731,0.9171017408370972,0.9197598695755005,0.9443161487579346,0.9332274198532104,0.9242525100708008,0.9325510263442993,0.9292477369308472,0.9288561940193176,0.9289741516113281,0.9292495250701904,0.926393985748291,0.942821204662323,0.9296119213104248,0.9272047281265259,0.9283002614974976,0.9237746596336365,0.9091616868972778,0.9209976196289062
55,0.9242973327636719,0.9348680973052979,0.9391233325004578,0.9307113885879517,0.9486058354377747,0.9542722105979919,0.9603281617164612,0.9617046117782593,0.976703405380249,0.9591070413589478,0.9664389491081238,1.000000238418579,0.975274384021759,0.9557532072067261,0.9312922954559326,0.9501063823699951,0.9616667032241821,0.9641590118408203,0.9571697115898132,0.9562563896179199,0.9522819519042969,0.9444503784179688,0.944242537021637,0.9353961944580078,0.9470949172973633,0.9476022720336914,0.9438979625701904,0.9430562853813171,0.9519184231758118,0.9462169408798218,0.9415380358695984,0.9344968795776367,0.9476765990257263,0.9389240741729736,0.9314079284667969,0.9332849383354187,0.9276300668716431,0.9336905479431152,0.9204505085945129,0.936012327671051,0.9389310479164124,0.9371455311775208,0.9324901103973389,0.9527323842048645,0.9468061923980713,0.9476796984672546,0.9509208798408508,0.960674524307251,0.9436958432197571,0.9543911814689636,0.9497593641281128,0.9501583576202393,0.9501504302024841,0.9533153772354126,0.9342898726463318,0.9389643669128418,0.9354147911071777,0.9427808523178101,0.9400014877319336,0.9498851299285889,0.9501054883003235,0.9563102722167969,0.9559256434440613,0.9538986682891846,0.9521650075912476,0.9545930027961731,0.9346106648445129,0.9150619506835938,0.939007580280304,0.9345567226409912,0.9359453916549683,0.9373466372489929
60,0.898698627948761,0.923823893070221,0.917750358581543,0.8975299596786499,0.9308615922927856,0.9309895038604736,0.9617232084274292,0.9697524309158325,0.9634678959846497,0.952183187007904,0.9648110866546631,0.975274384021759,1.000000238418579,0.9766725301742554,0.9618991017341614,0.9561070203781128,0.9552704691886902,0.9575909376144409,0.9407132267951965,0.9512782096862793,0.9537059664726257,0.9224496483802795,0.9319994449615479,0.9269241690635681,0.9529737234115601,0.9430149793624878,0.9230201840400696,0.9291617274284363,0.9303616285324097,0.9261078834533691,0.9397680759429932,0.9448977708816528,0.9566934108734131,0.9115374088287354,0.8897719383239746,0.9020145535469055,0.901485800743103,0.9006841778755188,0.8813264966011047,0.8956700563430786,0.9055219292640686,0.9037671685218811,0.9091717600822449,0.9418843984603882,0.9282689690589905,0.9253331422805786,0.946279764175415,0.9573339223861694,0.9666536450386047,0.9651139974594116,0.9686522483825684,0.9618375301361084,0.9529023766517639,0.9506686925888062,0.918093740940094,0.9172584414482117,0.9367092251777649,0.9281495213508606,0.9325578212738037,0.9425734877586365,0.9388962388038635,0.9461234211921692,0.9470900297164917,0.9415094256401062,0.9405714869499207,0.9550833702087402,0.9543414115905762,0.9499059319496155,0.9587705135345459,0.9293463230133057,0.9147478342056274,0.9139348268508911
65,0.8889297842979431,0.9294620156288147,0.8981650471687317,0.8912997245788574,0.9247400164604187,0.9147149920463562,0.9527873992919922,0.9626471996307373,0.9486731290817261,0.945210874080658,0.962173342704773,0.9557532072067261,0.9766725301742554,1.000000238418579,0.9719243049621582,0.9448742270469666,0.9412446618080139,0.9424212574958801,0.9233502745628357,0.9443979263305664,0.93590247631073,0.896125078201294,0.9142088890075684,0.9008516073226929,0.9357362389564514,0.9193152189254761,0.8939937353134155,0.9002143144607544,0.8988996744155884,0.8963966369628906,0.903749406337738,0.9195703268051147,0.9316299557685852,0.8856057524681091,0.8663465976715088,0.876491367816925,0.8802645206451416,0.8864006996154785,0.8652395606040955,0.8842122554779053,0.8927261829376221,0.8835904002189636,0.8897662162780762,0.9348580241203308,0.9157993197441101,0.9124207496643066,0.9308034181594849,0.9419110417366028,0.9539070129394531,0.9600511193275452,0.9653161764144897,0.9539031982421875,0.9369498491287231,0.9263483881950378,0.8958694934844971,0.8976097702980042,0.9269909262657166,0.9070404171943665,0.9055914282798767,0.9171360731124878,0.9115177392959595,0.9232468605041504,0.9223939180374146,0.9154240489006042,0.9091100692749023,0.9265449047088623,0.9324281215667725,0.9369041323661804,0.9430940747261047,0.9119669795036316,0.8966978192329407,0.8984847664833069
70,0.8666713833808899,0.8955185413360596,0.8760180473327637,0.8576750159263611,0.8987979292869568,0.8906283378601074,0.9374000430107117,0.9431285858154297,0.9325002431869507,0.9249905347824097,0.9393821954727173,0.9312922954559326,0.9618991017341614,0.9719243049621582,1.0,0.9485893249511719,0.9256348609924316,0.9293294548988342,0.8973682522773743,0.9177983999252319,0.915026068687439,0.8737263679504395,0.8865275382995605,0.8816984295845032,0.9138438701629639,0.8957253098487854,0.8750949501991272,0.8740805983543396,0.8700258135795593,0.865394651889801,0.878170371055603,0.9011443853378296,0.9106996655464172,0.8558344841003418,0.8357734084129333,0.8537927865982056,0.860204815864563,0.8555755019187927,0.8304759860038757,0.8464521169662476,0.8651816248893738,0.865190327167511,0.8707612752914429,0.9135041236877441,0.8927139043807983,0.8755504488945007,0.9121437072753906,0.9242547154426575,0.939414918422699,0.9410711526870728,0.9531183242797852,0.9558963775634766,0.9374502897262573,0.9223970770835876,0.8741896152496338,0.8748542070388794,0.9197015762329102,0.8836676478385925,0.8835207223892212,0.9059151411056519,0.8961282968521118,0.9029544591903687,0.9009711146354675,0.8907353281974792,0.8907360434532166,0.9162529706954956,0.9130029678344727,0.9292418360710144,0.926713228225708,0.8948699831962585,0.8752946257591248,0.8874340653419495
75,0.9124957919120789,0.9247953295707703,0.9286324977874756,0.9099703431129456,0.9458097815513611,0.9426448941230774,0.9656848311424255,0.9458104968070984,0.9447184801101685,0.9420450925827026,0.9537960290908813,0.9501063823699951,0.9561070203781128,0.9448742270469666,0.9485893249511719,1.000000238418579,0.9761236906051636,0.9680294394493103,0.954338788986206,0.962278425693512,0.9541592597961426,0.9390555024147034,0.9463859796524048,0.9455239772796631,0.946681022644043,0.9309667944908142,0.9097833037376404,0.9263102412223816,0.917966365814209,0.9124313592910767,0.9228711128234863,0.906807541847229,0.929377555847168,0.9338962435722351,0.9124736189842224,0.921559751033783,0.9225441813468933,0.9201337099075317,0.9082714319229126,0.9168773889541626,0.9295603036880493,0.9277322292327881,0.9269813299179077,0.9494955539703369,0.931756317615509,0.9200228452682495,0.9371147155761719,0.9324015974998474,0.91734379529953,0.9364485740661621,0.9478843212127686,0.9683493375778198,0.9583708643913269,0.9568364024162292,0.9445175528526306,0.9455178380012512,0.9565068483352661,0.9451800584793091,0.9387094974517822,0.9462680816650391,0.9370715022087097,0.9251914024353027,0.9236198663711548,0.9249007701873779,0.9291530847549438,0.9335444569587708,0.9151094555854797,0.9166452884674072,0.9226056933403015,0.9429419040679932,0.9315863251686096,0.935673713684082
80,0.9471686482429504,0.9532263875007629,0.9562604427337646,0.9430176019668579,0.9643144607543945,0.9620500802993774,0.9672266244888306,0.9495348334312439,0.9553308486938477,0.9444433450698853,0.9465668201446533,0.9616667032241821,0.9552704691886902,0.9412446618080139,0.9256348609924316,0.9761236906051636,1.000000238418579,0.9861984848976135,0.9747869968414307,0.9813393354415894,0.9718515872955322,0.9612040519714355,0.9607115983963013,0.9591432213783264,0.9641200304031372,0.9465932250022888,0.9284183979034424,0.9463992118835449,0.943196177482605,0.9419527649879456,0.9448654651641846,0.9253172874450684,0.9453575611114502,0.9530327320098877,0.9448232650756836,0.9449359774589539,0.941623330116272,0.9444660544395447,0.9311176538467407,0.943169116973877,0.9477194547653198,0.9441684484481812,0.9387223720550537,0.9522014260292053,0.9381437301635742,0.9357510209083557,0.9358587265014648,0.9314073324203491,0.9188333749771118,0.9359992146492004,0.9480472803115845,0.9605567455291748,0.9661427736282349,0.9670388102531433,0.9637924432754517,0.9632785320281982,0.9567232131958008,0.9655744433403015,0.953203022480011,0.9576523303985596,0.9550402164459229,0.9476823210716248,0.9421429634094238,0.9451203346252441,0.9469031691551208,0.9397212266921997,0.9269704818725586,0.9160342812538147,0.9393405914306641,0.9534748196601868,0.9555389881134033,0.9527549743652344
85,0.9415830373764038,0.950203537940979,0.9520208835601807,0.9360049366950989,0.9572710990905762,0.9598963260650635,0.9628995060920715,0.9510025978088379,0.9580838680267334,0.9487266540527344,0.9447786808013916,0.9641590118408203,0.9575909376144409,0.9424212574958801,0.9293294548988342,0.9680294394493103,0.9861984848976135,1.0,0.9823745489120483,0.9833463430404663,0.9779295921325684,0.974340558052063,0.966494619846344,0.9658768177032471,0.9677159786224365,0.961255669593811,0.9497538805007935,0.9524613618850708,0.9514806270599365,0.943713903427124,0.9472370147705078,0.9326021075248718,0.9532296657562256,0.9515292048454285,0.9454804062843323,0.9449800252914429,0.9443674087524414,0.9446343183517456,0.9313527345657349,0.9452710747718811,0.9525817632675171,0.9458144903182983,0.9369892477989197,0.9542527794837952,0.9404659271240234,0.9392611384391785,0.9443544745445251,0.9425950050354004,0.9306100606918335,0.940983772277832,0.9534808397293091,0.9580914378166199,0.9677904844284058,0.9719163179397583,0.9640316367149353,0.9644105434417725,0.9600462317466736,0.9694572687149048,0.9566977024078369,0.9604709148406982,0.9601485729217529,0.9597041606903076,0.9528493881225586,0.9525719881057739,0.9551404118537903,0.9465750455856323,0.9329292178153992,0.9185715317726135,0.9470676183700562,0.955022931098938,0.9566344618797302,0.9564626216888428
90,0.9444453716278076,0.9484930634498596,0.954365611076355,0.9386990070343018,0.9537473917007446,0.9563885927200317,0.952924907207489,0.9440608024597168,0.9451771974563599,0.9381656050682068,0.9421222805976868,0.9571697115898132,0.9407132267951965,0.9233502745628357,0.8973682522773743,0.954338788986206,0.9747869968414307,0.9823745489120483,0.9999998211860657,0.9851071834564209,0.975206196308136,0.974865198135376,0.9697809219360352,0.9639113545417786,0.9631626605987549,0.9611673355102539,0.9409937858581543,0.9533188939094543,0.9494527578353882,0.94427490234375,0.9448223114013672,0.9209900498390198,0.94477778673172,0.9548208117485046,0.9482226371765137,0.94420325756073,0.9496389627456665,0.9537637233734131,0.9436391592025757,0.9522596597671509,0.9587280750274658,0.9486821293830872,0.9423608779907227,0.9559776186943054,0.936959445476532,0.9392969012260437,0.9380097389221191,0.9333435893058777,0.9116043448448181,0.9255253672599792,0.9410271644592285,0.9431768655776978,0.9565287828445435,0.9641085863113403,0.9720632433891296,0.9693381190299988,0.9605947136878967,0.9727861881256104,0.9597735404968262,0.9600334167480469,0.9593515396118164,0.9582931995391846,0.9480671882629395,0.9480898976325989,0.948140025138855,0.9371020197868347,0.9247625470161438,0.9059749841690063,0.9328529834747314,0.953421950340271,0.9564973711967468,0.9517530202865601
95,0.9409860968589783,0.9595778584480286,0.9557257890701294,0.9366815686225891,0.9588395357131958,0.9566089510917664,0.9655179977416992,0.955726683139801,0.9473321437835693,0.9429036974906921,0.951203465461731,0.9562563896179199,0.9512782096862793,0.9443979263305664,0.9177983999252319,0.962278425693512,0.9813393354415894,0.9833463430404663,0.9851071834564209,1.0,0.9852519035339355,0.967393159866333,0.9728296399116516,0.9650647640228271,0.9738991260528564,0.9626981019973755,0.9393091201782227,0.9524985551834106,0.9467535614967346,0.943274199962616,0.945009708404541,0.9287230968475342,0.9523696899414062,0.9510326385498047,0.9416521191596985,0.93925940990448,0.940298318862915,0.9465557336807251,0.9357299208641052,0.9464292526245117,0.9494574666023254,0.9390814304351807,0.9387356042861938,0.9580684304237366,0.9374402761459351,0.9407763481140137,0.941237211227417,0.9347043037414551,0.9227981567382812,0.9370805025100708,0.9505978226661682,0.9543771147727966,0.9590444564819336,0.9606291055679321,0.9614275693893433,0.963822603225708,0.9673824310302734,0.972471296787262,0.9587380290031433,0.9616103172302246,0.9591997861862183,0.9580063223838806,0.9515517354011536,0.9519989490509033,0.9494356513023376,0.9427094459533691,0.93657386302948,0.9249275326728821,0.9486493468284607,0.9584670066833496,0.9540997743606567,0.9501050114631653
100,0.9303727149963379,0.9492156505584717,0.9548604488372803,0.9281228184700012,0.9579745531082153,0.957848072052002,0.9682736992835999,0.9643757343292236,0.9508165121078491,0.9480128884315491,0.9498852491378784,0.9522819519042969,0.9537059664726257,0.93590247631073,0.915026068687439,0.9541592597961426,0.9718515872955322,0.9779295921325684,0.975206196308136,0.9852519035339355,0.9999998807907104,0.9706710577011108,0.9784067273139954,0.9736862182617188,0.9822981357574463,0.9739826917648315,0.95557701587677,0.9590246677398682,0.9512145519256592,0.9457145929336548,0.9509236812591553,0.9391820430755615,0.9603466987609863,0.948864221572876,0.9398447275161743,0.9422612190246582,0.9394241571426392,0.9415678977966309,0.9281870126724243,0.9355590343475342,0.9424135684967041,0.9364889860153198,0.9426178932189941,0.956312894821167,0.9404420256614685,0.9450910091400146,0.9519767165184021,0.9450772404670715,0.9368993043899536,0.9435682892799377,0.9488073587417603,0.9571758508682251,0.9617927074432373,0.9638519883155823,0.9571554660797119,0.957047700881958,0.9621973633766174,0.9693959951400757,0.9601629972457886,0.966889500617981,0.9641700983047485,0.9644080400466919,0.9586095213890076,0.9594108462333679,0.958398699760437,0.9529564380645752,0.943609356880188,0.9301673769950867,0.95670485496521,0.9571242928504944,0.9525701403617859,0.9523601531982422
105,0.9260390996932983,0.931296169757843,0.9458205103874207,0.9245370626449585,0.9467599987983704,0.9575214982032776,0.9429657459259033,0.9291343092918396,0.9403442144393921,0.9384188652038574,0.9157111048698425,0.9444503784179688,0.9224496483802795,0.896125078201294,0.8737263679504395,0.9390555024147034,0.9612040519714355,0.974340558052063,0.974865198135376,0.967393159866333,0.9706710577011108,1.0,0.982237696647644,0.9750844240188599,0.9602769613265991,0.9690580368041992,0.961603045463562,0.9586434960365295,0.9561872482299805,0.9482951164245605,0.9437699317932129,0.9188867807388306,0.9438261389732361,0.9614083766937256,0.9550231695175171,0.9495671987533569,0.940528929233551,0.9400508403778076,0.931300699710846,0.9483793377876282,0.9523251056671143,0.940920352935791,0.9350250959396362,0.940761923789978,0.9331346750259399,0.9383877515792847,0.9346644878387451,0.9296166896820068,0.9016625881195068,0.9132542610168457,0.914286196231842,0.9319563508033752,0.9494203329086304,0.9576766490936279,0.9637943506240845,0.9682224988937378,0.941974401473999,0.9757791757583618,0.9687578678131104,0.9655814170837402,0.9705202579498291,0.96517014503479,0.9559966921806335,0.9591319561004639,0.9613460898399353,0.937183678150177,0.9175519943237305,0.8869609236717224,0.927253782749176,0.9485501050949097,0.957936704158783,0.95432049036026
110,0.9289553165435791,0.9415943622589111,0.9474319815635681,0.924074649810791,0.9576276540756226,0.958712100982666,0.9577885866165161,0.9522213339805603,0.9438171982765198,0.9479779005050659,0.9366132616996765,0.944242537021637,0.9319994449615479,0.9142088890075684,0.8865275382995605,0.9463859796524048,0.9607115983963013,0.966494619846344,0.9697809219360352,0.9728296399116516,0.9784067273139954,0.982237696647644,1.0,0.9864318370819092,0.9772936105728149,0.979322075843811,0.9621015787124634,0.9669328927993774,0.9599205851554871,0.9548210501670837,0.9536102414131165,0.9364897608757019,0.9571965932846069,0.964226245880127,0.9492689371109009,0.9543696641921997,0.9429307579994202,0.9447256326675415,0.9392568469047546,0.9476027488708496,0.9552697539329529,0.9442125558853149,0.9486081004142761,0.9588837623596191,0.9485433101654053,0.9532266855239868,0.9523361921310425,0.9447503089904785,0.9195026159286499,0.9304033517837524,0.9314240217208862,0.9475032091140747,0.9538584351539612,0.9606337547302246,0.9624794721603394,0.9677414298057556,0.9553500413894653,0.9730110168457031,0.9715267419815063,0.9722078442573547,0.9717074036598206,0.9631834030151367,0.9603908658027649,0.9622021317481995,0.965753436088562,0.950958788394928,0.9352378845214844,0.9148557186126709,0.9449356198310852,0.958747148513794,0.9574106931686401,0.9582796096801758
115,0.9344521760940552,0.9378827810287476,0.9551120400428772,0.9257132411003113,0.9564768075942993,0.9631659388542175,0.955493152141571,0.9436991214752197,0.9430887699127197,0.9494286179542542,0.9248769879341125,0.9353961944580078,0.9269241690635681,0.9008516073226929,0.8816984295845032,0.9455239772796631,0.9591432213783264,0.9658768177032471,0.9639113545417786,0.9650647640228271,0.9736862182617188,0.9750844240188599,0.9864318370819092,0.9999998211860657,0.9805206060409546,0.9727055430412292,0.9663238525390625,0.9733539819717407,0.9605283737182617,0.952095627784729,0.9539517164230347,0.9290893077850342,0.9514472484588623,0.9656542539596558,0.9544254541397095,0.9590368866920471,0.9546127915382385,0.9522174596786499,0.9406900405883789,0.9417412877082825,0.9536068439483643,0.9553408622741699,0.956361711025238,0.9568127393722534,0.9501405954360962,0.9498027563095093,0.9531283974647522,0.9374104142189026,0.9143539071083069,0.9217792749404907,0.9269917011260986,0.947760283946991,0.9556984901428223,0.9630140066146851,0.9666793346405029,0.9689397811889648,0.95740807056427,0.9719025492668152,0.9727299213409424,0.974766731262207,0.9722902178764343,0.956078290939331,0.9598900079727173,0.9629512429237366,0.9680317640304565,0.9507902264595032,0.9297826886177063,0.9113045930862427,0.938784122467041,0.9655123949050903,0.9643260836601257,0.9625412225723267
120,0.9393136501312256,0.9544579982757568,0.955720067024231,0.9327108263969421,0.9604603052139282,0.9584346413612366,0.9652022123336792,0.9648619294166565,0.9498484134674072,0.9518355131149292,0.9444314241409302,0.9470949172973633,0.9529737234115601,0.9357362389564514,0.9138438701629639,0.946681022644043,0.9641200304031372,0.9677159786224365,0.9631626605987549,0.9738991260528564,0.9822981357574463,0.9602769613265991,0.9772936105728149,0.9805206060409546,1.0,0.97749924659729,0.9581916928291321,0.9675909280776978,0.9587560296058655,0.9499471187591553,0.9597734808921814,0.9466230273246765,0.9662436842918396,0.9501956701278687,0.9395803213119507,0.9480007886886597,0.948397159576416,0.9468498229980469,0.9310650825500488,0.9355736970901489,0.9415637254714966,0.9434691071510315,0.953545331954956,0.9630594253540039,0.9475440382957458,0.9497877359390259,0.9584270715713501,0.9475690126419067,0.9388359785079956,0.9415889382362366,0.9474237561225891,0.9572489261627197,0.9595605134963989,0.9607659578323364,0.9528438448905945,0.9532920718193054,0.9594433307647705,0.9622722268104553,0.96458899974823,0.9724719524383545,0.9711036086082458,0.9636357426643372,0.9641546010971069,0.961732804775238,0.9648595452308655,0.9595673680305481,0.9496959447860718,0.9375650882720947,0.9609115123748779,0.9640743732452393,0.9562443494796753,0.9540136456489563
125,0.9232782125473022,0.9408565163612366,0.943699061870575,0.9146217703819275,0.9437283873558044,0.9494388103485107,0.948876678943634,0.9586206674575806,0.9422256350517273,0.9449637532234192,0.9380511045455933,0.9476022720336914,0.9430149793624878,0.9193152189254761,0.8957253098487854,0.9309667944908142,0.9465932250022888,0.961255669593811,0.9611673355102539,0.9626981019973755,0.9739826917648315,0.9690580368041992,0.979322075843811,0.9727055430412292,0.97749924659729,1.0,0.9769937992095947,0.9729110598564148,0.9675284028053284,0.9585496783256531,0.9633086919784546,0.9517185688018799,0.971640408039093,0.9547135829925537,0.9389816522598267,0.947843074798584,0.9392736554145813,0.9391350150108337,0.9324619770050049,0.9376940131187439,0.9432144165039062,0.934761643409729,0.9395479559898376,0.9588215351104736,0.9471297860145569,0.9530786275863647,0.9555484652519226,0.9573535919189453,0.9431857466697693,0.9443848729133606,0.9480078220367432,0.9475010633468628,0.9480026960372925,0.9586989879608154,0.9483301639556885,0.9549862146377563,0.9537064433097839,0.9627660512924194,0.9638144969940186,0.9640028476715088,0.9716486930847168,0.9770159125328064,0.9756046533584595,0.9708579182624817,0.9730154275894165,0.9620351791381836,0.9557753205299377,0.9314404726028442,0.9596061706542969,0.9569793939590454,0.9529736042022705,0.9557825326919556
130,0.9162246584892273,0.9204235672950745,0.9417596459388733,0.9114557504653931,0.9340764284133911,0.9498695135116577,0.9287132024765015,0.931219756603241,0.9423158764839172,0.9431451559066772,0.9152171611785889,0.9438979625701904,0.9230201840400696,0.8939937353134155,0.8750949501991272,0.9097833037376404,0.9284183979034424,0.9497538805007935,0.9409937858581543,0.9393091201782227,0.95557701587677,0.961603045463562,0.9621015787124634,0.9663238525390625,0.9581916928291321,0.9769937992095947,1.0000001192092896,0.9772894382476807,0.9731457233428955,0.9608622193336487,0.9517553448677063,0.9405438899993896,0.9549251794815063,0.9503880739212036,0.9505167603492737,0.952506422996521,0.9407436847686768,0.9392188787460327,0.9298492670059204,0.9296138286590576,0.9378435015678406,0.9413082599639893,0.9366340637207031,0.93883216381073,0.9476128816604614,0.9553384780883789,0.9532304406166077,0.9504274725914001,0.9261993169784546,0.934001624584198,0.9257075786590576,0.9285441637039185,0.9361186027526855,0.9519375562667847,0.941309928894043,0.9468702673912048,0.9291698336601257,0.9514676332473755,0.9577695727348328,0.9604266285896301,0.9690171480178833,0.9718567132949829,0.9800689220428467,0.9760268330574036,0.9786670207977295,0.963001012802124,0.9405235648155212,0.9049415588378906,0.940819263458252,0.9462727308273315,0.951461911201477,0.9560976028442383
135,0.9364191293716431,0.9389135837554932,0.9572141766548157,0.9280403852462769,0.945647120475769,0.9584211707115173,0.9414545297622681,0.9334349632263184,0.937750518321991,0.9451736211776733,0.9287002086639404,0.9430562853813171,0.9291617274284363,0.9002143144607544,0.8740805983543396,0.9263102412223816,0.9463992118835449,0.9524613618850708,0.9533188939094543,0.9524985551834106,0.9590246677398682,0.9586434960365295,0.9669328927993774,0.9733539819717407,0.9675909280776978,0.9729110598564148,0.9772894382476807,1.0,0.9827215075492859,0.9780111908912659,0.9703797698020935,0.9463157653808594,0.9640424251556396,0.9718976616859436,0.9541161060333252,0.9622620940208435,0.9526596069335938,0.9505351185798645,0.9470628499984741,0.9386694431304932,0.9454246759414673,0.9488693475723267,0.9474115967750549,0.9501259326934814,0.9500226974487305,0.9607502818107605,0.9523866176605225,0.9413965344429016,0.9211865067481995,0.9326929450035095,0.933341383934021,0.9349663853645325,0.9378445148468018,0.9519219398498535,0.958271861076355,0.9597854614257812,0.9457547068595886,0.9631414413452148,0.9723179340362549,0.9680125713348389,0.9744298458099365,0.9666853547096252,0.9774355888366699,0.9807745814323425,0.9809185266494751,0.9662841558456421,0.9514004588127136,0.9275073409080505,0.9462937116622925,0.9702068567276001,0.9637409448623657,0.9586942791938782
140,0.9353563189506531,0.9333216547966003,0.9478371739387512,0.9273136854171753,0.9351798892021179,0.947527289390564,0.9285049438476562,0.924508273601532,0.9332157373428345,0.9259425401687622,0.9213616847991943,0.9519184231758118,0.9303616285324097,0.8988996744155884,0.8700258135795593,0.917966365814209,0.943196177482605,0.9514806270599365,0.9494527578353882,0.9467535614967346,0.9512145519256592,0.9561872482299805,0.9599205851554871,0.9605283737182617,0.9587560296058655,0.9675284028053284,0.9731457233428955,0.9827215075492859,1.0000001192092896,0.9878820180892944,0.9808655977249146,0.9619070291519165,0.9692907333374023,0.973172664642334,0.9600266814231873,0.9625252485275269,0.9430369138717651,0.9463624954223633,0.9427681565284729,0.9452545642852783,0.9454995393753052,0.9462004899978638,0.9364399313926697,0.939956545829773,0.9351394772529602,0.9495998024940491,0.9442833662033081,0.9411287307739258,0.9199614524841309,0.9308084845542908,0.9276562333106995,0.922810971736908,0.9340661764144897,0.9501034021377563,0.945502519607544,0.9517078399658203,0.9328204989433289,0.9539515972137451,0.9570062160491943,0.9629335403442383,0.9692249894142151,0.9667397141456604,0.9720752835273743,0.9755008816719055,0.9835858345031738,0.9729403853416443,0.95098876953125,0.9243413805961609,0.9535990357398987,0.9649837017059326,0.9569531083106995,0.9472750425338745
