,0,5,10,15,20,25,30,35,40,45,50,55,60,65,70,75,80,85,90,95,100,105,110,115,120,125,130,135,140,145,150,155,160,165,170,175,180,185,190,195,200,205,210,215,220,225,230,235,240,245,250,255,260,265,270,275,280,285,290,295,300,305,310,315,320,325,330,335,340,345,350,355
0,1.0,0.9836928248405457,0.9508059620857239,0.8904680609703064,0.904498279094696,0.9430646896362305,0.9643073081970215,0.9461172223091125,0.9641609787940979,0.9351210594177246,0.917483925819397,0.8687449097633362,0.8829621076583862,0.8454296588897705,0.9008009433746338,0.9171938300132751,0.9490254521369934,0.9476886987686157,0.940039873123169,0.941913366317749,0.9380697011947632,0.8797842264175415,0.883616030216217,0.9403513073921204,0.9201454520225525,0.9332306385040283,0.9095867872238159,0.9006222486495972,0.9062110185623169,0.9022923707962036,0.9139094948768616,0.8778237104415894,0.8861221075057983,0.8982164263725281,0.964835524559021,0.9638959765434265,0.9684303998947144,0.9697915315628052,0.9377818703651428,0.9107053875923157,0.8759759664535522,0.9349570870399475,0.9606946706771851,0.9677267074584961,0.9524465203285217,0.9353559017181396,0.9316383600234985,0.9178633093833923,0.8787918090820312,0.9151639938354492,0.8978838920593262,0.9186612367630005,0.9491945505142212,0.9479881525039673,0.9352285861968994,0.9450530409812927,0.9301528930664062,0.8274922370910645,0.8099023103713989,0.9184520244598389,0.9154648780822754,0.9379986524581909,0.9198048114776611,0.9114543199539185,0.9327357411384583,0.9258994460105896,0.9336801767349243,0.9007548093795776,0.9101331233978271,0.9178593754768372,0.9614769220352173,0.9785463809967041
5,0.9836928248405457,1.0000001192092896,0.958524227142334,0.9044103622436523,0.9088682532310486,0.952420711517334,0.9707534909248352,0.9435267448425293,0.9608401656150818,0.9296881556510925,0.9163645505905151,0.8736433386802673,0.8895586729049683,0.8486878275871277,0.901598334312439,0.917584240436554,0.9452440142631531,0.9387829899787903,0.9421929121017456,0.9492350816726685,0.9389565587043762,0.8879790902137756,0.8905500173568726,0.9383453726768494,0.9277912378311157,0.9362802505493164,0.9103037714958191,0.9080084562301636,0.9077327251434326,0.9051097631454468,0.9194470643997192,0.8774980902671814,0.8869448900222778,0.9008002877235413,0.9573361873626709,0.9498300552368164,0.9549563527107239,0.9658433794975281,0.9384743571281433,0.9162280559539795,0.883715033531189,0.941986083984375,0.962842583656311,0.9608255624771118,0.9502019882202148,0.9355372190475464,0.9282975792884827,0.9193952083587646,0.8858977556228638,0.9170923233032227,0.886804461479187,0.9080968499183655,0.9384977221488953,0.932824969291687,0.9202627539634705,0.9363733530044556,0.9185980558395386,0.8290833830833435,0.8091559410095215,0.9123443365097046,0.9129329919815063,0.9339067339897156,0.9121004939079285,0.9086596369743347,0.9284549355506897,0.9217469692230225,0.9356253147125244,0.9058867692947388,0.9157215356826782,0.914901852607727,0.9592389464378357,0.9705684781074524
10,0.9508059620857239,0.958524227142334,1.0,0.9477854371070862,0.9632953405380249,0.9741809368133545,0.9678738713264465,0.9594482183456421,0.9560105204582214,0.9507336616516113,0.9399701356887817,0.9229208827018738,0.9213685989379883,0.8769360780715942,0.9324467778205872,0.9281758069992065,0.9246519804000854,0.8997315168380737,0.8977853655815125,0.9160031080245972,0.9366390109062195,0.9002326726913452,0.9100735783576965,0.9313806295394897,0.9002610445022583,0.921838641166687,0.8945798873901367,0.9008546471595764,0.9105622172355652,0.9160456657409668,0.919681191444397,0.9080954790115356,0.9090874195098877,0.9021884202957153,0.9324922561645508,0.9183273315429688,0.9318954348564148,0.9584635496139526,0.9806481003761292,0.9501890540122986,0.9377973675727844,0.9605188965797424,0.9639739990234375,0.9604530334472656,0.9561358690261841,0.9390039443969727,0.9286185503005981,0.931466817855835,0.9018522500991821,0.9151747226715088,0.9114706516265869,0.9218470454216003,0.913673460483551,0.8910763263702393,0.8957985639572144,0.9142653942108154,0.9187204837799072,0.8533365726470947,0.8501505255699158,0.9007232785224915,0.9018590450286865,0.9260625839233398,0.9030255675315857,0.9151725769042969,0.9332015514373779,0.9337754249572754,0.9274411797523499,0.9288548827171326,0.944466769695282,0.9371651411056519,0.9443127512931824,0.9252840280532837
15,0.8904680609703064,0.9044103622436523,0.9477854371070862,1.0,0.9752639532089233,0.9579402804374695,0.918832540512085,0.8995585441589355,0.9044121503829956,0.894201397895813,0.8816586136817932,0.8892059326171875,0.895947277545929,0.8556426167488098,0.8849086761474609,0.8874081373214722,0.8809189796447754,0.8494259715080261,0.8492966890335083,0.8635174036026001,0.8925808072090149,0.9024138450622559,0.9046155214309692,0.8958690166473389,0.8672542572021484,0.8847365975379944,0.8556713461875916,0.8614176511764526,0.8605400919914246,0.8805294036865234,0.8758546113967896,0.8882784247398376,0.8870049715042114,0.8896119594573975,0.8756885528564453,0.8587670922279358,0.8658982515335083,0.9063754677772522,0.9462344646453857,0.9758021831512451,0.9594455361366272,0.9535239934921265,0.9342728853225708,0.9115844368934631,0.9220264554023743,0.9113878607749939,0.8767452836036682,0.8955684304237366,0.873785674571991,0.8755968809127808,0.8577466011047363,0.8676770925521851,0.8566327095031738,0.8271828889846802,0.845659077167511,0.8578513860702515,0.8723483085632324,0.8585739731788635,0.8556166887283325,0.8791407346725464,0.8671087026596069,0.876615047454834,0.8615301847457886,0.8741660118103027,0.8710747361183167,0.8763126134872437,0.8926968574523926,0.8947525024414062,0.9041404128074646,0.916603147983551,0.897693395614624,0.8513339161872864
20,0.904498279094696,0.9088682532310486,0.9632953405380249,0.9752639532089233,1.0000001192092896,0.9683693051338196,0.9362545609474182,0.9186844825744629,0.917240560054779,0.9101225137710571,0.8981488943099976,0.9018380641937256,0.9034570455551147,0.8569467067718506,0.9016388654708862,0.8931887149810791,0.8873314261436462,0.8620972633361816,0.8542098999023438,0.8742820620536804,0.9034751057624817,0.8984553813934326,0.9130622148513794,0.9067556858062744,0.8656303882598877,0.8877243399620056,0.8613019585609436,0.8622177839279175,0.8727567791938782,0.8881399631500244,0.8901920318603516,0.9007982611656189,0.894178032875061,0.8861560225486755,0.8856872320175171,0.8760244250297546,0.8857876062393188,0.9272117614746094,0.9661269187927246,0.9704583883285522,0.9733402729034424,0.9617248177528381,0.9473693370819092,0.9287250638008118,0.9297856092453003,0.9143913388252258,0.8907633423805237,0.8955701589584351,0.8747457265853882,0.8788259029388428,0.871690034866333,0.8818435072898865,0.8616825342178345,0.842049777507782,0.8557978272438049,0.8648214340209961,0.8833818435668945,0.8448408246040344,0.8604240417480469,0.8800712823867798,0.8657715916633606,0.8815855383872986,0.8628330826759338,0.8806924223899841,0.8826067447662354,0.8862269520759583,0.890444278717041,0.9023991823196411,0.9117014408111572,0.9210896492004395,0.8963372111320496,0.8634999990463257
25,0.9430646896362305,0.952420711517334,0.9741809368133545,0.9579402804374695,0.9683693051338196,1.0000001192092896,0.9705721735954285,0.9562854766845703,0.9599321484565735,0.9385448098182678,0.9289466142654419,0.9030307531356812,0.910678505897522,0.8643923401832581,0.9147413372993469,0.9161353707313538,0.925169050693512,0.9086813926696777,0.9048604965209961,0.9241989850997925,0.9245578050613403,0.9070839285850525,0.9178122282028198,0.941204845905304,0.9130005836486816,0.9266903400421143,0.9019909501075745,0.9020116329193115,0.9035999774932861,0.9053957462310791,0.9107812643051147,0.8960441946983337,0.9053954482078552,0.9055032134056091,0.926223874092102,0.9112598896026611,0.9244373440742493,0.9527626037597656,0.9653249979019165,0.9537968039512634,0.941299319267273,0.9762044548988342,0.9722858667373657,0.9581954479217529,0.9558290243148804,0.9331945776939392,0.9246490001678467,0.9197567701339722,0.8963757157325745,0.9076111316680908,0.8903378248214722,0.8954431414604187,0.9012151956558228,0.8817684054374695,0.8771630525588989,0.8971986770629883,0.8967775106430054,0.8357045650482178,0.8315578699111938,0.9021427035331726,0.8935565948486328,0.916982114315033,0.895067572593689,0.8989166021347046,0.9130121469497681,0.9112624526023865,0.9229625463485718,0.9177990555763245,0.9331851601600647,0.9284912943840027,0.9362092018127441,0.9168623089790344
30,0.9643073081970215,0.9707534909248352,0.9678738713264465,0.918832540512085,0.9362545609474182,0.9705721735954285,1.0000001192092896,0.9671259522438049,0.9770359992980957,0.9544074535369873,0.949394166469574,0.9048606157302856,0.9085832834243774,0.8742935061454773,0.9293667674064636,0.9413563013076782,0.9446303844451904,0.9376431107521057,0.9387044906616211,0.9484566450119019,0.9474614858627319,0.9056751728057861,0.9099695086479187,0.9485466480255127,0.9392126798629761,0.9469790458679199,0.9282201528549194,0.9264377355575562,0.9335933327674866,0.9294559955596924,0.933713436126709,0.8951427936553955,0.9160853028297424,0.9169386029243469,0.955377995967865,0.9487719535827637,0.9551371335983276,0.967882513999939,0.9563544988632202,0.9281483292579651,0.9061193466186523,0.9510846734046936,0.9731651544570923,0.9661885499954224,0.9662574529647827,0.9422150254249573,0.9462435841560364,0.9304053783416748,0.8974267840385437,0.926166296005249,0.9071313738822937,0.9196707606315613,0.9272922873497009,0.9162362217903137,0.9066619873046875,0.9224417209625244,0.9197754859924316,0.8327620625495911,0.8193795680999756,0.9073300361633301,0.9112794399261475,0.932835042476654,0.9205693602561951,0.921405553817749,0.9403272867202759,0.9352079033851624,0.930917501449585,0.912712812423706,0.9319556951522827,0.9264453649520874,0.9529286623001099,0.9560753107070923
35,0.9461172223091125,0.9435267448425293,0.9594482183456421,0.8995585441589355,0.9186844825744629,0.9562854766845703,0.9671259522438049,1.0000001192092896,0.9801775813102722,0.9743024706840515,0.9643709063529968,0.9207106232643127,0.9130806922912598,0.8784853219985962,0.9372162818908691,0.9471490383148193,0.9383091926574707,0.9112774729728699,0.9034910798072815,0.9220947623252869,0.9208567142486572,0.8816165328025818,0.8916026949882507,0.9294074773788452,0.9092540740966797,0.9371803998947144,0.921096920967102,0.927454948425293,0.9327489733695984,0.9216921329498291,0.9087617993354797,0.8867883682250977,0.919106125831604,0.91212397813797,0.9494106769561768,0.9347735643386841,0.9423227310180664,0.9437602758407593,0.9418213963508606,0.9066606760025024,0.8819873929023743,0.9211608171463013,0.9404498934745789,0.9632964134216309,0.959381103515625,0.9417867660522461,0.9557135105133057,0.9385724067687988,0.9071774482727051,0.9278717041015625,0.9354473352432251,0.9383894801139832,0.9286051988601685,0.9031343460083008,0.8976728916168213,0.9212762713432312,0.9073155522346497,0.8205998539924622,0.8148475885391235,0.8960176110267639,0.9003372192382812,0.9410147666931152,0.925055742263794,0.9336038827896118,0.9526911973953247,0.9503039121627808,0.9288838505744934,0.9204259514808655,0.943868100643158,0.9377466440200806,0.9519134759902954,0.940044641494751
40,0.9641609787940979,0.9608401656150818,0.9560105204582214,0.9044121503829956,0.917240560054779,0.9599321484565735,0.9770359992980957,0.9801775813102722,1.0000001192092896,0.9689493775367737,0.9613418579101562,0.916182279586792,0.9169579744338989,0.881481409072876,0.9332488775253296,0.9478907585144043,0.953177809715271,0.9369930028915405,0.9308170080184937,0.943511426448822,0.9384210109710693,0.8919878602027893,0.9011512398719788,0.9451745748519897,0.935030460357666,0.9515819549560547,0.9442079067230225,0.9335922598838806,0.9438040256500244,0.9345137476921082,0.9217232465744019,0.8949049115180969,0.9237561225891113,0.9230117797851562,0.9637629389762878,0.9546324610710144,0.9567480683326721,0.9605855941772461,0.9459646940231323,0.9154740571975708,0.8895438313484192,0.9350724220275879,0.9583401083946228,0.9695720672607422,0.9737401604652405,0.9463203549385071,0.9582654237747192,0.9394016265869141,0.9077990055084229,0.929433286190033,0.9270238280296326,0.930959939956665,0.9423176646232605,0.9208164215087891,0.9118930101394653,0.9314077496528625,0.9177572131156921,0.8253679275512695,0.8204854130744934,0.9092433452606201,0.9111855030059814,0.9430708289146423,0.9334548115730286,0.930184006690979,0.951181948184967,0.9492387771606445,0.937603235244751,0.9198232293128967,0.9394880533218384,0.9381914734840393,0.9628867506980896,0.9581249356269836
45,0.9351210594177246,0.9296881556510925,0.9507336616516113,0.894201397895813,0.9101225137710571,0.9385448098182678,0.9544074535369873,0.9743024706840515,0.9689493775367737,1.0,0.9730204343795776,0.9438870549201965,0.9296679496765137,0.9069060683250427,0.9417241811752319,0.9452560544013977,0.9310715198516846,0.901064395904541,0.8944186568260193,0.9121838808059692,0.9186384677886963,0.8692212104797363,0.8732101917266846,0.9121306538581848,0.9028305411338806,0.9227267503738403,0.9148386716842651,0.9388529062271118,0.931868314743042,0.9274458289146423,0.9181087613105774,0.9032102823257446,0.9238532185554504,0.9110326170921326,0.9378405809402466,0.9276660680770874,0.9303566217422485,0.9397376775741577,0.9406735897064209,0.8986466526985168,0.8762258887290955,0.9072386622428894,0.9327040910720825,0.9540938138961792,0.951595664024353,0.9558810591697693,0.9568148851394653,0.9437947273254395,0.9153448343276978,0.9311041831970215,0.937065601348877,0.9419150948524475,0.9182888269424438,0.8936796188354492,0.8869986534118652,0.9071629047393799,0.8992742300033569,0.8124600648880005,0.8152070641517639,0.8733118176460266,0.8809762001037598,0.9217220544815063,0.916191577911377,0.9445177912712097,0.9438102841377258,0.9526834487915039,0.9329222440719604,0.9310443997383118,0.9451912045478821,0.9379582405090332,0.9399737119674683,0.9229083061218262
50,0.917483925819397,0.9163645505905151,0.9399701356887817,0.8816586136817932,0.8981488943099976,0.9289466142654419,0.949394166469574,0.9643709063529968,0.9613418579101562,0.9730204343795776,1.000000238418579,0.9582386016845703,0.9399838447570801,0.9084372520446777,0.9426299929618835,0.942766547203064,0.9101407527923584,0.8839851021766663,0.8830024003982544,0.9032449722290039,0.903356671333313,0.8534188866615295,0.8562382459640503,0.8964470028877258,0.8972707986831665,0.9103451371192932,0.901986837387085,0.9130673408508301,0.9443111419677734,0.931405782699585,0.9235841631889343,0.9067414999008179,0.9292495846748352,0.9034025073051453,0.9388953447341919,0.9216100573539734,0.9198153614997864,0.9312388896942139,0.9348217248916626,0.8919476270675659,0.8698126077651978,0.896712064743042,0.9181867837905884,0.936549186706543,0.9446496963500977,0.9360474944114685,0.966093897819519,0.9514352679252625,0.9275372624397278,0.9283520579338074,0.9398512840270996,0.9287654161453247,0.9096099138259888,0.878059983253479,0.8702707290649414,0.8962035179138184,0.8810060620307922,0.8045778274536133,0.7995566129684448,0.8585782051086426,0.8695001602172852,0.9020835757255554,0.8996162414550781,0.9184693098068237,0.950746476650238,0.9587124586105347,0.9326549768447876,0.9339572787284851,0.9550390243530273,0.9288057088851929,0.9361621141433716,0.9180648326873779
55,0.8687449097633362,0.8736433386802673,0.9229208827018738,0.8892059326171875,0.9018380641937256,0.9030307531356812,0.9048606157302856,0.9207106232643127,0.916182279586792,0.9438870549201965,0.9582386016845703,1.0,0.9560567140579224,0.9336192607879639,0.9416767954826355,0.9324873685836792,0.8794258236885071,0.8351967334747314,0.8379855155944824,0.8582969903945923,0.8728600144386292,0.8389109969139099,0.8445336818695068,0.86131751537323,0.8593440055847168,0.8797209858894348,0.8730911016464233,0.8913877010345459,0.917526125907898,0.9341385364532471,0.9079548716545105,0.9303385019302368,0.939725935459137,0.8999484181404114,0.8950217366218567,0.8652557134628296,0.8653988838195801,0.8858404159545898,0.9189082384109497,0.8871490359306335,0.8764303922653198,0.8817917108535767,0.8897104263305664,0.9019933938980103,0.9173316359519958,0.9309040307998657,0.9355549812316895,0.9443672895431519,0.9388646483421326,0.9187297224998474,0.9383315443992615,0.912971556186676,0.8701651692390442,0.8227689266204834,0.8277925252914429,0.8467488884925842,0.8432703018188477,0.7922207117080688,0.8034650087356567,0.8231799602508545,0.827268660068512,0.8591903448104858,0.8639546632766724,0.8946580290794373,0.9057043790817261,0.9420709609985352,0.912442684173584,0.9385395050048828,0.9587962627410889,0.9325972199440002,0.8983514308929443,0.8595914840698242
60,0.8829621076583862,0.8895586729049683,0.9213685989379883,0.895947277545929,0.9034570455551147,0.910678505897522,0.9085832834243774,0.9130806922912598,0.9169579744338989,0.9296679496765137,0.9399838447570801,0.9560567140579224,1.0,0.9361611604690552,0.9475124478340149,0.9392501711845398,0.8998069763183594,0.8528918027877808,0.8587400913238525,0.867124617099762,0.8930097818374634,0.8626041412353516,0.867568850517273,0.8792599439620972,0.8680033683776855,0.8936066031455994,0.8783929347991943,0.8884902596473694,0.9167860746383667,0.9322817921638489,0.9445372819900513,0.9531989097595215,0.9434397220611572,0.9099589586257935,0.9121770858764648,0.8764014840126038,0.879727840423584,0.8921645283699036,0.9252411127090454,0.9037480354309082,0.8878071904182434,0.8978700637817383,0.898773193359375,0.9085233211517334,0.9189801216125488,0.9216606616973877,0.9229481220245361,0.9198705554008484,0.9500654339790344,0.9289018511772156,0.9289393424987793,0.9209021925926208,0.8889984488487244,0.8402724266052246,0.8460693359375,0.8548749685287476,0.8555556535720825,0.8192330598831177,0.8264787793159485,0.8412185907363892,0.8398271799087524,0.8699817061424255,0.8661113381385803,0.8911039233207703,0.9059539437294006,0.9239906668663025,0.9307713508605957,0.9470071196556091,0.95343017578125,0.9414470195770264,0.9175005555152893,0.8790738582611084
65,0.8454296588897705,0.8486878275871277,0.8769360780715942,0.8556426167488098,0.8569467067718506,0.8643923401832581,0.8742935061454773,0.8784853219985962,0.881481409072876,0.9069060683250427,0.9084372520446777,0.9336192607879639,0.9361611604690552,1.0,0.9235805869102478,0.9133858680725098,0.8700032234191895,0.8203266859054565,0.8272616863250732,0.8414084911346436,0.8594911098480225,0.831078827381134,0.8278824090957642,0.8319863677024841,0.8456476330757141,0.8598403930664062,0.8660353422164917,0.8840202689170837,0.8911263942718506,0.9050400853157043,0.8847156167030334,0.9129140377044678,0.9142476320266724,0.8825944662094116,0.8654850721359253,0.83910071849823,0.8370053768157959,0.8463372588157654,0.870567798614502,0.8507664203643799,0.8253096342086792,0.8444151878356934,0.8466866612434387,0.8567401170730591,0.8819969892501831,0.8912999033927917,0.8828901052474976,0.8886330127716064,0.9113490581512451,0.9085679054260254,0.9015518426895142,0.8952043056488037,0.8582049608230591,0.825549840927124,0.8229794502258301,0.8388722538948059,0.8396168947219849,0.8062366247177124,0.8038114309310913,0.826865017414093,0.8315061330795288,0.8515781760215759,0.8636956214904785,0.8811631202697754,0.8777523040771484,0.9065508246421814,0.897834837436676,0.9133002758026123,0.9166461229324341,0.9074759483337402,0.880713939666748,0.8419908285140991
70,0.9008009433746338,0.901598334312439,0.9324467778205872,0.8849086761474609,0.9016388654708862,0.9147413372993469,0.9293667674064636,0.9372162818908691,0.9332488775253296,0.9417241811752319,0.9426299929618835,0.9416767954826355,0.9475124478340149,0.9235805869102478,1.0,0.9600557684898376,0.9211493134498596,0.8965168595314026,0.8948755264282227,0.9092977046966553,0.923600435256958,0.8945040106773376,0.8888636827468872,0.9116905927658081,0.8951951861381531,0.9234153032302856,0.9015548825263977,0.9045419692993164,0.9300139546394348,0.9432822465896606,0.9345385432243347,0.9262051582336426,0.9492789506912231,0.9072060585021973,0.9164623022079468,0.8895095586776733,0.8960238695144653,0.9125465750694275,0.9261821508407593,0.8859437704086304,0.8724901676177979,0.8902034759521484,0.902827262878418,0.9155429601669312,0.9201092720031738,0.9159835577011108,0.933392345905304,0.9204601645469666,0.9248521327972412,0.9350738525390625,0.955459475517273,0.9315372109413147,0.8926910161972046,0.868222177028656,0.8703886866569519,0.8855226039886475,0.8806838393211365,0.8180007934570312,0.8302384614944458,0.8666775226593018,0.8643835783004761,0.8944331407546997,0.8871649503707886,0.9036588668823242,0.9203394651412964,0.9416142702102661,0.9248158931732178,0.9345590472221375,0.9622517824172974,0.9329569935798645,0.9185308218002319,0.8988215923309326
75,0.9171938300132751,0.917584240436554,0.9281758069992065,0.8874081373214722,0.8931887149810791,0.9161353707313538,0.9413563013076782,0.9471490383148193,0.9478907585144043,0.9452560544013977,0.942766547203064,0.9324873685836792,0.9392501711845398,0.9133858680725098,0.9600557684898376,1.0000001192092896,0.9553245306015015,0.9203913807868958,0.9199731349945068,0.9238022565841675,0.9416171312332153,0.9070723652839661,0.9095736742019653,0.9302695989608765,0.9263567924499512,0.9522649645805359,0.935215950012207,0.9466240406036377,0.9546763300895691,0.9632495641708374,0.934026837348938,0.923719584941864,0.9457656145095825,0.9431447982788086,0.9406868815422058,0.9218966960906982,0.9250362515449524,0.9194997549057007,0.9203935265541077,0.8952352404594421,0.8703795671463013,0.8975260853767395,0.911378026008606,0.9324931502342224,0.9417968988418579,0.9395567178726196,0.9398043155670166,0.9341564774513245,0.918612539768219,0.9408643841743469,0.9428613185882568,0.9521169066429138,0.9330822825431824,0.8997626304626465,0.9007272720336914,0.9112495183944702,0.9101544618606567,0.8470495939254761,0.8378130793571472,0.9010355472564697,0.8976213335990906,0.9252632856369019,0.9264351725578308,0.9303075075149536,0.9372172355651855,0.9509570598602295,0.9264414310455322,0.9225619435310364,0.9443944096565247,0.9481285214424133,0.9413610696792603,0.9238946437835693
80,0.9490254521369934,0.9452440142631531,0.9246519804000854,0.8809189796447754,0.8873314261436462,0.925169050693512,0.9446303844451904,0.9383091926574707,0.953177809715271,0.9310715198516846,0.9101407527923584,0.8794258236885071,0.8998069763183594,0.8700032234191895,0.9211493134498596,0.9553245306015015,1.000000238418579,0.9654040336608887,0.9574632048606873,0.9563690423965454,0.9566690921783447,0.9095306992530823,0.9099971652030945,0.9468281269073486,0.9461164474487305,0.9598786234855652,0.9526711702346802,0.938739538192749,0.9308831691741943,0.9366011023521423,0.9199783802032471,0.8874983787536621,0.9033205509185791,0.9305877089500427,0.9547104835510254,0.9444711208343506,0.9489151239395142,0.9383530616760254,0.9139093160629272,0.8896187543869019,0.8643826842308044,0.9151005148887634,0.9332219958305359,0.9534618854522705,0.9454008936882019,0.9353960752487183,0.9270706176757812,0.9155358076095581,0.8874855041503906,0.921674370765686,0.9012638330459595,0.9239891171455383,0.9560031890869141,0.9427496790885925,0.936484694480896,0.9408093690872192,0.9321528673171997,0.8490158319473267,0.8355257511138916,0.9260846376419067,0.9205519556999207,0.9373970031738281,0.9308217167854309,0.9236239194869995,0.9250341057777405,0.9249390363693237,0.9225695133209229,0.8924877643585205,0.9002633094787598,0.9189169406890869,0.9482308030128479,0.943293035030365
85,0.9476886987686157,0.9387829899787903,0.8997315168380737,0.8494259715080261,0.8620972633361816,0.9086813926696777,0.9376431107521057,0.9112774729728699,0.9369930028915405,0.901064395904541,0.8839851021766663,0.8351967334747314,0.8528918027877808,0.8203266859054565,0.8965168595314026,0.9203913807868958,0.9654040336608887,1.000000238418579,0.9772063493728638,0.97259521484375,0.9529001116752625,0.9082368016242981,0.8969948291778564,0.9524425268173218,0.9555304646492004,0.9511677026748657,0.9436095952987671,0.9186621308326721,0.9121339321136475,0.9030927419662476,0.9064798951148987,0.8564953207969666,0.8719289302825928,0.8991234302520752,0.9396016597747803,0.9493262767791748,0.944986879825592,0.9421613812446594,0.8945272564888,0.8651994466781616,0.8441827893257141,0.9063718914985657,0.9327865839004517,0.936976969242096,0.9255083799362183,0.9077795743942261,0.9125497341156006,0.8875152468681335,0.8536864519119263,0.8900707960128784,0.8726041316986084,0.8804991245269775,0.923190712928772,0.942058801651001,0.9214520454406738,0.927939236164093,0.9133560657501221,0.8106479644775391,0.7985367774963379,0.9124101400375366,0.9033169746398926,0.9129461050033569,0.9127426743507385,0.890753984451294,0.900423526763916,0.8901017904281616,0.9014163017272949,0.8563259840011597,0.8688014149665833,0.8746316432952881,0.9168115854263306,0.9459654092788696
90,0.940039873123169,0.9421929121017456,0.8977853655815125,0.8492966890335083,0.8542098999023438,0.9048604965209961,0.9387044906616211,0.9034910798072815,0.9308170080184937,0.8944186568260193,0.8830024003982544,0.8379855155944824,0.8587400913238525,0.8272616863250732,0.8948755264282227,0.9199731349945068,0.9574632048606873,0.9772063493728638,1.0,0.9800502061843872,0.9622567892074585,0.9155960083007812,0.8993489742279053,0.9524602890014648,0.9622803926467896,0.9510916471481323,0.9411081075668335,0.9216163754463196,0.9137541651725769,0.9068882465362549,0.9056065082550049,0.85777747631073,0.8747768998146057,0.896760106086731,0.9321637153625488,0.9375361204147339,0.9364123940467834,0.9353376626968384,0.8912768363952637,0.8603628873825073,0.8343974351882935,0.9005175828933716,0.9251525402069092,0.9270596504211426,0.9166609048843384,0.8978285193443298,0.9005452990531921,0.8830841779708862,0.855115532875061,0.8925979137420654,0.8639606237411499,0.8745346069335938,0.9095922708511353,0.9243853092193604,0.912914514541626,0.9166947603225708,0.90340656042099,0.8116756081581116,0.7972297668457031,0.9031997323036194,0.8955315947532654,0.9071076512336731,0.902309000492096,0.8878504037857056,0.8922387361526489,0.8877005577087402,0.9029932022094727,0.8630002737045288,0.8738067150115967,0.8723101615905762,0.9172490835189819,0.939907431602478
95,0.941913366317749,0.9492350816726685,0.9160031080245972,0.8635174036026001,0.8742820620536804,0.9241989850997925,0.9484566450119019,0.9220947623252869,0.943511426448822,0.9121838808059692,0.9032449722290039,0.8582969903945923,0.867124617099762,0.8414084911346436,0.9092977046966553,0.9238022565841675,0.9563690423965454,0.97259521484375,0.9800502061843872,1.000000238418579,0.9628238677978516,0.9163620471954346,0.9033986330032349,0.9561129808425903,0.9666825532913208,0.9578638672828674,0.9415475130081177,0.9242761135101318,0.9244193434715271,0.9104834794998169,0.9075371026992798,0.8612580299377441,0.8780390024185181,0.8918312788009644,0.9323342442512512,0.9305438995361328,0.9376121759414673,0.9477609395980835,0.9070272445678711,0.8698909878730774,0.8456716537475586,0.9118201732635498,0.9350157976150513,0.9346229434013367,0.9248138070106506,0.9040334224700928,0.9145399332046509,0.8958227038383484,0.867948055267334,0.8961823582649231,0.8726693391799927,0.8759384155273438,0.9103893041610718,0.9172208905220032,0.8953989744186401,0.9200084209442139,0.90008544921875,0.8023521900177002,0.7875028252601624,0.9030066728591919,0.8952301740646362,0.9114344120025635,0.9011181592941284,0.8844836354255676,0.9026758670806885,0.8996153473854065,0.906381368637085,0.8717079162597656,0.8891865015029907,0.8753405809402466,0.9200314283370972,0.9378693699836731
100,0.9380697011947632,0.9389565587043762,0.9366390109062195,0.8925808072090149,0.9034751057624817,0.9245578050613403,0.9474614858627319,0.9208567142486572,0.9384210109710693,0.9186384677886963,0.903356671333313,0.8728600144386292,0.8930097818374634,0.8594911098480225,0.923600435256958,0.9416171312332153,0.9566690921783447,0.9529001116752625,0.9622567892074585,0.9628238677978516,1.0,0.9579077959060669,0.9472969174385071,0.9679272174835205,0.9534786939620972,0.962189793586731,0.9398011565208435,0.9306520819664001,0.9324542284011841,0.9363347887992859,0.9253583550453186,0.8982359766960144,0.9028085470199585,0.9148743152618408,0.9282832145690918,0.932988703250885,0.9334070086479187,0.942743182182312,0.9301634430885315,0.9055387377738953,0.8880956172943115,0.9215459823608398,0.9295730590820312,0.9387497901916504,0.9324478507041931,0.9144728183746338,0.9071313738822937,0.905232846736908,0.8769534826278687,0.9117659330368042,0.8901181817054749,0.9127011299133301,0.9170230627059937,0.9214231967926025,0.9239888191223145,0.9319700002670288,0.9447751045227051,0.8756895065307617,0.8671591281890869,0.9310147166252136,0.9218447804450989,0.931283175945282,0.9165146350860596,0.9119089841842651,0.9214297533035278,0.9149377942085266,0.9082386493682861,0.8959900736808777,0.8983466029167175,0.9084165096282959,0.9263589382171631,0.9278149008750916
105,0.8797842264175415,0.8879790902137756,0.9002326726913452,0.9024138450622559,0.8984553813934326,0.9070839285850525,0.9056751728057861,0.8816165328025818,0.8919878602027893,0.8692212104797363,0.8534188866615295,0.8389109969139099,0.8626041412353516,0.831078827381134,0.8945040106773376,0.9070723652839661,0.9095306992530823,0.9082368016242981,0.9155960083007812,0.9163620471954346,0.9579077959060669,1.0000001192092896,0.975676417350769,0.9547015428543091,0.9316658973693848,0.9398021697998047,0.9089838266372681,0.9054556488990784,0.8926069140434265,0.9045192003250122,0.8937045335769653,0.8746241331100464,0.8793472051620483,0.8882829546928406,0.8736068606376648,0.8744451403617859,0.867524266242981,0.8911086320877075,0.8897140026092529,0.9054609537124634,0.8846676349639893,0.903557538986206,0.8949048519134521,0.8954792022705078,0.894400954246521,0.8825470209121704,0.8654657602310181,0.8671889305114746,0.8474370241165161,0.8775590062141418,0.8523485064506531,0.8691343069076538,0.858268141746521,0.856910228729248,0.879088819026947,0.8877353072166443,0.9074154496192932,0.8947649598121643,0.8855550289154053,0.9192105531692505,0.8979095220565796,0.8930157423019409,0.8827884793281555,0.876997709274292,0.8743722438812256,0.8694943189620972,0.8700483441352844,0.8581767082214355,0.8656265139579773,0.8770030736923218,0.8773849606513977,0.8683109283447266
110,0.883616030216217,0.8905500173568726,0.9100735783576965,0.9046155214309692,0.9130622148513794,0.9178122282028198,0.9099695086479187,0.8916026949882507,0.9011512398719788,0.8732101917266846,0.8562382459640503,0.8445336818695068,0.867568850517273,0.8278824090957642,0.8888636827468872,0.9095736742019653,0.9099971652030945,0.8969948291778564,0.8993489742279053,0.9033986330032349,0.9472969174385071,0.975676417350769,1.0,0.9556781649589539,0.9209337830543518,0.9402522444725037,0.9106467962265015,0.9067291617393494,0.8911774158477783,0.9027252197265625,0.8854477405548096,0.8819334506988525,0.8742668628692627,0.8895691633224487,0.8773829340934753,0.8753269910812378,0.8798434734344482,0.8942880630493164,0.8975214958190918,0.9140651822090149,0.903390109539032,0.9127230644226074,0.9013665914535522,0.9050140976905823,0.9042525887489319,0.8876473903656006,0.8669596314430237,0.8664041757583618,0.8434463739395142,0.8717261552810669,0.8507041335105896,0.8744325041770935,0.8642569780349731,0.8527785539627075,0.877754807472229,0.8884530067443848,0.913120448589325,0.8919249773025513,0.8989061117172241,0.9279118776321411,0.903786301612854,0.9017730951309204,0.8902409076690674,0.8762468695640564,0.8804025053977966,0.8756421208381653,0.8645433783531189,0.8625545501708984,0.8682656288146973,0.88474041223526,0.8812527060508728,0.8695233464241028
115,0.9403513073921204,0.9383453726768494,0.9313806295394897,0.8958690166473389,0.9067556858062744,0.941204845905304,0.9485466480255127,0.9294074773788452,0.9451745748519897,0.9121306538581848,0.8964470028877258,0.86131751537323,0.8792599439620972,0.8319863677024841,0.9116905927658081,0.9302695989608765,0.9468281269073486,0.9524425268173218,0.9524602890014648,0.9561129808425903,0.9679272174835205,0.9547015428543091,0.9556781649589539,1.0,0.9608936309814453,0.9719232320785522,0.935086727142334,0.9235861301422119,0.9185060262680054,0.9176675081253052,0.9153420925140381,0.8857439756393433,0.8935068845748901,0.897719144821167,0.931949257850647,0.9303492307662964,0.9342309236526489,0.9434915781021118,0.9216128587722778,0.910881519317627,0.8868680000305176,0.9350732564926147,0.9404974579811096,0.9445062279701233,0.9354629516601562,0.9126562476158142,0.9100132584571838,0.8953467607498169,0.8658322095870972,0.8968475461006165,0.885546088218689,0.8977857828140259,0.9111455678939819,0.9006727337837219,0.9016451835632324,0.9209126830101013,0.9233158826828003,0.8523775339126587,0.8453484773635864,0.9349907040596008,0.9153037071228027,0.9287985563278198,0.9138187766075134,0.8991224765777588,0.9139235019683838,0.9030106067657471,0.9070981740951538,0.8804761171340942,0.8990554809570312,0.8969843983650208,0.9260275363922119,0.9313742518424988
120,0.9201454520225525,0.9277912378311157,0.9002610445022583,0.8672542572021484,0.8656303882598877,0.9130005836486816,0.9392126798629761,0.9092540740966797,0.935030460357666,0.9028305411338806,0.8972707986831665,0.8593440055847168,0.8680033683776855,0.8456476330757141,0.8951951861381531,0.9263567924499512,0.9461164474487305,0.9555304646492004,0.9622803926467896,0.9666825532913208,0.9534786939620972,0.9316658973693848,0.9209337830543518,0.9608936309814453,1.000000238418579,0.9723391532897949,0.9611620903015137,0.945328950881958,0.933632493019104,0.9227123260498047,0.9153105616569519,0.8687500953674316,0.8866991996765137,0.9032596349716187,0.926010012626648,0.9261572360992432,0.9177318811416626,0.9228278398513794,0.8875288963317871,0.8721581697463989,0.8380175828933716,0.9069396257400513,0.9257411956787109,0.9232321977615356,0.927773118019104,0.909178614616394,0.909339189529419,0.8991646766662598,0.8711168766021729,0.8995200395584106,0.8687646389007568,0.8767876625061035,0.9065629243850708,0.9026700854301453,0.8898831605911255,0.909748375415802,0.895405650138855,0.8262676000595093,0.8012930154800415,0.91778564453125,0.9127873182296753,0.9143251180648804,0.9138261079788208,0.8955073952674866,0.9074815511703491,0.9016598463058472,0.9076109528541565,0.8671333193778992,0.8875812292098999,0.8830972909927368,0.9194254875183105,0.9278547167778015
125,0.9332306385040283,0.9362802505493164,0.921838641166687,0.8847365975379944,0.8877243399620056,0.9266903400421143,0.9469790458679199,0.9371803998947144,0.9515819549560547,0.9227267503738403,0.9103451371192932,0.8797209858894348,0.8936066031455994,0.8598403930664062,0.9234153032302856,0.9522649645805359,0.9598786234855652,0.9511677026748657,0.9510916471481323,0.9578638672828674,0.962189793586731,0.9398021697998047,0.9402522444725037,0.9719232320785522,0.9723391532897949,1.0,0.9629063606262207,0.953775942325592,0.9465729594230652,0.9418137669563293,0.9264463186264038,0.8971081972122192,0.9082165956497192,0.9201854467391968,0.9431338906288147,0.930709719657898,0.936410129070282,0.931585967540741,0.9102673530578613,0.8915146589279175,0.8626786470413208,0.918790340423584,0.9305635094642639,0.942729115486145,0.9398607015609741,0.9227905869483948,0.9226921200752258,0.9085947275161743,0.8811472654342651,0.9097449779510498,0.8950849771499634,0.9074715971946716,0.9243466258049011,0.9031283855438232,0.8995382189750671,0.9191585183143616,0.9100171327590942,0.8414410352706909,0.827920138835907,0.9229733943939209,0.9135846495628357,0.9366884231567383,0.9226033687591553,0.9097952246665955,0.9244471788406372,0.9197887182235718,0.909387469291687,0.8853020668029785,0.9086808562278748,0.9105483293533325,0.936430811882019,0.9358276724815369
130,0.9095867872238159,0.9103037714958191,0.8945798873901367,0.8556713461875916,0.8613019585609436,0.9019909501075745,0.9282201528549194,0.921096920967102,0.9442079067230225,0.9148386716842651,0.901986837387085,0.8730911016464233,0.8783929347991943,0.8660353422164917,0.9015548825263977,0.935215950012207,0.9526711702346802,0.9436095952987671,0.9411081075668335,0.9415475130081177,0.9398011565208435,0.9089838266372681,0.9106467962265015,0.935086727142334,0.9611620903015137,0.9629063606262207,1.0000001192092896,0.9628039598464966,0.9526398777961731,0.9356430768966675,0.9008662104606628,0.8836615085601807,0.9049651026725769,0.9251363277435303,0.9266283512115479,0.9257452487945557,0.9266834259033203,0.910320520401001,0.8880279064178467,0.8610016107559204,0.8382772207260132,0.8940237760543823,0.9096787571907043,0.9252254962921143,0.9359921813011169,0.9107092022895813,0.9141926169395447,0.8988052010536194,0.8690271973609924,0.9002544283866882,0.8849198818206787,0.8928743600845337,0.9158404469490051,0.9098110795021057,0.9066894054412842,0.9147868156433105,0.9037606716156006,0.827768862247467,0.8178806304931641,0.911367654800415,0.9099949598312378,0.9176097512245178,0.9305029511451721,0.9074065685272217,0.9119398593902588,0.908854603767395,0.8950991630554199,0.8735761642456055,0.8846002817153931,0.8937687277793884,0.9154505729675293,0.915295422077179
135,0.9006222486495972,0.9080084562301636,0.9008546471595764,0.8614176511764526,0.8622177839279175,0.9020116329193115,0.9264377355575562,0.927454948425293,0.9335922598838806,0.9388529062271118,0.9130673408508301,0.8913877010345459,0.8884902596473694,0.8840202689170837,0.9045419692993164,0.9466240406036377,0.938739538192749,0.9186621308326721,0.9216163754463196,0.9242761135101318,0.9306520819664001,0.9054556488990784,0.9067291617393494,0.9235861301422119,0.945328950881958,0.953775942325592,0.9628039598464966,1.0,0.9448786377906799,0.9391326308250427,0.9061470031738281,0.892315685749054,0.9075366258621216,0.9275702238082886,0.9139503836631775,0.9150838851928711,0.9108355045318604,0.9002007246017456,0.8860070705413818,0.8628032207489014,0.8357725143432617,0.888017475605011,0.9031514525413513,0.9245670437812805,0.9323683977127075,0.9346906542778015,0.9231343865394592,0.9175013303756714,0.8858760595321655,0.9153285026550293,0.8971261382102966,0.9154027104377747,0.9114640355110168,0.8972005844116211,0.8946434259414673,0.9088698029518127,0.9028021097183228,0.839714765548706,0.8218899965286255,0.9023637771606445,0.9071596264839172,0.925690233707428,0.9329192638397217,0.9414476156234741,0.9250215291976929,0.9245517253875732,0.9072763919830322,0.8928024768829346,0.9008061289787292,0.9100096225738525,0.9176363945007324,0.9076473116874695
140,0.9062110185623169,0.9077327251434326,0.9105622172355652,0.8605400919914246,0.8727567791938782,0.9035999774932861,0.9335933327674866,0.9327489733695984,0.9438040256500244,0.931868314743042,0.9443111419677734,0.917526125907898,0.9167860746383667,0.8911263942718506,0.9300139546394348,0.9546763300895691,0.9308831691741943,0.9121339321136475,0.9137541651725769,0.9244193434715271,0.9324542284011841,0.8926069140434265,0.8911774158477783,0.9185060262680054,0.933632493019104,0.9465729594230652,0.9526398777961731,0.9448786377906799,1.0000001192092896,0.9679619669914246,0.9257851839065552,0.9101722836494446,0.9297067523002625,0.9220142364501953,0.9323082566261292,0.9198802709579468,0.9193035960197449,0.9147353172302246,0.9050095081329346,0.871963620185852,0.8510822057723999,0.891240119934082,0.9046326279640198,0.9248027801513672,0.9367736577987671,0.9214567542076111,0.944079577922821,0.9311932325363159,0.9077218770980835,0.9245688915252686,0.9216462969779968,0.9174013733863831,0.914783775806427,0.8985326290130615,0.8897325992584229,0.9115676283836365,0.9036191701889038,0.8290162086486816,0.8166636228561401,0.8958913087844849,0.8995065689086914,0.9160282611846924,0.9213259220123291,0.9097046256065369,0.9464622735977173,0.9432958364486694,0.9147403836250305,0.9106389880180359,0.9237056970596313,0.91420978307724,0.9233585000038147,0.9136837720870972
