,0,5,10,15,20,25,30,35,40,45,50,55,60,65,70,75,80,85,90,95,100,105,110,115,120,125,130,135,140,145,150,155,160,165,170,175,180,185,190,195,200,205,210,215,220,225,230,235,240,245,250,255,260,265,270,275,280,285,290,295,300,305,310,315,320,325,330,335,340,345,350,355
0,1.0,0.9543504118919373,0.964123547077179,0.9516592025756836,0.9503062963485718,0.9367924928665161,0.879213809967041,0.8793798685073853,0.870228111743927,0.847841739654541,0.834653377532959,0.8374574780464172,0.8343188166618347,0.8360924124717712,0.8348112106323242,0.836252748966217,0.8402946591377258,0.8353966474533081,0.8373476266860962,0.8333224654197693,0.8360332250595093,0.8358994126319885,0.8220821619033813,0.8247948884963989,0.8159317970275879,0.8136515021324158,0.8193911910057068,0.8276192545890808,0.8266600966453552,0.8226748704910278,0.8236523866653442,0.8238994479179382,0.8330768942832947,0.8137245774269104,0.8217108845710754,0.8439226150512695,0.8360276818275452,0.8487141132354736,0.8212676644325256,0.8394965529441833,0.8413429856300354,0.8286802768707275,0.8316882848739624,0.8273029327392578,0.8217252492904663,0.8212822079658508,0.8147202730178833,0.8121996521949768,0.8159772157669067,0.8200901746749878,0.8212504386901855,0.830424964427948,0.8324426412582397,0.8250784873962402,0.8296741247177124,0.8282029628753662,0.8229862451553345,0.8169660568237305,0.8144382834434509,0.8258495926856995,0.8288897275924683,0.8286808729171753,0.8320013880729675,0.8390827178955078,0.868281900882721,0.8864449858665466,0.896419882774353,0.9400936961174011,0.9507380723953247,0.9592711925506592,0.9650921821594238,0.9562491178512573
5,0.9543504118919373,1.0000001192092896,0.9709380269050598,0.9635158777236938,0.9430460333824158,0.9259697198867798,0.8579617142677307,0.8589118123054504,0.8500288128852844,0.8258901834487915,0.8089922666549683,0.8107328414916992,0.8086807727813721,0.8110616207122803,0.8121638298034668,0.8153505921363831,0.8208020329475403,0.8166248202323914,0.8164730072021484,0.8146421909332275,0.8171463012695312,0.8172733187675476,0.8025794625282288,0.8038138151168823,0.7915036082267761,0.7869526743888855,0.7918928861618042,0.8009001016616821,0.8024787902832031,0.7959883213043213,0.795222818851471,0.8015019297599792,0.8172332644462585,0.7904841899871826,0.7932201623916626,0.823421061038971,0.8224941492080688,0.8302489519119263,0.7927052974700928,0.8187004327774048,0.8219555616378784,0.8056368231773376,0.8077781200408936,0.8041844964027405,0.7970375418663025,0.7940422892570496,0.7876694202423096,0.7844172716140747,0.7905168533325195,0.7989290356636047,0.8012441992759705,0.8108260035514832,0.8162333965301514,0.8058335185050964,0.8124325275421143,0.8097984790802002,0.8025637269020081,0.7942754030227661,0.7906360030174255,0.8024821281433105,0.8030897378921509,0.8020346164703369,0.803795576095581,0.8124145865440369,0.8483442068099976,0.8630817532539368,0.8773043751716614,0.9339823126792908,0.943285346031189,0.9606720209121704,0.9789303541183472,0.9923689961433411
10,0.964123547077179,0.9709380269050598,1.0000003576278687,0.9775305986404419,0.9714158177375793,0.9557433128356934,0.9019960165023804,0.8989023566246033,0.8894127011299133,0.8640949726104736,0.8473683595657349,0.8487268686294556,0.8474472761154175,0.848259449005127,0.8486859202384949,0.8491194844245911,0.8512147665023804,0.8463501930236816,0.847284734249115,0.8456484079360962,0.8468753695487976,0.8472529053688049,0.8380712270736694,0.8430305123329163,0.831466019153595,0.8314306735992432,0.8392101526260376,0.8441287279129028,0.8445831537246704,0.8362981081008911,0.8356580138206482,0.8368507623672485,0.8475152254104614,0.8240903615951538,0.8303762674331665,0.8405847549438477,0.8222148418426514,0.8510326147079468,0.8274514675140381,0.8481408953666687,0.8514001965522766,0.8383547067642212,0.8413954973220825,0.8398533463478088,0.8356930017471313,0.8339465260505676,0.8271300792694092,0.8235385417938232,0.8277288675308228,0.8354347944259644,0.8355345129966736,0.844161331653595,0.8474552035331726,0.8384197950363159,0.8447129130363464,0.8425073623657227,0.8382261395454407,0.8297067284584045,0.8268243670463562,0.8379401564598083,0.8407208323478699,0.8412344455718994,0.8444063067436218,0.8531413078308105,0.8875604867935181,0.9010233879089355,0.9141089916229248,0.9584503769874573,0.9670420289039612,0.974376916885376,0.9876735210418701,0.9721006155014038
15,0.9516592025756836,0.9635158777236938,0.9775305986404419,0.9999998807907104,0.9761353731155396,0.9551714658737183,0.8885459899902344,0.8864492774009705,0.8758811950683594,0.8490055799484253,0.8313413858413696,0.8331794142723083,0.8293478488922119,0.8293558359146118,0.8302600383758545,0.8321312665939331,0.8360898494720459,0.8309994339942932,0.8335858583450317,0.8311476111412048,0.8307442665100098,0.8320065140724182,0.8255710005760193,0.8305956721305847,0.8195180296897888,0.8200554847717285,0.8299422264099121,0.8350362777709961,0.8319820761680603,0.8247625231742859,0.8240644931793213,0.8250747919082642,0.8423879146575928,0.8189870119094849,0.8193109035491943,0.8329792022705078,0.8144505023956299,0.8387187719345093,0.8141729831695557,0.8458157777786255,0.8441784977912903,0.8219509124755859,0.8253757953643799,0.8250511288642883,0.8205662369728088,0.8183452486991882,0.8112198710441589,0.807918131351471,0.8129813075065613,0.8195391297340393,0.8212627172470093,0.8307977318763733,0.833247184753418,0.8218453526496887,0.8285425305366516,0.8266620635986328,0.8201724290847778,0.8134355545043945,0.8097033500671387,0.8200708627700806,0.8273996114730835,0.8290433883666992,0.8330921530723572,0.840924084186554,0.8753860592842102,0.8894913196563721,0.8991721868515015,0.9529902935028076,0.9713062047958374,0.986018180847168,0.9710379838943481,0.963337242603302
20,0.9503062963485718,0.9430460333824158,0.9714158177375793,0.9761353731155396,0.9999999403953552,0.9906870722770691,0.9477020502090454,0.9433488845825195,0.9338048696517944,0.9080067873001099,0.8930883407592773,0.8943191170692444,0.8893629312515259,0.8869289755821228,0.8878535032272339,0.8885287046432495,0.8919432163238525,0.8859801292419434,0.888825535774231,0.8871546983718872,0.8841755390167236,0.8861784934997559,0.8807786703109741,0.8871129155158997,0.8782095909118652,0.8786407709121704,0.8858485817909241,0.8886269330978394,0.8872798681259155,0.8795775771141052,0.878912091255188,0.8712499737739563,0.8745168447494507,0.8614099621772766,0.8665288686752319,0.8592706918716431,0.8200343251228333,0.8711434602737427,0.8625103831291199,0.8780414462089539,0.8806942105293274,0.8686107397079468,0.8742966651916504,0.8763833045959473,0.874139666557312,0.8751865029335022,0.8703950643539429,0.8670290112495422,0.8730072975158691,0.8783897161483765,0.8786635398864746,0.885294497013092,0.8861002922058105,0.8772518038749695,0.8839902281761169,0.8860988616943359,0.8804994821548462,0.8749818205833435,0.8717740178108215,0.8798814415931702,0.8888577818870544,0.8910171389579773,0.8955389857292175,0.9021308422088623,0.9324103593826294,0.9452851414680481,0.9525284767150879,0.986884593963623,0.9943884611129761,0.9771062731742859,0.9647488594055176,0.9473059177398682
25,0.9367924928665161,0.9259697198867798,0.9557433128356934,0.9551714658737183,0.9906870722770691,0.9999998807907104,0.9686816930770874,0.9653801321983337,0.957795262336731,0.9378137588500977,0.9262934923171997,0.9258444309234619,0.9202803373336792,0.9173521995544434,0.9200870990753174,0.9210785031318665,0.922793447971344,0.9163611531257629,0.919541597366333,0.9184759855270386,0.9141838550567627,0.9166553616523743,0.9111314415931702,0.9167810678482056,0.9084047675132751,0.9064258933067322,0.9102190732955933,0.9124419093132019,0.9123969078063965,0.9037269949913025,0.9025359749794006,0.8906512260437012,0.8890165090560913,0.8807117342948914,0.8865612745285034,0.8663865923881531,0.8129470348358154,0.882461428642273,0.8831050395965576,0.8930321335792542,0.8981351256370544,0.8893226981163025,0.8956018686294556,0.8985575437545776,0.8978308439254761,0.9008623957633972,0.898655116558075,0.8966079354286194,0.9041207432746887,0.9107741713523865,0.9112226963043213,0.9170560240745544,0.9164917469024658,0.9098008871078491,0.9154080748558044,0.9175982475280762,0.9124917984008789,0.9094927906990051,0.9068136215209961,0.9112256765365601,0.9200785756111145,0.9235114455223083,0.928009569644928,0.9324637651443481,0.9568959474563599,0.9670865535736084,0.9705613255500793,0.9937847852706909,0.9891389608383179,0.9597069621086121,0.9511721730232239,0.9301269054412842
30,0.879213809967041,0.8579617142677307,0.9019960165023804,0.8885459899902344,0.9477020502090454,0.9686816930770874,0.9999999403953552,0.9948049187660217,0.9909287691116333,0.9809946417808533,0.9726196527481079,0.9706319570541382,0.9670758843421936,0.9606569409370422,0.9624491930007935,0.9618701934814453,0.9610680341720581,0.9539909362792969,0.955829381942749,0.9559799432754517,0.949739933013916,0.9522419571876526,0.9485089778900146,0.9513689279556274,0.9470466375350952,0.9465267658233643,0.9451200366020203,0.9424704313278198,0.944122314453125,0.9334065914154053,0.9346559047698975,0.9140955209732056,0.8948686122894287,0.9022854566574097,0.9154142737388611,0.8562568426132202,0.7856175899505615,0.8798932433128357,0.9093669056892395,0.8920239806175232,0.9060378670692444,0.916957676410675,0.9229224920272827,0.9242488741874695,0.928576648235321,0.9387838840484619,0.9398970007896423,0.9372356534004211,0.9446672201156616,0.949317455291748,0.948711633682251,0.9546470642089844,0.9512307643890381,0.9484134912490845,0.9504949450492859,0.9579267501831055,0.956038236618042,0.9554705619812012,0.9546445608139038,0.957639753818512,0.9669286608695984,0.9709448218345642,0.9737586975097656,0.978410542011261,0.9895015358924866,0.9919286966323853,0.9923076629638672,0.964989185333252,0.9462847113609314,0.9005979299545288,0.8860729336738586,0.8641682863235474
35,0.8793798685073853,0.8589118123054504,0.8989023566246033,0.8864492774009705,0.9433488845825195,0.9653801321983337,0.9948049187660217,1.0,0.995399534702301,0.9868119359016418,0.9801664352416992,0.978702187538147,0.9762486219406128,0.9708777666091919,0.9716261625289917,0.9724256992340088,0.972736120223999,0.9669826626777649,0.9680216312408447,0.9680448770523071,0.9637715220451355,0.9652135372161865,0.9595419764518738,0.9595124125480652,0.9557449221611023,0.9530424475669861,0.9507437944412231,0.9490794539451599,0.9492294192314148,0.9375602006912231,0.9361737966537476,0.9139993190765381,0.8937743306159973,0.8998046517372131,0.9116955995559692,0.8578518629074097,0.7864145636558533,0.880103588104248,0.9063323140144348,0.8916029334068298,0.9059175848960876,0.9178900122642517,0.9246964454650879,0.9292470812797546,0.9351217746734619,0.9465238451957703,0.9491393566131592,0.9464598894119263,0.954218327999115,0.959661066532135,0.9602190256118774,0.9666080474853516,0.9642915725708008,0.9617205262184143,0.9632850885391235,0.9682376384735107,0.9664559960365295,0.9646004438400269,0.9625726342201233,0.9673340320587158,0.9751635193824768,0.9769893288612366,0.9793241620063782,0.9843183159828186,0.9945526719093323,0.9962496757507324,0.9918979406356812,0.9637585878372192,0.9456545114517212,0.8994898200035095,0.8876451849937439,0.8662702441215515
40,0.870228111743927,0.8500288128852844,0.8894127011299133,0.8758811950683594,0.9338048696517944,0.957795262336731,0.9909287691116333,0.995399534702301,1.0000001192092896,0.9930967092514038,0.9873584508895874,0.9855044484138489,0.9848944544792175,0.9807647466659546,0.9813101291656494,0.9808151721954346,0.978602945804596,0.9734539985656738,0.974245548248291,0.9756696224212646,0.9709782600402832,0.9723761081695557,0.9670383334159851,0.9656156301498413,0.9627689719200134,0.9594335556030273,0.9552245140075684,0.9542555809020996,0.95648193359375,0.9432046413421631,0.9417626261711121,0.922351598739624,0.9017286896705627,0.9074616432189941,0.915727972984314,0.8540498614311218,0.7772359848022461,0.880534291267395,0.9126331210136414,0.8975683450698853,0.914014995098114,0.927368700504303,0.9341360926628113,0.9378764629364014,0.9438003301620483,0.9532297253608704,0.9553113579750061,0.9547528028488159,0.9630734324455261,0.9683164358139038,0.9689863324165344,0.9747365117073059,0.9736504554748535,0.9719621539115906,0.972374439239502,0.9760022163391113,0.9762841463088989,0.9760152101516724,0.9744461178779602,0.9773267507553101,0.9835561513900757,0.9844924807548523,0.9859983921051025,0.989037036895752,0.9966301918029785,0.9923014640808105,0.98898845911026,0.9577950835227966,0.9380741119384766,0.8918192982673645,0.8763598203659058,0.8562155961990356
45,0.847841739654541,0.8258901834487915,0.8640949726104736,0.8490055799484253,0.9080067873001099,0.9378137588500977,0.9809946417808533,0.9868119359016418,0.9930967092514038,0.9999997019767761,0.9969711899757385,0.9946978688240051,0.9935605525970459,0.9875789284706116,0.9888246059417725,0.9880165457725525,0.9818460941314697,0.976184606552124,0.9766667485237122,0.9793020486831665,0.9767251014709473,0.9797825813293457,0.9743970036506653,0.9712445139884949,0.9707494974136353,0.9663801193237305,0.9596385955810547,0.9595860242843628,0.9624084830284119,0.9504215717315674,0.949215829372406,0.9315974712371826,0.9094098806381226,0.9180280566215515,0.9262987971305847,0.8569009900093079,0.7758997678756714,0.8849048018455505,0.9237464666366577,0.9050127267837524,0.9223614931106567,0.938296377658844,0.944245457649231,0.9472563862800598,0.9530116319656372,0.9636184573173523,0.9658634066581726,0.9654284715652466,0.9721736907958984,0.9761854410171509,0.977031946182251,0.9816895127296448,0.9797045588493347,0.9780387282371521,0.9754458665847778,0.9794672727584839,0.9808832406997681,0.9852241277694702,0.9844082593917847,0.9860879778862,0.9918345212936401,0.9937002062797546,0.9948620796203613,0.9966755509376526,0.9922120571136475,0.9848459959030151,0.9809373617172241,0.9401326179504395,0.9159635901451111,0.8686218857765198,0.8511486053466797,0.8329477310180664
50,0.834653377532959,0.8089922666549683,0.8473683595657349,0.8313413858413696,0.8930883407592773,0.9262934923171997,0.9726196527481079,0.9801664352416992,0.9873584508895874,0.9969711899757385,1.0,0.9973793625831604,0.9948058128356934,0.9898703098297119,0.99122554063797,0.9908410906791687,0.9836663603782654,0.9789935350418091,0.9795767068862915,0.9818365573883057,0.980345606803894,0.9831207394599915,0.9776940941810608,0.972691535949707,0.9732987284660339,0.9670512080192566,0.9589711427688599,0.959121823310852,0.9616301655769348,0.9508152604103088,0.9491081237792969,0.9312537312507629,0.9070241451263428,0.916938066482544,0.9239449501037598,0.8477883338928223,0.7603740692138672,0.8764853477478027,0.9220798015594482,0.902781069278717,0.9213355779647827,0.9381855130195618,0.9430685639381409,0.9461898803710938,0.9520360231399536,0.9637490510940552,0.9663693308830261,0.9675345420837402,0.9750766754150391,0.9784766435623169,0.9802109003067017,0.9845269918441772,0.9826145172119141,0.982073962688446,0.9787198305130005,0.9814878702163696,0.983830451965332,0.9893631935119629,0.9888465404510498,0.9881367683410645,0.9931986927986145,0.9945909976959229,0.9956112504005432,0.9956783056259155,0.9860945343971252,0.9783480763435364,0.9712203145027161,0.9276303052902222,0.9026921987533569,0.8531076312065125,0.8361128568649292,0.8156309127807617
55,0.8374574780464172,0.8107328414916992,0.8487268686294556,0.8331794142723083,0.8943191170692444,0.9258444309234619,0.9706319570541382,0.978702187538147,0.9855044484138489,0.9946978688240051,0.9973793625831604,1.0000001192092896,0.9959287643432617,0.9909895062446594,0.9923126697540283,0.9915337562561035,0.9837263822555542,0.9791211485862732,0.9793226718902588,0.9818421602249146,0.9822016954421997,0.9851646423339844,0.979644775390625,0.9738477468490601,0.9748899936676025,0.9677352905273438,0.9587384462356567,0.9591725468635559,0.9610726237297058,0.9512683153152466,0.9495184421539307,0.9310081005096436,0.9049173593521118,0.9144955277442932,0.920801043510437,0.8459447026252747,0.7579437494277954,0.8732642531394958,0.9196904301643372,0.9005931615829468,0.9199683666229248,0.9384418725967407,0.9436981678009033,0.9473913311958313,0.9520907402038574,0.9637870788574219,0.9669609069824219,0.96915602684021,0.9767592549324036,0.97899329662323,0.9808868765830994,0.9844923615455627,0.9832102060317993,0.9819628000259399,0.9782232046127319,0.9810665845870972,0.9831126928329468,0.9905146360397339,0.9897409081459045,0.9886226654052734,0.9939826130867004,0.9952192902565002,0.9944849610328674,0.9939793348312378,0.9845489859580994,0.9777823090553284,0.9710368514060974,0.927840530872345,0.9044808745384216,0.8571212887763977,0.8383996486663818,0.8186776638031006
60,0.8343188166618347,0.8086807727813721,0.8474472761154175,0.8293478488922119,0.8893629312515259,0.9202803373336792,0.9670758843421936,0.9762486219406128,0.9848944544792175,0.9935605525970459,0.9948058128356934,0.9959287643432617,0.9999998211860657,0.9967329502105713,0.9958315491676331,0.9943135976791382,0.9871708750724792,0.9824837446212769,0.9815662503242493,0.9848725199699402,0.9841160774230957,0.9846471548080444,0.9780157208442688,0.9710213541984558,0.9716024398803711,0.9645132422447205,0.9549673795700073,0.9547891616821289,0.9576705098152161,0.9440562129020691,0.9415616989135742,0.9222737550735474,0.8968181610107422,0.9058436155319214,0.9131433367729187,0.8430766463279724,0.7567134499549866,0.8721331357955933,0.9116575717926025,0.8921780586242676,0.911271333694458,0.9317072629928589,0.9383323788642883,0.9421548843383789,0.9482328295707703,0.9595021605491638,0.9641315937042236,0.966336727142334,0.9738084673881531,0.9775075316429138,0.9791290760040283,0.9834141135215759,0.9846551418304443,0.9850877523422241,0.9823552370071411,0.9851836562156677,0.9880618453025818,0.9924576282501221,0.9923210740089417,0.9951866865158081,0.9966325759887695,0.9942975044250488,0.9917656183242798,0.9903184771537781,0.9850032329559326,0.9747625589370728,0.9688146114349365,0.9230692386627197,0.8982219696044922,0.8522598743438721,0.8352914452552795,0.8162217736244202
65,0.8360924124717712,0.8110616207122803,0.848259449005127,0.8293558359146118,0.8869289755821228,0.9173521995544434,0.9606569409370422,0.9708777666091919,0.9807647466659546,0.9875789284706116,0.9898703098297119,0.9909895062446594,0.9967329502105713,0.9999998807907104,0.9979153871536255,0.9965968728065491,0.9917142391204834,0.9893556833267212,0.9877285957336426,0.9902641177177429,0.9895415306091309,0.9871399402618408,0.9790105819702148,0.9700973629951477,0.9711723327636719,0.9634443521499634,0.9529425501823425,0.9537262916564941,0.9562627077102661,0.9421875476837158,0.9392255544662476,0.9193860292434692,0.8935316205024719,0.9011282324790955,0.907670259475708,0.8427294492721558,0.7530810832977295,0.8704311847686768,0.9071617126464844,0.8886641263961792,0.9100515842437744,0.9306999444961548,0.9362888336181641,0.9397950172424316,0.9454097747802734,0.9569127559661865,0.9609017968177795,0.9649974703788757,0.9729032516479492,0.9770360589027405,0.9793597459793091,0.9846450090408325,0.987756609916687,0.9910742044448853,0.9897196292877197,0.9898195862770081,0.992347776889801,0.9941266179084778,0.9937543869018555,0.996469259262085,0.9944354891777039,0.9896772503852844,0.9858328104019165,0.983182966709137,0.9796276688575745,0.9692699909210205,0.9617537260055542,0.9196692705154419,0.895700216293335,0.8528623580932617,0.8371459245681763,0.8184881210327148
70,0.8348112106323242,0.8121638298034668,0.8486859202384949,0.8302600383758545,0.8878535032272339,0.9200870990753174,0.9624491930007935,0.9716261625289917,0.9813101291656494,0.9888246059417725,0.99122554063797,0.9923126697540283,0.9958315491676331,0.9979153871536255,1.0,0.9986413717269897,0.9923527240753174,0.9890440702438354,0.9878735542297363,0.9905973672866821,0.9902336001396179,0.9895638227462769,0.9831180572509766,0.9755571484565735,0.9749197959899902,0.966894268989563,0.9561333656311035,0.9562814831733704,0.9599758386611938,0.9461142420768738,0.9430687427520752,0.9245587587356567,0.9000710844993591,0.9080285429954529,0.9144142866134644,0.8446246385574341,0.7543371319770813,0.8740062713623047,0.9132692217826843,0.895018994808197,0.9153008460998535,0.9341716766357422,0.9389169216156006,0.9429587125778198,0.9485114812850952,0.9599714279174805,0.9642042517662048,0.9686804413795471,0.9766413569450378,0.9815273284912109,0.9837887287139893,0.988108217716217,0.9899416565895081,0.9916462898254395,0.9900296926498413,0.9904689192771912,0.9930331707000732,0.996243417263031,0.9954198598861694,0.9947147369384766,0.9943839311599731,0.9912402033805847,0.9879983067512512,0.9851027131080627,0.9808231592178345,0.9704906940460205,0.9626778364181519,0.9221654534339905,0.896835207939148,0.8531112670898438,0.8379445672035217,0.8189455270767212
75,0.836252748966217,0.8153505921363831,0.8491194844245911,0.8321312665939331,0.8885287046432495,0.9210785031318665,0.9618701934814453,0.9724256992340088,0.9808151721954346,0.9880165457725525,0.9908410906791687,0.9915337562561035,0.9943135976791382,0.9965968728065491,0.9986413717269897,1.0000001192092896,0.9955676198005676,0.9930239915847778,0.9919831156730652,0.9936779737472534,0.9932047128677368,0.9917289614677429,0.9842650890350342,0.9758991003036499,0.9745222330093384,0.965707540512085,0.9552069902420044,0.9559288620948792,0.9582122564315796,0.9455869793891907,0.9429301023483276,0.9226650595664978,0.8974188566207886,0.9056611657142639,0.9122476577758789,0.8444554805755615,0.7544757723808289,0.8724451661109924,0.9111294746398926,0.8932985067367554,0.91364586353302,0.9322672486305237,0.9371545314788818,0.9411134719848633,0.9463475346565247,0.9590068459510803,0.9631093144416809,0.9673624038696289,0.9758942127227783,0.9811912775039673,0.9843422770500183,0.9897592663764954,0.9915831089019775,0.9930076003074646,0.9919619560241699,0.9924473166465759,0.9935033917427063,0.9957579374313354,0.9942299127578735,0.9940605163574219,0.9938377141952515,0.9903619289398193,0.9871208071708679,0.9853322505950928,0.9807800650596619,0.9717476963996887,0.9623410105705261,0.9225661158561707,0.89759761095047,0.8541016578674316,0.8410846590995789,0.8225070834159851
80,0.8402946591377258,0.8208020329475403,0.8512147665023804,0.8360898494720459,0.8919432163238525,0.922793447971344,0.9610680341720581,0.972736120223999,0.978602945804596,0.9818460941314697,0.9836663603782654,0.9837263822555542,0.9871708750724792,0.9917142391204834,0.9923527240753174,0.9955676198005676,1.0000001192092896,0.9982619881629944,0.9973763227462769,0.9966294765472412,0.9931741952896118,0.9885191321372986,0.979841411113739,0.9707122445106506,0.9690781235694885,0.9620907306671143,0.9520425796508789,0.9532460570335388,0.9522637724876404,0.9401026368141174,0.9369251728057861,0.9135509133338928,0.8885281085968018,0.8975095748901367,0.9052373766899109,0.8454452157020569,0.7599770426750183,0.8723376393318176,0.9042074680328369,0.8854766488075256,0.9053822159767151,0.9224669337272644,0.9279358386993408,0.9332420229911804,0.9392974376678467,0.9545304179191589,0.9588903784751892,0.9609657526016235,0.9683754444122314,0.9735095500946045,0.9774193167686462,0.9865241646766663,0.9883449673652649,0.991631805896759,0.9943917989730835,0.9967393279075623,0.9946821331977844,0.9901114106178284,0.9886200428009033,0.9910243153572083,0.9899399280548096,0.9853259921073914,0.9815064668655396,0.9803945422172546,0.980111837387085,0.973757803440094,0.9625518321990967,0.9237563610076904,0.9009902477264404,0.8566691279411316,0.8455910682678223,0.8276978135108948
85,0.8353966474533081,0.8166248202323914,0.8463501930236816,0.8309994339942932,0.8859801292419434,0.9163611531257629,0.9539909362792969,0.9669826626777649,0.9734539985656738,0.976184606552124,0.9789935350418091,0.9791211485862732,0.9824837446212769,0.9893556833267212,0.9890440702438354,0.9930239915847778,0.9982619881629944,0.9999998211860657,0.998605489730835,0.9972873330116272,0.9946513175964355,0.9893360733985901,0.9806151986122131,0.9705360531806946,0.9695883393287659,0.961740255355835,0.9523109793663025,0.9543225765228271,0.9521766901016235,0.9407681822776794,0.9379572868347168,0.91361403465271,0.8874928951263428,0.8966003060340881,0.9029885530471802,0.843838095664978,0.7557817101478577,0.8697203397750854,0.9028156995773315,0.8847951889038086,0.9055609107017517,0.9233156442642212,0.9281825423240662,0.9322258830070496,0.9379211664199829,0.9539345502853394,0.9576289653778076,0.9605834484100342,0.9684340953826904,0.9729762673377991,0.9771429300308228,0.9864988327026367,0.9890128970146179,0.992726743221283,0.9951695203781128,0.9952483177185059,0.9927231073379517,0.9872644543647766,0.9850550889968872,0.9876238107681274,0.9857957363128662,0.980040967464447,0.9758472442626953,0.9749740958213806,0.9738829731941223,0.9670350551605225,0.9543290138244629,0.916102409362793,0.8952298164367676,0.8513271808624268,0.8422763347625732,0.8240622282028198
90,0.8373476266860962,0.8164730072021484,0.847284734249115,0.8335858583450317,0.888825535774231,0.919541597366333,0.955829381942749,0.9680216312408447,0.974245548248291,0.9766667485237122,0.9795767068862915,0.9793226718902588,0.9815662503242493,0.9877285957336426,0.9878735542297363,0.9919831156730652,0.9973763227462769,0.998605489730835,1.0,0.9983322620391846,0.9947893619537354,0.9899880290031433,0.9827966094017029,0.9734793305397034,0.9726266860961914,0.965681791305542,0.9569557905197144,0.958324670791626,0.9558320045471191,0.9450305700302124,0.9423635005950928,0.9181005954742432,0.8922427296638489,0.9018968939781189,0.9085031151771545,0.8485250473022461,0.76047283411026,0.8749434947967529,0.9087196588516235,0.8904032111167908,0.9108057022094727,0.9269254207611084,0.9321903586387634,0.9366640448570251,0.9429169297218323,0.9584167003631592,0.9619081616401672,0.9643380641937256,0.9714306592941284,0.9753133654594421,0.9796737432479858,0.988206148147583,0.98963463306427,0.9928799867630005,0.995109498500824,0.9949612021446228,0.9923335313796997,0.9873701333999634,0.9854314923286438,0.9865143299102783,0.985889196395874,0.9811744689941406,0.9781759977340698,0.976733386516571,0.9746447801589966,0.9687235951423645,0.9560707211494446,0.9185429811477661,0.8983280062675476,0.8534123301506042,0.8431965708732605,0.8235734701156616
95,0.8333224654197693,0.8146421909332275,0.8456484079360962,0.8311476111412048,0.8871546983718872,0.9184759855270386,0.9559799432754517,0.9680448770523071,0.9756696224212646,0.9793020486831665,0.9818365573883057,0.9818421602249146,0.9848725199699402,0.9902641177177429,0.9905973672866821,0.9936779737472534,0.9966294765472412,0.9972873330116272,0.9983322620391846,1.0000001192092896,0.9966472387313843,0.9924768209457397,0.9858852624893188,0.9762384295463562,0.9761703014373779,0.9694966077804565,0.959983229637146,0.9613450765609741,0.9608524441719055,0.9487440586090088,0.9448567032814026,0.9226260781288147,0.8985372185707092,0.906757116317749,0.9117964506149292,0.8529115319252014,0.7624473571777344,0.8801375031471252,0.9122722744941711,0.8953060507774353,0.9156465530395508,0.9315129518508911,0.9370265007019043,0.9427750706672668,0.949463427066803,0.9622625708580017,0.9664687514305115,0.969151496887207,0.9753999710083008,0.979616641998291,0.9836201667785645,0.9902971982955933,0.992285966873169,0.9952263832092285,0.9961376190185547,0.995266318321228,0.9939931035041809,0.9903450012207031,0.9884644746780396,0.9890503883361816,0.9878890514373779,0.9838147163391113,0.9807834625244141,0.9780980348587036,0.9756217002868652,0.9680424928665161,0.9566482901573181,0.9191406965255737,0.8972167372703552,0.8522987365722656,0.8408701419830322,0.8225182294845581
100,0.8360332250595093,0.8171463012695312,0.8468753695487976,0.8307442665100098,0.8841755390167236,0.9141838550567627,0.949739933013916,0.9637715220451355,0.9709782600402832,0.9767251014709473,0.980345606803894,0.9822016954421997,0.9841160774230957,0.9895415306091309,0.9902336001396179,0.9932047128677368,0.9931741952896118,0.9946513175964355,0.9947893619537354,0.9966472387313843,1.0000001192092896,0.9965937733650208,0.9875205159187317,0.9763171672821045,0.9763110280036926,0.9669042825698853,0.9568683505058289,0.9603084325790405,0.9607684016227722,0.9490662217140198,0.9452715516090393,0.9235537052154541,0.8991581201553345,0.9054120779037476,0.9102519750595093,0.8531099557876587,0.7624260187149048,0.8785828948020935,0.9109715223312378,0.8952100276947021,0.9172933101654053,0.9351308345794678,0.9399107098579407,0.9447789192199707,0.9495623707771301,0.9620350003242493,0.9659246802330017,0.9696341156959534,0.9770472645759583,0.9809108376502991,0.9854620695114136,0.9907040596008301,0.9948011040687561,0.9953169822692871,0.993684709072113,0.9909608364105225,0.9899044036865234,0.9885333776473999,0.9860692024230957,0.9863382577896118,0.9849476218223572,0.9808663129806519,0.9769135117530823,0.9749271273612976,0.9708767533302307,0.9641023874282837,0.9524581432342529,0.9162512421607971,0.8960595726966858,0.8548375368118286,0.8428969979286194,0.825751781463623
105,0.8358994126319885,0.8172733187675476,0.8472529053688049,0.8320065140724182,0.8861784934997559,0.9166553616523743,0.9522419571876526,0.9652135372161865,0.9723761081695557,0.9797825813293457,0.9831207394599915,0.9851646423339844,0.9846471548080444,0.9871399402618408,0.9895638227462769,0.9917289614677429,0.9885191321372986,0.9893360733985901,0.9899880290031433,0.9924768209457397,0.9965937733650208,0.9999995827674866,0.9943773746490479,0.9863930344581604,0.9851019382476807,0.9747806787490845,0.9649460315704346,0.9671739935874939,0.9678711891174316,0.9572991132736206,0.9543953537940979,0.9348602890968323,0.910294771194458,0.9168118238449097,0.9212061166763306,0.8578702807426453,0.7637949585914612,0.8839795589447021,0.9214015007019043,0.9066346287727356,0.9276165962219238,0.9444538950920105,0.9490368366241455,0.9531413316726685,0.9574654698371887,0.9697736501693726,0.9736911058425903,0.9782439470291138,0.9855542182922363,0.9897007942199707,0.9927349090576172,0.9946776032447815,0.9958878755569458,0.9924913048744202,0.9886245131492615,0.9866355657577515,0.986655592918396,0.9883567094802856,0.9853639602661133,0.983715832233429,0.9852502942085266,0.9825932383537292,0.9797492027282715,0.9775158762931824,0.9720983505249023,0.9645479917526245,0.9543042778968811,0.9179317355155945,0.897792398929596,0.8554909825325012,0.8421778082847595,0.8259128332138062
110,0.8220821619033813,0.8025794625282288,0.8380712270736694,0.8255710005760193,0.8807786703109741,0.9111314415931702,0.9485089778900146,0.9595419764518738,0.9670383334159851,0.9743970036506653,0.9776940941810608,0.979644775390625,0.9780157208442688,0.9790105819702148,0.9831180572509766,0.9842650890350342,0.979841411113739,0.9806151986122131,0.9827966094017029,0.9858852624893188,0.9875205159187317,0.9943773746490479,1.0000001192092896,0.9960346221923828,0.993606448173523,0.9866469502449036,0.9789885878562927,0.977767825126648,0.9773799180984497,0.9685279726982117,0.9647485017776489,0.9477282762527466,0.9254477620124817,0.9330019950866699,0.9345117807388306,0.8615618944168091,0.7634921669960022,0.8897804021835327,0.9343959093093872,0.9226725101470947,0.9408367872238159,0.9525963068008423,0.9562013149261475,0.9614953994750977,0.9667779803276062,0.9779285788536072,0.9814003705978394,0.9861807823181152,0.9910805821418762,0.9936113953590393,0.9944170713424683,0.9925823211669922,0.989799976348877,0.9852453470230103,0.9808812141418457,0.9798331260681152,0.9804576635360718,0.9829827547073364,0.9798678755760193,0.9759785532951355,0.9808412194252014,0.9792056083679199,0.977995753288269,0.9735043048858643,0.9671370983123779,0.9578393697738647,0.9477744102478027,0.909688413143158,0.8910256028175354,0.8447652459144592,0.8299718499183655,0.8114800453186035
115,0.8247948884963989,0.8038138151168823,0.8430305123329163,0.8305956721305847,0.8871129155158997,0.9167810678482056,0.9513689279556274,0.9595124125480652,0.9656156301498413,0.9712445139884949,0.972691535949707,0.9738477468490601,0.9710213541984558,0.9700973629951477,0.9755571484565735,0.9758991003036499,0.9707122445106506,0.9705360531806946,0.9734793305397034,0.9762384295463562,0.9763171672821045,0.9863930344581604,0.9960346221923828,1.0000005960464478,0.9956026077270508,0.9899430274963379,0.9846431016921997,0.9818065166473389,0.9806400537490845,0.9727454781532288,0.9702951312065125,0.9547960758209229,0.9340910911560059,0.940966784954071,0.9426695704460144,0.8663626313209534,0.7691613435745239,0.8954108953475952,0.9420088529586792,0.9318995475769043,0.9476369023323059,0.9554468989372253,0.9591081738471985,0.9639401435852051,0.9686791300773621,0.9797660112380981,0.9829239845275879,0.9870197176933289,0.9906915426254272,0.9921852350234985,0.9903802275657654,0.9869809746742249,0.9818280935287476,0.975852370262146,0.9714083671569824,0.9717902541160583,0.9721266031265259,0.9751115441322327,0.9717544317245483,0.9672232270240784,0.9748326539993286,0.9743838906288147,0.9743808507919312,0.9707130193710327,0.965878963470459,0.9568289518356323,0.9485636949539185,0.9133175015449524,0.8951539993286133,0.8458723425865173,0.8329176306724548,0.8130058646202087
120,0.8159317970275879,0.7915036082267761,0.831466019153595,0.8195180296897888,0.8782095909118652,0.9084047675132751,0.9470466375350952,0.9557449221611023,0.9627689719200134,0.9707494974136353,0.9732987284660339,0.9748899936676025,0.9716024398803711,0.9711723327636719,0.9749197959899902,0.9745222330093384,0.9690781235694885,0.9695883393287659,0.9726266860961914,0.9761703014373779,0.9763110280036926,0.9851019382476807,0.993606448173523,0.9956026077270508,0.9999999403953552,0.9947718381881714,0.9887046217918396,0.9865514039993286,0.9865778088569641,0.979683518409729,0.9760093688964844,0.9601280093193054,0.9369354844093323,0.9452942609786987,0.9448728561401367,0.8704106211662292,0.7742199897766113,0.8980360627174377,0.9459013342857361,0.9329122304916382,0.9516574144363403,0.9626269340515137,0.967513918876648,0.9727715849876404,0.9770132303237915,0.9862885475158691,0.9900004863739014,0.9938807487487793,0.9947713017463684,0.9913539290428162,0.9890878200531006,0.9849527478218079,0.9810185432434082,0.977883517742157,0.97245192527771,0.9721243977546692,0.9728034734725952,0.9767627716064453,0.9737920761108398,0.9690038561820984,0.975937008857727,0.9761341214179993,0.9758754968643188,0.9711989760398865,0.9630155563354492,0.9536367654800415,0.9454944133758545,0.9065725207328796,0.8881335258483887,0.8377047777175903,0.8210861682891846,0.8017472624778748
125,0.8136515021324158,0.7869526743888855,0.8314306735992432,0.8200554847717285,0.8786407709121704,0.9064258933067322,0.9465267658233643,0.9530424475669861,0.9594335556030273,0.9663801193237305,0.9670512080192566,0.9677352905273438,0.9645132422447205,0.9634443521499634,0.966894268989563,0.965707540512085,0.9620907306671143,0.961740255355835,0.965681791305542,0.9694966077804565,0.9669042825698853,0.9747806787490845,0.9866469502449036,0.9899430274963379,0.9947718381881714,1.0,0.9961401224136353,0.9917751550674438,0.9905725717544556,0.9851444959640503,0.9823490977287292,0.9687666296958923,0.9472243785858154,0.9551138281822205,0.95578932762146,0.878704309463501,0.7847808003425598,0.9068577885627747,0.9558805227279663,0.9429206252098083,0.9591176509857178,0.9676253795623779,0.9716123342514038,0.9776859283447266,0.983256459236145,0.9906476736068726,0.9927741289138794,0.9927549362182617,0.9891018271446228,0.9835519790649414,0.9803552627563477,0.9777839183807373,0.9703322649002075,0.9686573147773743,0.9652594923973083,0.9663801193237305,0.9671874046325684,0.9681952595710754,0.9657853245735168,0.9613803625106812,0.969889760017395,0.9716421961784363,0.9733251333236694,0.9681698679924011,0.960114598274231,0.9500449895858765,0.9437956213951111,0.9049808382987976,0.8872997760772705,0.8365683555603027,0.8172556757926941,0.7977784872055054
130,0.8193911910057068,0.7918928861618042,0.8392101526260376,0.8299422264099121,0.8858485817909241,0.9102190732955933,0.9451200366020203,0.9507437944412231,0.9552245140075684,0.9596385955810547,0.9589711427688599,0.9587384462356567,0.9549673795700073,0.9529425501823425,0.9561333656311035,0.9552069902420044,0.9520425796508789,0.9523109793663025,0.9569557905197144,0.959983229637146,0.9568683505058289,0.9649460315704346,0.9789885878562927,0.9846431016921997,0.9887046217918396,0.9961401224136353,1.0,0.9957488775253296,0.9917371273040771,0.9886753559112549,0.9866483211517334,0.9741355180740356,0.9539289474487305,0.9601863026618958,0.9598596096038818,0.885970950126648,0.7978737354278564,0.9120811223983765,0.9597664475440979,0.9500210285186768,0.9637622833251953,0.9694085121154785,0.9729281067848206,0.9773739576339722,0.9819767475128174,0.9895612597465515,0.9891514182090759,0.9853404760360718,0.9808000922203064,0.97398442029953,0.970411479473114,0.96800297498703,0.9597376585006714,0.9570026397705078,0.9542625546455383,0.955379068851471,0.9557501673698425,0.9556857347488403,0.952876091003418,0.9500609636306763,0.9607476592063904,0.9632369875907898,0.9665196537971497,0.9624777436256409,0.9559506177902222,0.9465407133102417,0.9407424926757812,0.906851053237915,0.8922420144081116,0.8420665264129639,0.8240710496902466,0.8029581904411316
135,0.8276192545890808,0.8009001016616821,0.8441287279129028,0.8350362777709961,0.8886269330978394,0.9124419093132019,0.9424704313278198,0.9490794539451599,0.9542555809020996,0.9595860242843628,0.959121823310852,0.9591725468635559,0.9547891616821289,0.9537262916564941,0.9562814831733704,0.9559288620948792,0.9532460570335388,0.9543225765228271,0.958324670791626,0.9613450765609741,0.9603084325790405,0.9671739935874939,0.977767825126648,0.9818065166473389,0.9865514039993286,0.9917751550674438,0.9957488775253296,1.0000001192092896,0.9936119914054871,0.9900583624839783,0.9872370958328247,0.9749250411987305,0.9578060507774353,0.9640690684318542,0.9619578719139099,0.8987192511558533,0.8142055869102478,0.9226205348968506,0.963874101638794,0.9557438492774963,0.9672408103942871,0.9707756042480469,0.9747868180274963,0.978874921798706,0.9823790192604065,0.990444540977478,0.9866995811462402,0.981500506401062,0.9770730137825012,0.9705955982208252,0.9681461453437805,0.9666749238967896,0.9608420729637146,0.9584883451461792,0.9557430744171143,0.9561338424682617,0.9555566906929016,0.9549206495285034,0.952126681804657,0.9500829577445984,0.9601869583129883,0.9623996019363403,0.9651362895965576,0.961534857749939,0.9543249607086182,0.946060061454773,0.9391185641288757,0.9097881317138672,0.8963438868522644,0.849136471748352,0.8317664861679077,0.811350405216217
140,0.8266600966453552,0.8024787902832031,0.8445831537246704,0.8319820761680603,0.8872798681259155,0.9123969078063965,0.944122314453125,0.9492294192314148,0.95648193359375,0.9624084830284119,0.9616301655769348,0.9610726237297058,0.9576705098152161,0.9562627077102661,0.9599758386611938,0.9582122564315796,0.9522637724876404,0.9521766901016235,0.9558320045471191,0.9608524441719055,0.9607684016227722,0.9678711891174316,0.9773799180984497,0.9806400537490845,0.9865778088569641,0.9905725717544556,0.9917371273040771,0.9936119914054871,1.0,0.994515061378479,0.9901928901672363,0.9818071722984314,0.9642662405967712,0.9674179553985596,0.9663662910461426,0.900037407875061,0.8132849335670471,0.92643141746521,0.9672644138336182,0.956202507019043,0.9723970890045166,0.9800573587417603,0.9828231334686279,0.9871574640274048,0.9891833662986755,0.9899290204048157,0.9873587489128113,0.9854801297187805,0.9812024831771851,0.9753420352935791,0.9723615050315857,0.9690614938735962,0.9639943838119507,0.961507260799408,0.9572986364364624,0.9567936062812805,0.957634449005127,0.959407389163971,0.9571442604064941,0.9525743722915649,0.9607932567596436,0.9636105298995972,0.9660178422927856,0.9623239636421204,0.9558262228965759,0.9467464089393616,0.9427852034568787,0.9124894142150879,0.8966570496559143,0.8499410152435303,0.8309326767921448,0.8118755221366882
