,0,5,10,15,20,25,30,35,40,45,50,55,60,65,70,75,80,85,90,95,100,105,110,115,120,125,130,135,140,145,150,155,160,165,170,175,180,185,190,195,200,205,210,215,220,225,230,235,240,245,250,255,260,265,270,275,280,285,290,295,300,305,310,315,320,325,330,335,340,345,350,355
0,1.0000001192092896,0.8660786151885986,0.813889741897583,0.7539225220680237,0.7027673125267029,0.6584163904190063,0.6235930919647217,0.5754224061965942,0.5631869435310364,0.5091385841369629,0.48756474256515503,0.48351120948791504,0.464771568775177,0.4482463598251343,0.4377095401287079,0.4241673946380615,0.4103875160217285,0.42760002613067627,0.4187803268432617,0.430791974067688,0.421620637178421,0.4339137077331543,0.42263755202293396,0.410646915435791,0.4026239812374115,0.4094473719596863,0.41109684109687805,0.39981693029403687,0.4077179431915283,0.399934858083725,0.40399250388145447,0.3970544934272766,0.4013313055038452,0.398492693901062,0.367291659116745,0.3896375298500061,0.51119065284729,0.38880935311317444,0.3618079721927643,0.3901199698448181,0.4066125750541687,0.3931311368942261,0.4116819202899933,0.4262487590312958,0.4084499776363373,0.4179089069366455,0.41020968556404114,0.42720913887023926,0.4060434103012085,0.42197489738464355,0.4300306439399719,0.4472372531890869,0.4354264736175537,0.4376755356788635,0.44336435198783875,0.4325908422470093,0.413740873336792,0.4255199432373047,0.4433439075946808,0.4544171392917633,0.4737197756767273,0.4873542785644531,0.496656596660614,0.5252036452293396,0.5535211563110352,0.5743399858474731,0.6283926367759705,0.6471872329711914,0.6831753253936768,0.7690616250038147,0.809552013874054,0.8758324980735779
5,0.8660786151885986,1.0,0.8914120197296143,0.8198064565658569,0.7551693916320801,0.703318178653717,0.674523115158081,0.6293572783470154,0.6130003929138184,0.5695435404777527,0.541678249835968,0.5337716341018677,0.5136486291885376,0.4889121353626251,0.47236961126327515,0.45678409934043884,0.451968252658844,0.45971328020095825,0.4481654465198517,0.4496566355228424,0.43706873059272766,0.45404839515686035,0.44076403975486755,0.43096843361854553,0.4280669689178467,0.4363396465778351,0.4291779398918152,0.4245121479034424,0.4392856955528259,0.4269983172416687,0.433475524187088,0.4285254180431366,0.43724218010902405,0.4434025287628174,0.41697537899017334,0.43945759534835815,0.525117814540863,0.43347832560539246,0.40860432386398315,0.4299203157424927,0.4281857907772064,0.41611674427986145,0.43085867166519165,0.44595927000045776,0.4320510923862457,0.4392923414707184,0.4270433783531189,0.4450555443763733,0.42384153604507446,0.4379478096961975,0.4453016519546509,0.45654964447021484,0.44253605604171753,0.44591477513313293,0.46571433544158936,0.46144846081733704,0.4541022777557373,0.45686060190200806,0.4789429306983948,0.5021207332611084,0.5250356793403625,0.536099374294281,0.5478779077529907,0.5736467838287354,0.5926154851913452,0.6212300658226013,0.6622347235679626,0.6901782751083374,0.7334383726119995,0.823713481426239,0.8806967735290527,0.9503455758094788
10,0.813889741897583,0.8914120197296143,1.0,0.9367768168449402,0.8823428750038147,0.833881139755249,0.7971755266189575,0.753649890422821,0.7411232590675354,0.6937142014503479,0.6551606059074402,0.6457197666168213,0.6289299130439758,0.6064619421958923,0.5880563855171204,0.5744374394416809,0.5670760273933411,0.5783017873764038,0.5625896453857422,0.5733513236045837,0.5579135417938232,0.5779780745506287,0.5653837323188782,0.5548920035362244,0.5530482530593872,0.5583327412605286,0.5478249788284302,0.5478556752204895,0.5620977282524109,0.5512977242469788,0.552606999874115,0.5455460548400879,0.5455926656723022,0.5406845211982727,0.49420422315597534,0.5015469789505005,0.5382894277572632,0.49557173252105713,0.4868786931037903,0.5302535891532898,0.5320851802825928,0.5266610980033875,0.542771577835083,0.563287079334259,0.5486026406288147,0.5477878451347351,0.5435844659805298,0.5635056495666504,0.5511267781257629,0.5587242841720581,0.5675188302993774,0.5744180083274841,0.5575892925262451,0.5638917684555054,0.5842953324317932,0.581340491771698,0.5699619054794312,0.5785154104232788,0.596688449382782,0.6208070516586304,0.6411153674125671,0.6531717777252197,0.6624660491943359,0.7014843225479126,0.7225420475006104,0.7495326995849609,0.7954282164573669,0.8286376595497131,0.8659610152244568,0.9262009859085083,0.9570396542549133,0.8740017414093018
15,0.7539225220680237,0.8198064565658569,0.9367768168449402,0.9999999403953552,0.9392089247703552,0.8870939016342163,0.8553975820541382,0.8091572523117065,0.7864326238632202,0.7407280802726746,0.6895728707313538,0.6740327477455139,0.6582454442977905,0.6261863708496094,0.6011341214179993,0.5890620350837708,0.5820437073707581,0.5903370976448059,0.5750202536582947,0.587185263633728,0.5692628622055054,0.5937846302986145,0.5766071677207947,0.5675172805786133,0.56292325258255,0.5739865303039551,0.560745358467102,0.5654063820838928,0.5765703916549683,0.5657148957252502,0.5664781928062439,0.5544992089271545,0.54755038022995,0.542647123336792,0.4898107647895813,0.4832114577293396,0.5148836374282837,0.47834569215774536,0.48103976249694824,0.5326575636863708,0.5309365391731262,0.5319623351097107,0.5533307194709778,0.5775113701820374,0.5641917586326599,0.554027259349823,0.5550626516342163,0.5840415954589844,0.5691431760787964,0.5770653486251831,0.5850615501403809,0.5880695581436157,0.5672706365585327,0.5761358141899109,0.6000837087631226,0.5983105897903442,0.5957111120223999,0.6003593802452087,0.6162015199661255,0.6439192891120911,0.6715559959411621,0.6801047325134277,0.6930627226829529,0.7417600154876709,0.7683811783790588,0.79926598072052,0.8507280945777893,0.8810986280441284,0.9203961491584778,0.9583138227462769,0.9078201055526733,0.8174825310707092
20,0.7027673125267029,0.7551693916320801,0.8823428750038147,0.9392089247703552,1.000000238418579,0.966092586517334,0.9369804859161377,0.9050290584564209,0.8751603364944458,0.8273331522941589,0.78361976146698,0.7531769871711731,0.7303342819213867,0.7026217579841614,0.6725668907165527,0.6587227582931519,0.652779221534729,0.6681273579597473,0.6557189226150513,0.659672737121582,0.6389267444610596,0.6536920070648193,0.6347216367721558,0.6187728047370911,0.615375280380249,0.6226441860198975,0.6119602918624878,0.6126648187637329,0.6191109418869019,0.6102426052093506,0.6060846447944641,0.5861451029777527,0.5704969763755798,0.5628702640533447,0.5033602118492126,0.49972042441368103,0.49728459119796753,0.4990629553794861,0.49883314967155457,0.5527450442314148,0.5557823777198792,0.563702404499054,0.589550256729126,0.6203861236572266,0.6108802556991577,0.6009891629219055,0.6041731238365173,0.6335678100585938,0.61947101354599,0.6281085014343262,0.6383051872253418,0.6447772979736328,0.6292112469673157,0.6417797207832336,0.6698904633522034,0.6657675504684448,0.6580649614334106,0.6603710651397705,0.682174563407898,0.7093749046325684,0.7327779531478882,0.7517932653427124,0.7742522358894348,0.8193073272705078,0.8527170419692993,0.8905736207962036,0.9302867650985718,0.9532966613769531,0.9705641269683838,0.9261268377304077,0.8612979650497437,0.7624863386154175
25,0.6584163904190063,0.703318178653717,0.833881139755249,0.8870939016342163,0.966092586517334,1.0000001192092896,0.979953408241272,0.9600414037704468,0.9377274513244629,0.8974853157997131,0.8612228035926819,0.8282791972160339,0.8026041984558105,0.7765641212463379,0.7462855577468872,0.7328298091888428,0.7304257154464722,0.749262273311615,0.7348805665969849,0.7353843450546265,0.7168381214141846,0.732978343963623,0.710660457611084,0.6919946074485779,0.6835029125213623,0.6882531642913818,0.6797401905059814,0.6770620942115784,0.6827452182769775,0.676275372505188,0.668846070766449,0.6458497047424316,0.6280032396316528,0.6159675121307373,0.5395001173019409,0.5356261134147644,0.4827381372451782,0.5424787998199463,0.5378811955451965,0.6019352078437805,0.6142373085021973,0.6203719973564148,0.6470683813095093,0.6791434288024902,0.6736618280410767,0.6643739342689514,0.6696412563323975,0.6955358982086182,0.6838107109069824,0.6993137001991272,0.7128826379776001,0.722480297088623,0.711777925491333,0.7218193411827087,0.7481366395950317,0.7432993650436401,0.7339780330657959,0.7318960428237915,0.7567552328109741,0.782598078250885,0.8012198209762573,0.8222294449806213,0.847309410572052,0.883251965045929,0.9124171733856201,0.9436852335929871,0.9663079977035522,0.9793335795402527,0.9532941579818726,0.8777312636375427,0.812652051448822,0.7167817950248718
30,0.6235930919647217,0.674523115158081,0.7971755266189575,0.8553975820541382,0.9369804859161377,0.979953408241272,1.0000001192092896,0.9671229124069214,0.9505295753479004,0.9143003225326538,0.8800966739654541,0.8514508008956909,0.8237934708595276,0.7947571277618408,0.7612806558609009,0.7493804693222046,0.7487723231315613,0.7678754925727844,0.7527654767036438,0.7530294060707092,0.7358307242393494,0.7505766153335571,0.7290385365486145,0.709336519241333,0.7007501125335693,0.7040950059890747,0.6947845220565796,0.6931387186050415,0.6962623000144958,0.6886115074157715,0.6782195568084717,0.6509720683097839,0.628363311290741,0.6113584041595459,0.5319716930389404,0.5308191180229187,0.46826624870300293,0.5398427844047546,0.5279597640037537,0.5955705642700195,0.6195331811904907,0.6253364682197571,0.6570696830749512,0.6913427710533142,0.6879318952560425,0.678781270980835,0.6841388940811157,0.7124125361442566,0.6993407011032104,0.718139111995697,0.732489287853241,0.7429007887840271,0.7323411703109741,0.7407369613647461,0.7657967805862427,0.7633298635482788,0.7564506530761719,0.7507681846618652,0.7747443914413452,0.8032724857330322,0.8257954716682434,0.8450353145599365,0.8687407970428467,0.9018358588218689,0.9274743795394897,0.9525322914123535,0.9727705717086792,0.9624132513999939,0.9281863570213318,0.8437368273735046,0.7732237577438354,0.6879594326019287
35,0.5754224061965942,0.6293572783470154,0.753649890422821,0.8091572523117065,0.9050290584564209,0.9600414037704468,0.9671229124069214,1.0,0.9810134768486023,0.9545660614967346,0.9313117265701294,0.8916473984718323,0.8655232191085815,0.8445000648498535,0.8140732049942017,0.8023321628570557,0.8009592294692993,0.819756805896759,0.8043427467346191,0.7964383363723755,0.7734346389770508,0.7867541313171387,0.7623206377029419,0.7411115169525146,0.7319425344467163,0.7290564775466919,0.7186825275421143,0.7180387377738953,0.721847653388977,0.7150708436965942,0.7017514109611511,0.6740012168884277,0.6551836133003235,0.6393717527389526,0.5481138229370117,0.536311149597168,0.429248183965683,0.5492331385612488,0.5415617227554321,0.6215400695800781,0.6472204923629761,0.6534450650215149,0.6819684505462646,0.7140340209007263,0.7148627638816833,0.702509343624115,0.7095863819122314,0.7344235181808472,0.7297083139419556,0.7491896152496338,0.7620508074760437,0.770880937576294,0.7658531665802002,0.7809630632400513,0.8117793798446655,0.813220739364624,0.8072664141654968,0.802383542060852,0.8243111968040466,0.8481841087341309,0.8648408055305481,0.8812131881713867,0.9140957593917847,0.9352147579193115,0.9555370211601257,0.9769024848937988,0.9544764161109924,0.9422969222068787,0.8966686725616455,0.8044346570968628,0.7258217930793762,0.6390438675880432
40,0.5631869435310364,0.6130003929138184,0.7411232590675354,0.7864326238632202,0.8751603364944458,0.9377274513244629,0.9505295753479004,0.9810134768486023,1.0,0.9751187562942505,0.954808235168457,0.9303468465805054,0.9039262533187866,0.879966676235199,0.8552670478820801,0.8441433906555176,0.8427911400794983,0.860651433467865,0.8431723117828369,0.8367611169815063,0.8161489367485046,0.8297905921936035,0.8082635402679443,0.7874024510383606,0.7782118320465088,0.7740722894668579,0.7619982957839966,0.7627844214439392,0.7665954828262329,0.757590651512146,0.7429091334342957,0.7112897634506226,0.6853011250495911,0.6571842432022095,0.5531959533691406,0.5426674485206604,0.41996586322784424,0.5577317476272583,0.5451327562332153,0.6363720893859863,0.6793521642684937,0.6894130110740662,0.7203000783920288,0.7523043751716614,0.7560242414474487,0.7453606128692627,0.754643976688385,0.7777422666549683,0.7745583057403564,0.7917860150337219,0.8048946857452393,0.8145931363105774,0.8087961673736572,0.823938250541687,0.8515207767486572,0.8520289063453674,0.8458799719810486,0.8406864404678345,0.8613369464874268,0.8826267719268799,0.8985943794250488,0.9130288362503052,0.9387356638908386,0.9536601901054382,0.9686901569366455,0.9653061628341675,0.9347950220108032,0.9213863611221313,0.871917724609375,0.7872934341430664,0.7056648135185242,0.6182992458343506
45,0.5091385841369629,0.5695435404777527,0.6937142014503479,0.7407280802726746,0.8273331522941589,0.8974853157997131,0.9143003225326538,0.9545660614967346,0.9751187562942505,0.9999998807907104,0.9788457155227661,0.9569882154464722,0.9352001547813416,0.9118064045906067,0.8848113417625427,0.8746352791786194,0.8785456418991089,0.8899316787719727,0.86818528175354,0.8578723669052124,0.8373973369598389,0.8517573475837708,0.8293659687042236,0.8096005916595459,0.7985800504684448,0.7917908430099487,0.7762134671211243,0.782893180847168,0.786730945110321,0.7753497362136841,0.7573643922805786,0.7249341607093811,0.6939141750335693,0.6642309427261353,0.5583257675170898,0.5354434847831726,0.3917155861854553,0.5523573160171509,0.5517006516456604,0.6435989141464233,0.6882343888282776,0.7004175782203674,0.730889081954956,0.7606651782989502,0.7743326425552368,0.7589392066001892,0.7703135013580322,0.794784665107727,0.7928365468978882,0.8152227997779846,0.8265146613121033,0.8303533792495728,0.8292109370231628,0.8458906412124634,0.8764423131942749,0.8818552494049072,0.880187451839447,0.8694840669631958,0.8920677900314331,0.9148012399673462,0.9288932085037231,0.9414451122283936,0.9604199528694153,0.9699034690856934,0.9566864967346191,0.9449925422668457,0.9001082181930542,0.8874644637107849,0.8347743153572083,0.7443978786468506,0.6564924716949463,0.5770482420921326
50,0.48756474256515503,0.541678249835968,0.6551606059074402,0.6895728707313538,0.78361976146698,0.8612228035926819,0.8800966739654541,0.9313117265701294,0.954808235168457,0.9788457155227661,1.0,0.9680497646331787,0.9436726570129395,0.9258349537849426,0.908911943435669,0.8989240527153015,0.9018042087554932,0.9107441306114197,0.8963719606399536,0.8778625726699829,0.8634464144706726,0.8699167966842651,0.8444803953170776,0.8264604806900024,0.8145273923873901,0.806508481502533,0.7917026877403259,0.7967156171798706,0.7969697713851929,0.7827482223510742,0.7621995806694031,0.7276404500007629,0.6934173107147217,0.6639418005943298,0.5556707978248596,0.5377829074859619,0.380459189414978,0.5580324530601501,0.5484976768493652,0.640181839466095,0.6914429664611816,0.7063332796096802,0.7408180832862854,0.7730708122253418,0.7854964733123779,0.7777724266052246,0.7853155136108398,0.8080834150314331,0.8049768209457397,0.8287991285324097,0.84042888879776,0.8467622995376587,0.8516673445701599,0.864777147769928,0.8951440453529358,0.898013710975647,0.8988728523254395,0.8880102038383484,0.9102906584739685,0.9249812960624695,0.9340987205505371,0.945082426071167,0.9667954444885254,0.9530652761459351,0.9380894899368286,0.9230996370315552,0.867881178855896,0.8488359451293945,0.7927827835083008,0.706133246421814,0.6161923408508301,0.5461034178733826
55,0.48351120948791504,0.5337716341018677,0.6457197666168213,0.6740327477455139,0.7531769871711731,0.8282791972160339,0.8514508008956909,0.8916473984718323,0.9303468465805054,0.9569882154464722,0.9680497646331787,1.0000001192092896,0.9847118854522705,0.9672670960426331,0.9558802843093872,0.9493148922920227,0.9469889402389526,0.9455609917640686,0.9203158617019653,0.911102294921875,0.8984383344650269,0.9113501310348511,0.8935081958770752,0.881232738494873,0.8721721768379211,0.8630207180976868,0.8498585820198059,0.8533127903938293,0.8507207632064819,0.8350699543952942,0.8123260736465454,0.7725054621696472,0.7271714210510254,0.6856670379638672,0.5619102120399475,0.5507665276527405,0.39138588309288025,0.576499879360199,0.5550346374511719,0.6585021018981934,0.7274112701416016,0.7490081787109375,0.7861641645431519,0.8208035230636597,0.8364962339401245,0.8303332924842834,0.8416082859039307,0.8625087141990662,0.8609094023704529,0.8804380297660828,0.88517165184021,0.8899795413017273,0.8899878263473511,0.9004862308502197,0.9273337125778198,0.9313622713088989,0.9385296106338501,0.9361966848373413,0.9532615542411804,0.9609562158584595,0.9686805009841919,0.9721812009811401,0.9656318426132202,0.9483663439750671,0.928713321685791,0.8957353830337524,0.8396273851394653,0.8262573480606079,0.7715932130813599,0.6894428730010986,0.6045477390289307,0.54176926612854
60,0.464771568775177,0.5136486291885376,0.6289299130439758,0.6582454442977905,0.7303342819213867,0.8026041984558105,0.8237934708595276,0.8655232191085815,0.9039262533187866,0.9352001547813416,0.9436726570129395,0.9847118854522705,0.9999998807907104,0.9877064228057861,0.9748660326004028,0.9694648385047913,0.9640235304832458,0.9575862288475037,0.9314247369766235,0.9287511110305786,0.9109870791435242,0.9250800609588623,0.9121257066726685,0.9014878273010254,0.8934351205825806,0.8824995756149292,0.8709228038787842,0.8744634389877319,0.8728035092353821,0.8599925637245178,0.8364439606666565,0.7985912561416626,0.7502279281616211,0.7077552080154419,0.5851179957389832,0.5737811923027039,0.40031757950782776,0.6010779142379761,0.582277774810791,0.6792540550231934,0.7473296523094177,0.7692980170249939,0.8016436100006104,0.8352866172790527,0.8544830679893494,0.8465742468833923,0.8591111302375793,0.8769389390945435,0.882084846496582,0.8986197710037231,0.897640585899353,0.9013111591339111,0.9013646841049194,0.9125139713287354,0.9400812387466431,0.9480792284011841,0.9588204622268677,0.9599352478981018,0.9719266295433044,0.9756122827529907,0.9767783284187317,0.9665334224700928,0.9499725103378296,0.931657612323761,0.9100601673126221,0.8753498196601868,0.818464994430542,0.8038740158081055,0.7523112297058105,0.6704235076904297,0.5890741348266602,0.5288692712783813
65,0.4482463598251343,0.4889121353626251,0.6064619421958923,0.6261863708496094,0.7026217579841614,0.7765641212463379,0.7947571277618408,0.8445000648498535,0.879966676235199,0.9118064045906067,0.9258349537849426,0.9672670960426331,0.9877064228057861,1.0000001192092896,0.9892589449882507,0.9831034541130066,0.9755028486251831,0.9681482315063477,0.9422637820243835,0.9417904615402222,0.9252254962921143,0.933188259601593,0.9212126135826111,0.9103285074234009,0.9017896056175232,0.885002851486206,0.8758513927459717,0.8782981038093567,0.8733899593353271,0.8606452941894531,0.8340011835098267,0.7948166131973267,0.7459526062011719,0.7022795677185059,0.5758411288261414,0.5663937330245972,0.38780108094215393,0.5980788469314575,0.5727685689926147,0.673240602016449,0.7447612285614014,0.7697378993034363,0.7986021637916565,0.8333654403686523,0.8550735712051392,0.8503283262252808,0.8633970022201538,0.8765214681625366,0.8882859945297241,0.9053303003311157,0.903113842010498,0.9103429317474365,0.9158673286437988,0.9232568740844727,0.9455135464668274,0.9551488161087036,0.9635417461395264,0.968307614326477,0.977141261100769,0.9748208522796631,0.9628041982650757,0.9522436261177063,0.9357993006706238,0.9111679196357727,0.8910187482833862,0.8574279546737671,0.7966504096984863,0.7799558639526367,0.7227721214294434,0.6426271200180054,0.5670595169067383,0.5098302960395813
70,0.4377095401287079,0.47236961126327515,0.5880563855171204,0.6011341214179993,0.6725668907165527,0.7462855577468872,0.7612806558609009,0.8140732049942017,0.8552670478820801,0.8848113417625427,0.908911943435669,0.9558802843093872,0.9748660326004028,0.9892589449882507,1.0,0.9941644072532654,0.9831106066703796,0.9751083254814148,0.9529407024383545,0.9487259387969971,0.9376022815704346,0.9427055716514587,0.9312376379966736,0.9231940507888794,0.9141209125518799,0.8985351920127869,0.8890843391418457,0.8905974626541138,0.8826600313186646,0.8701947927474976,0.8436481952667236,0.8051682710647583,0.7538298964500427,0.7092708349227905,0.5810521245002747,0.5698297023773193,0.3887902498245239,0.60371994972229,0.5762845873832703,0.6788476705551147,0.7541723251342773,0.7819654941558838,0.8090466856956482,0.8436497449874878,0.8660900592803955,0.868385374546051,0.8789252638816833,0.8878153562545776,0.8998579382896423,0.9151811003684998,0.9115749001502991,0.9197500348091125,0.925011932849884,0.931527316570282,0.9520492553710938,0.9578899145126343,0.9656937718391418,0.9732190370559692,0.9807716608047485,0.9663673639297485,0.9490705728530884,0.9387730360031128,0.919514536857605,0.8885003328323364,0.8669811487197876,0.8300487399101257,0.7662011981010437,0.7504063248634338,0.6935437917709351,0.6202801465988159,0.5457726716995239,0.4917135536670685
75,0.4241673946380615,0.45678409934043884,0.5744374394416809,0.5890620350837708,0.6587227582931519,0.7328298091888428,0.7493804693222046,0.8023321628570557,0.8441433906555176,0.8746352791786194,0.8989240527153015,0.9493148922920227,0.9694648385047913,0.9831034541130066,0.9941644072532654,1.0,0.9884985685348511,0.9784805178642273,0.9560641050338745,0.9537361860275269,0.9418103694915771,0.9463765621185303,0.9381069540977478,0.9352990388870239,0.925499677658081,0.9087398052215576,0.8991095423698425,0.8993589282035828,0.8883216977119446,0.876961350440979,0.8484660387039185,0.8084125518798828,0.7555045485496521,0.7095240950584412,0.5829471349716187,0.5683764219284058,0.3884682059288025,0.603925347328186,0.5802328586578369,0.6809223294258118,0.75627201795578,0.7863386869430542,0.8127008676528931,0.8475942611694336,0.871049165725708,0.8747020363807678,0.8872842788696289,0.895885705947876,0.9098164439201355,0.9247779250144958,0.917729377746582,0.9219998121261597,0.9297573566436768,0.9371039867401123,0.955824077129364,0.9627774357795715,0.9697361588478088,0.9769648313522339,0.9759812951087952,0.9604162573814392,0.943908154964447,0.9311264753341675,0.9102434515953064,0.8797070384025574,0.8585349917411804,0.8186772465705872,0.7558146715164185,0.7387124300003052,0.6800143718719482,0.6078972816467285,0.5310811400413513,0.47677716612815857
80,0.4103875160217285,0.451968252658844,0.5670760273933411,0.5820437073707581,0.652779221534729,0.7304257154464722,0.7487723231315613,0.8009592294692993,0.8427911400794983,0.8785456418991089,0.9018042087554932,0.9469889402389526,0.9640235304832458,0.9755028486251831,0.9831106066703796,0.9884985685348511,0.9999999403953552,0.9858055114746094,0.9674091935157776,0.9625652432441711,0.9503921270370483,0.9510802626609802,0.940448522567749,0.9353144764900208,0.9254294633865356,0.9068034887313843,0.8949276208877563,0.8952957987785339,0.8809286952018738,0.8691889643669128,0.8427989482879639,0.8055496215820312,0.7550580501556396,0.7087221741676331,0.5804412364959717,0.5653786659240723,0.38295042514801025,0.6005627512931824,0.5775883197784424,0.6822732090950012,0.756212592124939,0.7843564748764038,0.8104127645492554,0.8428372144699097,0.8662611246109009,0.8690977096557617,0.8840214014053345,0.8940272331237793,0.9082913398742676,0.9240320920944214,0.9226499795913696,0.9277960658073425,0.9397919774055481,0.9472338557243347,0.9623294472694397,0.971755862236023,0.979538083076477,0.967898964881897,0.9682502150535583,0.9568621516227722,0.9405493140220642,0.9298186302185059,0.9146403074264526,0.8803644776344299,0.8577193021774292,0.8174727559089661,0.7493897080421448,0.7353224158287048,0.673944354057312,0.5980424284934998,0.5192446112632751,0.4672112464904785
85,0.42760002613067627,0.45971328020095825,0.5783017873764038,0.5903370976448059,0.6681273579597473,0.749262273311615,0.7678754925727844,0.819756805896759,0.860651433467865,0.8899316787719727,0.9107441306114197,0.9455609917640686,0.9575862288475037,0.9681482315063477,0.9751083254814148,0.9784805178642273,0.9858055114746094,0.9999998807907104,0.9847151041030884,0.9761924743652344,0.9609847068786621,0.9590067863464355,0.9464794397354126,0.932610034942627,0.9188728332519531,0.9021166563034058,0.8954910039901733,0.8916078209877014,0.8784464001655579,0.8631864190101624,0.8408991098403931,0.8023134469985962,0.757568895816803,0.7113879323005676,0.586921215057373,0.5666242241859436,0.3908272087574005,0.5999310612678528,0.5859113931655884,0.6839258670806885,0.7586492300033569,0.7807462811470032,0.8095430135726929,0.8412998914718628,0.8633731603622437,0.8691091537475586,0.8823803663253784,0.8887607455253601,0.8986923694610596,0.9183926582336426,0.9209026098251343,0.9326233267784119,0.9452019333839417,0.9573127031326294,0.9737292528152466,0.9783914685249329,0.9695792198181152,0.9576389193534851,0.9615023136138916,0.9490935206413269,0.9312961101531982,0.9279940128326416,0.9175266027450562,0.8875586986541748,0.8694229125976562,0.8322383165359497,0.7662096619606018,0.7513056993484497,0.6869816780090332,0.6081950664520264,0.5361214876174927,0.47547751665115356
90,0.4187803268432617,0.4481654465198517,0.5625896453857422,0.5750202536582947,0.6557189226150513,0.7348805665969849,0.7527654767036438,0.8043427467346191,0.8431723117828369,0.86818528175354,0.8963719606399536,0.9203158617019653,0.9314247369766235,0.9422637820243835,0.9529407024383545,0.9560641050338745,0.9674091935157776,0.9847151041030884,1.0000001192092896,0.9844340682029724,0.974000096321106,0.9621959924697876,0.9445241093635559,0.9235761761665344,0.908117949962616,0.8942750096321106,0.8908883333206177,0.8815267086029053,0.866132915019989,0.8504164218902588,0.8287842273712158,0.790810763835907,0.7442614436149597,0.6958348155021667,0.5753434896469116,0.5549986362457275,0.39901202917099,0.5867822170257568,0.5744084715843201,0.6709566116333008,0.7467716336250305,0.772409975528717,0.8052850961685181,0.8401866555213928,0.8552531003952026,0.8644666075706482,0.8776684999465942,0.8827734589576721,0.8912065625190735,0.9087351560592651,0.9165747761726379,0.9343947172164917,0.9517181515693665,0.964806854724884,0.9768710136413574,0.9681779146194458,0.9536060690879822,0.9333783984184265,0.9368295073509216,0.923183023929596,0.9054312705993652,0.9045777320861816,0.8996798992156982,0.8667011857032776,0.851530909538269,0.8160609006881714,0.7500408887863159,0.7327487468719482,0.6688462495803833,0.5930914878845215,0.5209658145904541,0.4573509097099304
95,0.430791974067688,0.4496566355228424,0.5733513236045837,0.587185263633728,0.659672737121582,0.7353843450546265,0.7530294060707092,0.7964383363723755,0.8367611169815063,0.8578723669052124,0.8778625726699829,0.911102294921875,0.9287511110305786,0.9417904615402222,0.9487259387969971,0.9537361860275269,0.9625652432441711,0.9761924743652344,0.9844340682029724,1.0,0.9887082576751709,0.9805624485015869,0.9702457189559937,0.9504998922348022,0.9384552240371704,0.92027747631073,0.9186811447143555,0.9091393947601318,0.8930296301841736,0.8784612417221069,0.8557271957397461,0.8143467307090759,0.763929009437561,0.7064820528030396,0.5740972757339478,0.5531582236289978,0.3944450616836548,0.5854524374008179,0.5721175670623779,0.6806589961051941,0.765863835811615,0.7954875826835632,0.8292091488838196,0.8636019825935364,0.8815261721611023,0.889764666557312,0.9050742983818054,0.9102886319160461,0.9210683107376099,0.9365016222000122,0.9447076320648193,0.9627114534378052,0.9731806516647339,0.9805724620819092,0.9808443784713745,0.9670684337615967,0.95292067527771,0.938046932220459,0.9375870227813721,0.9270844459533691,0.9095884561538696,0.9057779908180237,0.8929667472839355,0.8678110837936401,0.8535687923431396,0.8128277063369751,0.7538736462593079,0.7353960275650024,0.6750386357307434,0.6033494472503662,0.5312267541885376,0.46862244606018066
100,0.421620637178421,0.43706873059272766,0.5579135417938232,0.5692628622055054,0.6389267444610596,0.7168381214141846,0.7358307242393494,0.7734346389770508,0.8161489367485046,0.8373973369598389,0.8634464144706726,0.8984383344650269,0.9109870791435242,0.9252254962921143,0.9376022815704346,0.9418103694915771,0.9503921270370483,0.9609847068786621,0.974000096321106,0.9887082576751709,1.0000001192092896,0.9843916296958923,0.9731687307357788,0.9545931220054626,0.9428661465644836,0.9264943599700928,0.9261435270309448,0.9175866842269897,0.9005385637283325,0.8853346705436707,0.8645287752151489,0.8236038088798523,0.7711435556411743,0.7119227647781372,0.5768998265266418,0.5619205236434937,0.4040650725364685,0.5972194671630859,0.5743125081062317,0.6884101629257202,0.775419294834137,0.8081926107406616,0.8421755433082581,0.8765336275100708,0.891956627368927,0.9022753834724426,0.9142899513244629,0.9168694019317627,0.9250707030296326,0.9394114017486572,0.9501821994781494,0.9709820747375488,0.9827333688735962,0.9797199368476868,0.9712931513786316,0.9499620199203491,0.9389722347259521,0.9213134050369263,0.9210852384567261,0.9084135293960571,0.8921703100204468,0.8915495872497559,0.8772636651992798,0.8493158221244812,0.8334739804267883,0.7912672758102417,0.7330296039581299,0.7166405916213989,0.6549959182739258,0.5840532779693604,0.5108843445777893,0.45313918590545654
105,0.4339137077331543,0.45404839515686035,0.5779780745506287,0.5937846302986145,0.6536920070648193,0.732978343963623,0.7505766153335571,0.7867541313171387,0.8297905921936035,0.8517573475837708,0.8699167966842651,0.9113501310348511,0.9250800609588623,0.933188259601593,0.9427055716514587,0.9463765621185303,0.9510802626609802,0.9590067863464355,0.9621959924697876,0.9805624485015869,0.9843916296958923,0.9999998807907104,0.9892572164535522,0.9734148979187012,0.9596264362335205,0.9452708959579468,0.9416153430938721,0.9330957531929016,0.9214381575584412,0.9032560586929321,0.8847843408584595,0.8434160947799683,0.7890782952308655,0.7289410829544067,0.5852733850479126,0.5660356879234314,0.4143294095993042,0.6025490760803223,0.58571457862854,0.7047042846679688,0.7932871580123901,0.824794352054596,0.8583955764770508,0.8928517699241638,0.9103888869285583,0.9198647737503052,0.9318646192550659,0.9380491375923157,0.9443222284317017,0.9608496427536011,0.971462070941925,0.9809266924858093,0.975921094417572,0.9701958894729614,0.9679597616195679,0.9510114192962646,0.9443730115890503,0.9363106489181519,0.9326266050338745,0.923196017742157,0.9086682200431824,0.9030779004096985,0.8882659673690796,0.8629952669143677,0.8483723998069763,0.8053561449050903,0.7492664456367493,0.7345277667045593,0.6737847924232483,0.6056817770004272,0.5348226428031921,0.47303277254104614
110,0.42263755202293396,0.44076403975486755,0.5653837323188782,0.5766071677207947,0.6347216367721558,0.710660457611084,0.7290385365486145,0.7623206377029419,0.8082635402679443,0.8293659687042236,0.8444803953170776,0.8935081958770752,0.9121257066726685,0.9212126135826111,0.9312376379966736,0.9381069540977478,0.940448522567749,0.9464794397354126,0.9445241093635559,0.9702457189559937,0.9731687307357788,0.9892572164535522,1.000000238418579,0.9865513443946838,0.9773316383361816,0.963660717010498,0.958989143371582,0.9496167898178101,0.9352489113807678,0.9186716675758362,0.8996459245681763,0.8570218086242676,0.7979710102081299,0.7358052730560303,0.5883340239524841,0.5559457540512085,0.401919960975647,0.5955036878585815,0.5919361114501953,0.7118975520133972,0.8025525212287903,0.8387458324432373,0.8721060752868652,0.9042072892189026,0.9255033135414124,0.9354290962219238,0.9494801759719849,0.9549173712730408,0.9631274342536926,0.9744246602058411,0.9809272289276123,0.9776841402053833,0.968153715133667,0.9617326259613037,0.9580886960029602,0.9418917298316956,0.9352519512176514,0.9305674433708191,0.9242996573448181,0.9145170450210571,0.9001571536064148,0.8924354314804077,0.8687005043029785,0.8469458818435669,0.8301159143447876,0.7831246852874756,0.7300588488578796,0.7163013219833374,0.6585687398910522,0.5919055938720703,0.5231562256813049,0.46253013610839844
115,0.410646915435791,0.43096843361854553,0.5548920035362244,0.5675172805786133,0.6187728047370911,0.6919946074485779,0.709336519241333,0.7411115169525146,0.7874024510383606,0.8096005916595459,0.8264604806900024,0.881232738494873,0.9014878273010254,0.9103285074234009,0.9231940507888794,0.9352990388870239,0.9353144764900208,0.932610034942627,0.9235761761665344,0.9504998922348022,0.9545931220054626,0.9734148979187012,0.9865513443946838,1.0,0.9910104274749756,0.9771246910095215,0.9696780443191528,0.96425461769104,0.9487853050231934,0.9352898597717285,0.9160447120666504,0.8745204210281372,0.812838077545166,0.7496249675750732,0.6007885932922363,0.5714007616043091,0.40788742899894714,0.6139025688171387,0.60504150390625,0.7260055541992188,0.8170161247253418,0.8541528582572937,0.8848603963851929,0.9130297303199768,0.9389222860336304,0.9476313591003418,0.961140513420105,0.9664405584335327,0.9763977527618408,0.9850265383720398,0.9784917831420898,0.9659324288368225,0.9517530202865601,0.9418867826461792,0.9400537610054016,0.9295538067817688,0.9269489049911499,0.9269652366638184,0.9156318306922913,0.9054467082023621,0.8901290893554688,0.8791427612304688,0.8507933616638184,0.8267320990562439,0.80715012550354,0.760384202003479,0.7116244435310364,0.6974630355834961,0.6422628164291382,0.5788491368293762,0.5074163675308228,0.4527595639228821
120,0.4026239812374115,0.4280669689178467,0.5530482530593872,0.56292325258255,0.615375280380249,0.6835029125213623,0.7007501125335693,0.7319425344467163,0.7782118320465088,0.7985800504684448,0.8145273923873901,0.8721721768379211,0.8934351205825806,0.9017896056175232,0.9141209125518799,0.925499677658081,0.9254294633865356,0.9188728332519531,0.908117949962616,0.9384552240371704,0.9428661465644836,0.9596264362335205,0.9773316383361816,0.9910104274749756,1.0000001192092896,0.9867393970489502,0.9763404726982117,0.9758511185646057,0.9598067402839661,0.9481325149536133,0.9280096292495728,0.8879299163818359,0.8218125700950623,0.7546975612640381,0.6022040843963623,0.5742294788360596,0.41655606031417847,0.6180002093315125,0.6047942638397217,0.7338534593582153,0.8267291784286499,0.8672382831573486,0.8991975784301758,0.9254806041717529,0.9512065649032593,0.9578695297241211,0.9679130911827087,0.9715562462806702,0.9821854829788208,0.9799777269363403,0.970575213432312,0.9561388492584229,0.9394006729125977,0.9266377687454224,0.9274301528930664,0.915759801864624,0.9154579639434814,0.915168285369873,0.9061576724052429,0.8970116972923279,0.884649932384491,0.8720158338546753,0.8433007597923279,0.8189514875411987,0.7994705438613892,0.7546019554138184,0.704479455947876,0.6913759708404541,0.6392771005630493,0.5751898884773254,0.5048472285270691,0.44909825921058655
125,0.4094473719596863,0.4363396465778351,0.5583327412605286,0.5739865303039551,0.6226441860198975,0.6882531642913818,0.7040950059890747,0.7290564775466919,0.7740722894668579,0.7917908430099487,0.806508481502533,0.8630207180976868,0.8824995756149292,0.885002851486206,0.8985351920127869,0.9087398052215576,0.9068034887313843,0.9021166563034058,0.8942750096321106,0.92027747631073,0.9264943599700928,0.9452708959579468,0.963660717010498,0.9771246910095215,0.9867393970489502,1.0000001192092896,0.9882315397262573,0.9847583770751953,0.9753023386001587,0.9624404311180115,0.9421549439430237,0.8989176750183105,0.8337761163711548,0.7675272226333618,0.6211850643157959,0.5939529538154602,0.4441516399383545,0.634913444519043,0.6264903545379639,0.7483579516410828,0.8370248079299927,0.8753340840339661,0.9122006893157959,0.9420225620269775,0.9630125761032104,0.9704986214637756,0.9792057275772095,0.980431318283081,0.9744900465011597,0.9711424708366394,0.9591114521026611,0.9433982968330383,0.9200247526168823,0.9102137088775635,0.915168046951294,0.8979946970939636,0.8985902667045593,0.8983672857284546,0.8915587067604065,0.8844166994094849,0.873687744140625,0.8655741810798645,0.8349510431289673,0.8135126829147339,0.793807327747345,0.7499410510063171,0.7060182094573975,0.6954430341720581,0.6453127861022949,0.5816974639892578,0.5118138194084167,0.4571230113506317
130,0.41109684109687805,0.4291779398918152,0.5478249788284302,0.560745358467102,0.6119602918624878,0.6797401905059814,0.6947845220565796,0.7186825275421143,0.7619982957839966,0.7762134671211243,0.7917026877403259,0.8498585820198059,0.8709228038787842,0.8758513927459717,0.8890843391418457,0.8991095423698425,0.8949276208877563,0.8954910039901733,0.8908883333206177,0.9186811447143555,0.9261435270309448,0.9416153430938721,0.958989143371582,0.9696780443191528,0.9763404726982117,0.9882315397262573,1.0,0.985753059387207,0.9757179021835327,0.9634087085723877,0.943677544593811,0.8979674577713013,0.8358547687530518,0.769839882850647,0.6314865946769714,0.6061607599258423,0.4534420967102051,0.6476888656616211,0.6385600566864014,0.7534455060958862,0.8421388864517212,0.8757872581481934,0.9125353097915649,0.9438903331756592,0.9621105790138245,0.9734316468238831,0.9834139347076416,0.9740076065063477,0.9640895128250122,0.9626935124397278,0.9512603282928467,0.9412071704864502,0.922052264213562,0.9081909656524658,0.91032475233078,0.8896026611328125,0.8859791159629822,0.8871341943740845,0.8794903755187988,0.8742258548736572,0.8610802888870239,0.8568191528320312,0.8248639106750488,0.8022638559341431,0.7865227460861206,0.7418531179428101,0.6976665258407593,0.6849297285079956,0.6335592865943909,0.5701683759689331,0.5064846277236938,0.449474960565567
135,0.39981693029403687,0.4245121479034424,0.5478556752204895,0.5654063820838928,0.6126648187637329,0.6770620942115784,0.6931387186050415,0.7180387377738953,0.7627844214439392,0.782893180847168,0.7967156171798706,0.8533127903938293,0.8744634389877319,0.8782981038093567,0.8905974626541138,0.8993589282035828,0.8952957987785339,0.8916078209877014,0.8815267086029053,0.9091393947601318,0.9175866842269897,0.9330957531929016,0.9496167898178101,0.96425461769104,0.9758511185646057,0.9847583770751953,0.985753059387207,1.0000001192092896,0.9852277040481567,0.9752476215362549,0.9592387080192566,0.923923134803772,0.861444354057312,0.7917255163192749,0.6506396532058716,0.6229563355445862,0.457602858543396,0.6630364656448364,0.654338002204895,0.7769924998283386,0.8650649189949036,0.9030485153198242,0.9339672923088074,0.9550827741622925,0.9749581813812256,0.9773910045623779,0.9798095226287842,0.9751617312431335,0.9662741422653198,0.9595391750335693,0.9480315446853638,0.9346350431442261,0.9122281670570374,0.8966147899627686,0.9028459787368774,0.8874076008796692,0.8890513181686401,0.8861535787582397,0.8814749121665955,0.8747649788856506,0.8646113872528076,0.8563010692596436,0.8263987302780151,0.8025292158126831,0.7820219397544861,0.7373258471488953,0.6924959421157837,0.679226815700531,0.6296752095222473,0.5675374865531921,0.5023521780967712,0.44210582971572876
140,0.4077179431915283,0.4392856955528259,0.5620977282524109,0.5765703916549683,0.6191109418869019,0.6827452182769775,0.6962623000144958,0.721847653388977,0.7665954828262329,0.786730945110321,0.7969697713851929,0.8507207632064819,0.8728035092353821,0.8733899593353271,0.8826600313186646,0.8883216977119446,0.8809286952018738,0.8784464001655579,0.866132915019989,0.8930296301841736,0.9005385637283325,0.9214381575584412,0.9352489113807678,0.9487853050231934,0.9598067402839661,0.9753023386001587,0.9757179021835327,0.9852277040481567,1.0000001192092896,0.987390398979187,0.9750737547874451,0.9369877576828003,0.8808861374855042,0.8167005181312561,0.6731700897216797,0.6502719521522522,0.47180497646331787,0.6861691474914551,0.677154541015625,0.797756552696228,0.8827003836631775,0.9170659780502319,0.9479898810386658,0.9653723239898682,0.9833905696868896,0.9740772247314453,0.9719329476356506,0.9658219814300537,0.9524683356285095,0.9456502795219421,0.9341524839401245,0.9221928715705872,0.8967888355255127,0.8807051777839661,0.8899463415145874,0.8764892816543579,0.8785273432731628,0.8790584802627563,0.8763550519943237,0.8743694424629211,0.8653205633163452,0.8569789528846741,0.8268249034881592,0.8068382740020752,0.7829316854476929,0.7401243448257446,0.6954129934310913,0.6839208602905273,0.6363081932067871,0.5789623260498047,0.5198091864585876,0.45726704597473145
