,0,5,10,15,20,25,30,35,40,45,50,55,60,65,70,75,80,85,90,95,100,105,110,115,120,125,130,135,140,145,150,155,160,165,170,175,180,185,190,195,200,205,210,215,220,225,230,235,240,245,250,255,260,265,270,275,280,285,290,295,300,305,310,315,320,325,330,335,340,345,350,355
0,0.9999998807907104,0.9960662126541138,0.9811989068984985,0.9792185425758362,0.9839482307434082,0.9817705154418945,0.9776850342750549,0.9727085828781128,0.9681347608566284,0.9598612785339355,0.9512308835983276,0.9575603008270264,0.9478113651275635,0.9602428674697876,0.953764796257019,0.9548256397247314,0.9452104568481445,0.9501307010650635,0.9554564356803894,0.9587522149085999,0.9559762477874756,0.9452424049377441,0.9423815011978149,0.939689576625824,0.9423044919967651,0.9513452649116516,0.9500175714492798,0.958975076675415,0.9512152671813965,0.9554038643836975,0.9583635330200195,0.9669726490974426,0.970303475856781,0.9678370356559753,0.9737536907196045,0.9723774194717407,0.9768036007881165,0.9790862798690796,0.969203531742096,0.957108199596405,0.9688115119934082,0.9696001410484314,0.9622911810874939,0.9561176300048828,0.9571586847305298,0.949324369430542,0.9509463906288147,0.9327881336212158,0.9419391751289368,0.9188138842582703,0.9460657238960266,0.9569178819656372,0.9606949090957642,0.9571557641029358,0.9525195956230164,0.950002133846283,0.946450412273407,0.9459561705589294,0.9577283263206482,0.9602208733558655,0.9483206272125244,0.944985032081604,0.9453118443489075,0.9668646454811096,0.9699476957321167,0.9712027907371521,0.9761224985122681,0.9827537536621094,0.987699031829834,0.9843239784240723,0.9830887913703918,0.9959161877632141
5,0.9960662126541138,1.000000238418579,0.9866609573364258,0.9838294386863708,0.9890357255935669,0.9855506420135498,0.981404721736908,0.9785258173942566,0.9747020602226257,0.9652585387229919,0.9573864936828613,0.9622904062271118,0.9531424641609192,0.9662345051765442,0.9579956531524658,0.957777738571167,0.9519344568252563,0.9549193382263184,0.9596033096313477,0.9645174741744995,0.9615213871002197,0.9499459862709045,0.947208821773529,0.943111002445221,0.9448901414871216,0.9549220204353333,0.9534911513328552,0.9630436897277832,0.9556357860565186,0.960252583026886,0.9620307683944702,0.9692878723144531,0.9736034870147705,0.9705883264541626,0.9758479595184326,0.9743345379829407,0.9786449074745178,0.9826174974441528,0.9733297824859619,0.9595878720283508,0.9719101190567017,0.9729071259498596,0.9668513536453247,0.9616497755050659,0.9619574546813965,0.9530563354492188,0.9538761377334595,0.9362881183624268,0.9449487328529358,0.9219006299972534,0.9497959613800049,0.9619725942611694,0.966110348701477,0.963199257850647,0.9573283791542053,0.9540788531303406,0.9524486660957336,0.9495050311088562,0.9611179232597351,0.9641922116279602,0.952775239944458,0.9492772817611694,0.9501484036445618,0.9730270504951477,0.9764761924743652,0.9765720367431641,0.980666995048523,0.9875575304031372,0.991331934928894,0.9874790906906128,0.9874780178070068,0.9973874688148499
10,0.9811989068984985,0.9866609573364258,1.0000001192092896,0.9944950342178345,0.9921074509620667,0.9880030751228333,0.9842309355735779,0.9839881658554077,0.9815439581871033,0.9743839502334595,0.9714998602867126,0.9821752309799194,0.9762475490570068,0.9780596494674683,0.9774414300918579,0.9750044345855713,0.9739905595779419,0.9700908660888672,0.9729289412498474,0.976955235004425,0.9745489358901978,0.965495228767395,0.9595582485198975,0.9584931135177612,0.9590983986854553,0.9650356769561768,0.9627169370651245,0.9676629304885864,0.9623740315437317,0.9657715559005737,0.9695571660995483,0.9746515154838562,0.9782787561416626,0.9759071469306946,0.9813154935836792,0.9772356748580933,0.9725832343101501,0.9793088436126709,0.979422390460968,0.9703052043914795,0.9753618240356445,0.9788543581962585,0.9739866256713867,0.9716938734054565,0.9677518010139465,0.9614773988723755,0.9603592157363892,0.9513267278671265,0.9567365646362305,0.940085232257843,0.964148223400116,0.9735280275344849,0.9769541621208191,0.9784247279167175,0.9750922918319702,0.9713497161865234,0.9735214710235596,0.9715155363082886,0.9788112640380859,0.9789097905158997,0.974301815032959,0.9721845984458923,0.9666358232498169,0.9812880754470825,0.9820601344108582,0.9814861416816711,0.9833073019981384,0.9855449199676514,0.9893531799316406,0.9952089786529541,0.994488000869751,0.985197901725769
15,0.9792185425758362,0.9838294386863708,0.9944950342178345,1.0,0.995698869228363,0.991470217704773,0.987558901309967,0.9856547713279724,0.9780277013778687,0.968829333782196,0.9629777669906616,0.9788669347763062,0.9687944054603577,0.9780948162078857,0.9790499210357666,0.9786818027496338,0.9719955325126648,0.9702591300010681,0.970763623714447,0.9752293825149536,0.9723150730133057,0.9597063064575195,0.9539316892623901,0.9520513415336609,0.9516700506210327,0.9586523175239563,0.9562579989433289,0.9609852433204651,0.9542481303215027,0.9590933322906494,0.961860179901123,0.9698089957237244,0.9742276668548584,0.9723575711250305,0.9763878583908081,0.970730185508728,0.9678150415420532,0.975688636302948,0.9731623530387878,0.9652349352836609,0.9721065163612366,0.976100742816925,0.9683165550231934,0.9646446108818054,0.9611061215400696,0.9542464017868042,0.9554240703582764,0.9443811178207397,0.9516030550003052,0.9320625066757202,0.9587187170982361,0.9710268974304199,0.9768311381340027,0.9772525429725647,0.9740431904792786,0.9713762402534485,0.9730879068374634,0.9721377491950989,0.9787222743034363,0.9789946675300598,0.9706184267997742,0.9682616591453552,0.9591079354286194,0.9803256988525391,0.9834129214286804,0.9850887060165405,0.9867013692855835,0.9879539012908936,0.9916702508926392,0.9947357773780823,0.9895662069320679,0.9828278422355652
20,0.9839482307434082,0.9890357255935669,0.9921074509620667,0.995698869228363,1.000000238418579,0.99695885181427,0.9932616949081421,0.9903362393379211,0.9835825562477112,0.9726806282997131,0.9638524055480957,0.9767324328422546,0.9685307741165161,0.9817703366279602,0.9797557592391968,0.9801105260848999,0.9708775877952576,0.9734198451042175,0.9754258990287781,0.9791707992553711,0.9771221280097961,0.9658307433128357,0.9614938497543335,0.9583761692047119,0.9582086205482483,0.9661775827407837,0.9637707471847534,0.9684684872627258,0.9612756371498108,0.9667252898216248,0.9672591090202332,0.9762784838676453,0.9806731939315796,0.9779440760612488,0.9801889657974243,0.9761992692947388,0.9764531254768372,0.98227858543396,0.9776644110679626,0.9700592160224915,0.9789861440658569,0.9818310737609863,0.9746345281600952,0.9704080820083618,0.9681152701377869,0.9603906273841858,0.9637340307235718,0.9510951042175293,0.9585327506065369,0.9381370544433594,0.9648331999778748,0.9777118563652039,0.9815061688423157,0.9792838096618652,0.9750420451164246,0.973366916179657,0.9738277196884155,0.9732967019081116,0.9794058799743652,0.9811360239982605,0.9687027931213379,0.9673554301261902,0.9602588415145874,0.9846833944320679,0.9877674579620361,0.990196704864502,0.9928596019744873,0.9955806732177734,0.9968871474266052,0.9937832355499268,0.9892047643661499,0.9876593351364136
25,0.9817705154418945,0.9855506420135498,0.9880030751228333,0.991470217704773,0.99695885181427,1.0000001192092896,0.9967796802520752,0.9922555088996887,0.9847015142440796,0.973475992679596,0.9626424312591553,0.9763620495796204,0.9683399796485901,0.984113872051239,0.9818281531333923,0.9811107516288757,0.9690597057342529,0.972280740737915,0.9740831255912781,0.9774861335754395,0.9755061268806458,0.9653611779212952,0.9622225165367126,0.9601401090621948,0.9597169160842896,0.9675947427749634,0.9639073610305786,0.9681395888328552,0.9618561863899231,0.9659463167190552,0.9661388397216797,0.9749343395233154,0.9786272048950195,0.9763591289520264,0.978716254234314,0.9738526344299316,0.9744192957878113,0.9815396070480347,0.9778156280517578,0.9678847193717957,0.9767354726791382,0.9807612895965576,0.975214958190918,0.9693179130554199,0.9671090245246887,0.9593175649642944,0.9633336663246155,0.9504076838493347,0.9589871764183044,0.9388751983642578,0.9657834768295288,0.9769375920295715,0.9795467853546143,0.9776233434677124,0.9733819365501404,0.9734577536582947,0.9729065895080566,0.9727381467819214,0.9824731349945068,0.9844129085540771,0.9703642725944519,0.9692320823669434,0.9606688618659973,0.9865582585334778,0.9894939064979553,0.9921903610229492,0.996074378490448,0.9973639845848083,0.9950946569442749,0.9912256598472595,0.9848172664642334,0.984257161617279
30,0.9776850342750549,0.981404721736908,0.9842309355735779,0.987558901309967,0.9932616949081421,0.9967796802520752,1.000000238418579,0.9963632225990295,0.9891119003295898,0.9776918888092041,0.9653334617614746,0.9769347310066223,0.9706185460090637,0.9857568740844727,0.9828187227249146,0.9799289107322693,0.9648775458335876,0.9682189226150513,0.96901535987854,0.973385751247406,0.9746577739715576,0.9676123857498169,0.9651725888252258,0.9634632468223572,0.9634904861450195,0.9703846573829651,0.9655126333236694,0.9705904126167297,0.9630447626113892,0.9638789892196655,0.963633120059967,0.9721968173980713,0.9742723703384399,0.9717330932617188,0.975989580154419,0.9681774377822876,0.9703035354614258,0.9773438572883606,0.9744575023651123,0.963315486907959,0.9739962220191956,0.9784442782402039,0.972567617893219,0.9670807123184204,0.9673205614089966,0.9621911644935608,0.9657831788063049,0.9531006813049316,0.9614073038101196,0.9414623379707336,0.9675450325012207,0.9779013395309448,0.9797006249427795,0.97519850730896,0.9681034684181213,0.9700721502304077,0.9706114530563354,0.9713793396949768,0.984176754951477,0.9867774844169617,0.9734584093093872,0.9719933867454529,0.9649909734725952,0.9905916452407837,0.9928862452507019,0.9956535696983337,0.9977526664733887,0.9946078658103943,0.990257978439331,0.9864611625671387,0.9780458211898804,0.9787819385528564
35,0.9727085828781128,0.9785258173942566,0.9839881658554077,0.9856547713279724,0.9903362393379211,0.9922555088996887,0.9963632225990295,0.9999998211860657,0.9951483011245728,0.9853223562240601,0.9745759963989258,0.982854962348938,0.9787492156028748,0.9905081987380981,0.9850893616676331,0.9791228771209717,0.9666504859924316,0.9676998257637024,0.9697259068489075,0.9744959473609924,0.9765734672546387,0.973268449306488,0.9709694385528564,0.9685534238815308,0.9674310088157654,0.9736732244491577,0.9688372015953064,0.9750654101371765,0.9679294228553772,0.9673188328742981,0.9669152498245239,0.971808910369873,0.973137378692627,0.9700356721878052,0.9753180146217346,0.9672120809555054,0.9692351818084717,0.9757282733917236,0.9747233986854553,0.9639332294464111,0.9732974767684937,0.9781050682067871,0.9729582071304321,0.9716368317604065,0.9727987051010132,0.9690817594528198,0.9700402021408081,0.95960533618927,0.9663667678833008,0.9495798349380493,0.9727723598480225,0.9814067482948303,0.9815931916236877,0.9760687351226807,0.9681562185287476,0.9695400595664978,0.9724051356315613,0.9717918634414673,0.985821008682251,0.9899258613586426,0.9819793701171875,0.9788704514503479,0.9748137593269348,0.9945037961006165,0.996322512626648,0.9972255825996399,0.995779275894165,0.9917383193969727,0.9867227077484131,0.9851065278053284,0.9783185124397278,0.9757871031761169
40,0.9681347608566284,0.9747020602226257,0.9815439581871033,0.9780277013778687,0.9835825562477112,0.9847015142440796,0.9891119003295898,0.9951483011245728,1.000000238418579,0.9934619665145874,0.9845003485679626,0.9857984185218811,0.9855585098266602,0.9910064339637756,0.9814490675926208,0.9728652238845825,0.9638094305992126,0.964459240436554,0.9684957265853882,0.9738261699676514,0.9772398471832275,0.978371798992157,0.9771623015403748,0.9752125144004822,0.97471022605896,0.9786872863769531,0.9748043417930603,0.9822089076042175,0.9771296977996826,0.974260687828064,0.9732453227043152,0.9747035503387451,0.9726464748382568,0.9675027132034302,0.9728590846061707,0.966071367263794,0.9674067497253418,0.9720179438591003,0.9725351333618164,0.9644540548324585,0.9740286469459534,0.9793317317962646,0.9761240482330322,0.9784562587738037,0.9812673926353455,0.9787482023239136,0.9767948389053345,0.9684714078903198,0.9732075333595276,0.9602738618850708,0.9781930446624756,0.9831138849258423,0.9805346727371216,0.9753403663635254,0.965878963470459,0.9659802317619324,0.9696632027626038,0.9695308804512024,0.9843013286590576,0.9899590015411377,0.9857509136199951,0.9824717044830322,0.9832279682159424,0.9947903752326965,0.9949124455451965,0.9918394088745117,0.9890161752700806,0.9859287738800049,0.9818201065063477,0.9818305969238281,0.9765514135360718,0.9712276458740234
45,0.9598612785339355,0.9652585387229919,0.9743839502334595,0.968829333782196,0.9726806282997131,0.973475992679596,0.9776918888092041,0.9853223562240601,0.9934619665145874,1.0,0.9950578212738037,0.9884848594665527,0.9893171787261963,0.9888098239898682,0.975212574005127,0.9616398811340332,0.9527637362480164,0.9517701864242554,0.9575408697128296,0.9633163809776306,0.9687873125076294,0.9787304997444153,0.9789957404136658,0.9791615605354309,0.9781041145324707,0.9800716042518616,0.9779126644134521,0.9848604798316956,0.9828569293022156,0.9750931262969971,0.9737781286239624,0.9708806872367859,0.964746356010437,0.959464430809021,0.9647748470306396,0.9595990180969238,0.9592410326004028,0.9627452492713928,0.9646678566932678,0.9600992798805237,0.9676415324211121,0.9739348888397217,0.9724939465522766,0.9790613651275635,0.9847654700279236,0.9850828647613525,0.9803667068481445,0.9752381443977356,0.9775157570838928,0.9699373841285706,0.9808592200279236,0.9785879850387573,0.9695686101913452,0.9650777578353882,0.9551525712013245,0.9547734260559082,0.9591813087463379,0.9619757533073425,0.9803944230079651,0.987322211265564,0.9889960289001465,0.986631453037262,0.9926034808158875,0.9908491969108582,0.9861880540847778,0.9817566275596619,0.9775797128677368,0.9758349657058716,0.9719980955123901,0.9763360023498535,0.9698024988174438,0.9610810279846191
50,0.9512308835983276,0.9573864936828613,0.9714998602867126,0.9629777669906616,0.9638524055480957,0.9626424312591553,0.9653334617614746,0.9745759963989258,0.9845003485679626,0.9950578212738037,1.0,0.9902229309082031,0.9909591674804688,0.9823230504989624,0.9691917896270752,0.9542399048805237,0.9513512849807739,0.9460911750793457,0.9528672695159912,0.9584482312202454,0.9640219211578369,0.9758648872375488,0.974256157875061,0.9745432138442993,0.9737497568130493,0.9744389653205872,0.9724518656730652,0.9793701171875,0.9792799949645996,0.9706896543502808,0.9711076021194458,0.9657823443412781,0.9592500925064087,0.9542858004570007,0.9595717787742615,0.9561728239059448,0.9539121389389038,0.9547642469406128,0.9584324359893799,0.9577364921569824,0.9618273377418518,0.9683252573013306,0.9675022959709167,0.9746974110603333,0.9797745943069458,0.9825303554534912,0.9742000102996826,0.97244793176651,0.9731055498123169,0.9694064855575562,0.9783329963684082,0.9730077385902405,0.9624504446983337,0.9597716927528381,0.9519630670547485,0.948535680770874,0.9562362432479858,0.9570887088775635,0.9745085835456848,0.980492353439331,0.9883708953857422,0.9870008826255798,0.9943728446960449,0.9819061756134033,0.9752292633056641,0.9697372913360596,0.9642237424850464,0.9638497829437256,0.9626340866088867,0.9713688492774963,0.9675687551498413,0.9541091322898865
55,0.9575603008270264,0.9622904062271118,0.9821752309799194,0.9788669347763062,0.9767324328422546,0.9763620495796204,0.9769347310066223,0.982854962348938,0.9857984185218811,0.9884848594665527,0.9902229309082031,1.0,0.9940531253814697,0.9888863563537598,0.9851214289665222,0.9751283526420593,0.969815731048584,0.965455174446106,0.9688979983329773,0.9725315570831299,0.9749598503112793,0.9764806032180786,0.9727449417114258,0.9731131792068481,0.9711705446243286,0.9720419645309448,0.9687031507492065,0.9732221364974976,0.9691408276557922,0.9663295149803162,0.9681810736656189,0.9695197343826294,0.9676026105880737,0.9640776515007019,0.9681857228279114,0.9646159410476685,0.9601414203643799,0.9631247520446777,0.96623295545578,0.9660089015960693,0.9682955741882324,0.9746788144111633,0.9696875214576721,0.9718437194824219,0.9716904163360596,0.9722244739532471,0.9686561822891235,0.9676954746246338,0.9717094898223877,0.9625895023345947,0.977825939655304,0.9781337380409241,0.9750200510025024,0.9741309881210327,0.9698349237442017,0.9652928113937378,0.9726287126541138,0.9745352864265442,0.9865517616271973,0.988907516002655,0.9924358129501343,0.9932451844215393,0.9862875938415527,0.9858595728874207,0.9823659658432007,0.9791650176048279,0.9754222631454468,0.973217248916626,0.9731076955795288,0.9810189604759216,0.9769625067710876,0.9614253044128418
60,0.9478113651275635,0.9531424641609192,0.9762475490570068,0.9687944054603577,0.9685307741165161,0.9683399796485901,0.9706185460090637,0.9787492156028748,0.9855585098266602,0.9893171787261963,0.9909591674804688,0.9940531253814697,0.9999995231628418,0.9882153272628784,0.9851032495498657,0.9724482297897339,0.9684983491897583,0.963263213634491,0.9687820672988892,0.9715650677680969,0.976316511631012,0.982303261756897,0.9780764579772949,0.9791876077651978,0.9777306318283081,0.9763073921203613,0.9730495810508728,0.9767335057258606,0.9730796217918396,0.968782901763916,0.969445526599884,0.9670442938804626,0.962615966796875,0.9600268006324768,0.9639248847961426,0.960242509841919,0.9553318619728088,0.9576801061630249,0.9635717868804932,0.9643227458000183,0.9646779298782349,0.9703253507614136,0.9680719971656799,0.9744620323181152,0.9754287004470825,0.9774906635284424,0.9726367592811584,0.9731830358505249,0.9742929935455322,0.9706020355224609,0.9816839694976807,0.9806171655654907,0.974833607673645,0.9742299318313599,0.968756377696991,0.9661277532577515,0.9730585217475891,0.975151538848877,0.9861239790916443,0.9883517026901245,0.9948924779891968,0.9924390912055969,0.9893187880516052,0.9837013483047485,0.9784033894538879,0.9751685857772827,0.9700888395309448,0.9663724303245544,0.9644979238510132,0.9723595380783081,0.9683871269226074,0.9512282609939575
65,0.9602428674697876,0.9662345051765442,0.9780596494674683,0.9780948162078857,0.9817703366279602,0.984113872051239,0.9857568740844727,0.9905081987380981,0.9910064339637756,0.9888098239898682,0.9823230504989624,0.9888863563537598,0.9882153272628784,1.0,0.9925097227096558,0.9830529093742371,0.9717786312103271,0.9723309874534607,0.9763786196708679,0.97978675365448,0.9803868532180786,0.9783827662467957,0.9760188460350037,0.9752575159072876,0.971927285194397,0.9760204553604126,0.9721747040748596,0.976039469242096,0.9711021780967712,0.9691855311393738,0.9673486948013306,0.9684501886367798,0.9674496650695801,0.9643946886062622,0.9675846099853516,0.9639090299606323,0.9638292789459229,0.9678356051445007,0.9685476422309875,0.962633490562439,0.968498945236206,0.9743181467056274,0.9719887375831604,0.9757644534111023,0.9761964678764343,0.9737975597381592,0.9734450578689575,0.9678679704666138,0.970838189125061,0.9599707126617432,0.9786229729652405,0.9844814538955688,0.982382595539093,0.9805247783660889,0.9750760197639465,0.9754481911659241,0.9787107110023499,0.9792946577072144,0.9914975166320801,0.9952159523963928,0.9894444942474365,0.9861268997192383,0.9818679094314575,0.9923515319824219,0.991296648979187,0.9885576367378235,0.9870083928108215,0.9837512373924255,0.9782125949859619,0.9796087741851807,0.9731516242027283,0.9638607501983643
70,0.953764796257019,0.9579956531524658,0.9774414300918579,0.9790499210357666,0.9797557592391968,0.9818281531333923,0.9828187227249146,0.9850893616676331,0.9814490675926208,0.975212574005127,0.9691917896270752,0.9851214289665222,0.9851032495498657,0.9925097227096558,1.0,0.9931156635284424,0.9820460081100464,0.9815111756324768,0.9823709726333618,0.9827182292938232,0.9836385250091553,0.9771683812141418,0.9718576073646545,0.9720215201377869,0.9682453870773315,0.9703168272972107,0.9673430919647217,0.9675895571708679,0.961157500743866,0.9616175889968872,0.9614805579185486,0.9666265249252319,0.9670369029045105,0.9660370349884033,0.9677464962005615,0.9656128287315369,0.9618200063705444,0.9660617709159851,0.9683939814567566,0.9653785824775696,0.9671230316162109,0.9721108078956604,0.9669899940490723,0.9684957265853882,0.9663206934928894,0.9637467265129089,0.9655201435089111,0.9623164534568787,0.9661661386489868,0.9550094604492188,0.9747602343559265,0.9840095639228821,0.985196590423584,0.9850605726242065,0.9834886193275452,0.9845211505889893,0.9870679378509521,0.9899642467498779,0.9957758188247681,0.9926074147224426,0.9858814477920532,0.9838245511054993,0.9717840552330017,0.9844646453857422,0.9841694235801697,0.9853168725967407,0.9832735061645508,0.9778723120689392,0.9737204313278198,0.9759804010391235,0.9690456986427307,0.957522988319397
75,0.9548256397247314,0.957777738571167,0.9750044345855713,0.9786818027496338,0.9801105260848999,0.9811107516288757,0.9799289107322693,0.9791228771209717,0.9728652238845825,0.9616398811340332,0.9542399048805237,0.9751283526420593,0.9724482297897339,0.9830529093742371,0.9931156635284424,1.0,0.9889007806777954,0.9914043545722961,0.988605797290802,0.9864691495895386,0.9848021268844604,0.970461368560791,0.963250458240509,0.9616407155990601,0.9572939872741699,0.9611432552337646,0.9582449793815613,0.9575310945510864,0.9492313265800476,0.9535880088806152,0.9536029696464539,0.9624447822570801,0.9656425714492798,0.9662356972694397,0.9656124711036682,0.9652658700942993,0.9619123339653015,0.9651217460632324,0.9636332988739014,0.9628111124038696,0.9644333124160767,0.9672612547874451,0.9592921733856201,0.959933340549469,0.9565154314041138,0.9501795172691345,0.9553637504577637,0.9501231908798218,0.9568885564804077,0.9416972398757935,0.9655607342720032,0.9811458587646484,0.9873543977737427,0.9888609051704407,0.9892752170562744,0.9913676977157593,0.9918262958526611,0.9945555925369263,0.9890806078910828,0.9840682744979858,0.9734219908714294,0.9741923809051514,0.9582051634788513,0.975572407245636,0.9759406447410583,0.979134738445282,0.979728102684021,0.9758573174476624,0.973936915397644,0.9729244709014893,0.9676632285118103,0.9596023559570312
80,0.9452104568481445,0.9519344568252563,0.9739905595779419,0.9719955325126648,0.9708775877952576,0.9690597057342529,0.9648775458335876,0.9666504859924316,0.9638094305992126,0.9527637362480164,0.9513512849807739,0.969815731048584,0.9684983491897583,0.9717786312103271,0.9820460081100464,0.9889007806777954,1.0000001192092896,0.9936181902885437,0.990005373954773,0.9892982244491577,0.9853528738021851,0.9681171774864197,0.959099292755127,0.9570614695549011,0.9534326195716858,0.9564917087554932,0.9546502828598022,0.9532475471496582,0.9475588202476501,0.9555863738059998,0.9571656584739685,0.963036060333252,0.9683334827423096,0.9695828557014465,0.9666123390197754,0.9655177593231201,0.9588194489479065,0.9620152115821838,0.9650508761405945,0.9662346243858337,0.9653376936912537,0.966137170791626,0.9610681533813477,0.9624439477920532,0.9549449682235718,0.9469707608222961,0.9478164911270142,0.9459429383277893,0.9512131810188293,0.9381970763206482,0.9609659910202026,0.9767146706581116,0.9850491285324097,0.9904020428657532,0.9925258159637451,0.9907126426696777,0.9954760074615479,0.9855730533599854,0.9783242344856262,0.9708088636398315,0.9652076363563538,0.9648582339286804,0.9491658210754395,0.9625629186630249,0.9629765152931213,0.9635925889015198,0.9641069769859314,0.9634965062141418,0.9659069776535034,0.9681844115257263,0.9681514501571655,0.954341471195221
85,0.9501307010650635,0.9549193382263184,0.9700908660888672,0.9702591300010681,0.9734198451042175,0.972280740737915,0.9682189226150513,0.9676998257637024,0.964459240436554,0.9517701864242554,0.9460911750793457,0.965455174446106,0.963263213634491,0.9723309874534607,0.9815111756324768,0.9914043545722961,0.9936181902885437,1.0000001192092896,0.9955658316612244,0.9918162822723389,0.9876371026039124,0.9686253666877747,0.9617716670036316,0.9588619470596313,0.9531777501106262,0.9580556154251099,0.9568172693252563,0.9551458358764648,0.9478201270103455,0.9547286629676819,0.9546511769294739,0.9639116525650024,0.9686217308044434,0.9696136116981506,0.9660395383834839,0.9687772989273071,0.9654386043548584,0.966503918170929,0.9639885425567627,0.9654064774513245,0.966813862323761,0.9671780467033386,0.9590818285942078,0.959876298904419,0.955622136592865,0.9468055963516235,0.9516215920448303,0.9475092887878418,0.9533137679100037,0.9375749826431274,0.9618836045265198,0.9799450635910034,0.9887243509292603,0.9927416443824768,0.9942987561225891,0.9947256445884705,0.992794394493103,0.9885905385017395,0.9788927435874939,0.9714124202728271,0.9611070156097412,0.961257815361023,0.9454200863838196,0.9629478454589844,0.9640478491783142,0.9653250575065613,0.9676795601844788,0.9678339958190918,0.9691462516784668,0.9666748046875,0.965026319026947,0.9573266506195068
90,0.9554564356803894,0.9596033096313477,0.9729289412498474,0.970763623714447,0.9754258990287781,0.9740831255912781,0.96901535987854,0.9697259068489075,0.9684957265853882,0.9575408697128296,0.9528672695159912,0.9688979983329773,0.9687820672988892,0.9763786196708679,0.9823709726333618,0.988605797290802,0.990005373954773,0.9955658316612244,1.0000003576278687,0.9965742230415344,0.9918355345726013,0.9745550751686096,0.9675150513648987,0.964897632598877,0.9611800909042358,0.9660352468490601,0.9651561379432678,0.9631710052490234,0.9555097818374634,0.9627187848091125,0.9627458453178406,0.9693108797073364,0.9733288288116455,0.9741998910903931,0.9709728956222534,0.974663496017456,0.9704443216323853,0.9702845811843872,0.9689487218856812,0.9718842506408691,0.9718294739723206,0.9718525409698486,0.9662649035453796,0.9677353501319885,0.9635055065155029,0.9568183422088623,0.9610968232154846,0.9568948745727539,0.9603921175003052,0.9462412595748901,0.9694237112998962,0.9838802218437195,0.990533709526062,0.9933763742446899,0.9952325820922852,0.9922089576721191,0.9908866286277771,0.9868564009666443,0.9793529510498047,0.9748026728630066,0.9643387794494629,0.9627634882926941,0.950864315032959,0.9662488698959351,0.967382550239563,0.9670242071151733,0.9690577983856201,0.9712809324264526,0.973275899887085,0.970260500907898,0.9700844883918762,0.9621279835700989
95,0.9587522149085999,0.9645174741744995,0.976955235004425,0.9752293825149536,0.9791707992553711,0.9774861335754395,0.973385751247406,0.9744959473609924,0.9738261699676514,0.9633163809776306,0.9584482312202454,0.9725315570831299,0.9715650677680969,0.97978675365448,0.9827182292938232,0.9864691495895386,0.9892982244491577,0.9918162822723389,0.9965742230415344,1.0,0.9958871603012085,0.9780986309051514,0.9716802835464478,0.9687477350234985,0.9657241106033325,0.9709342122077942,0.9697497487068176,0.9686098098754883,0.9610214233398438,0.9677175283432007,0.968039870262146,0.9733426570892334,0.9770438075065613,0.9775115251541138,0.9755262732505798,0.9758553504943848,0.9717469215393066,0.9738666415214539,0.9738011360168457,0.9735270738601685,0.9762313365936279,0.9768296480178833,0.9726089239120483,0.9729142785072327,0.9694600105285645,0.9626638889312744,0.9658389091491699,0.960777223110199,0.9640558958053589,0.9496660232543945,0.9727690815925598,0.9862707853317261,0.9934953451156616,0.9951447248458862,0.993013322353363,0.9891855716705322,0.989841878414154,0.9833763837814331,0.9802892804145813,0.9771586656570435,0.9672161340713501,0.9655566215515137,0.9548071622848511,0.972072422504425,0.9732147455215454,0.972344160079956,0.9736804366111755,0.9763703942298889,0.9782973527908325,0.9748455286026001,0.9747358560562134,0.9661028385162354
100,0.9559762477874756,0.9615213871002197,0.9745489358901978,0.9723150730133057,0.9771221280097961,0.9755061268806458,0.9746577739715576,0.9765734672546387,0.9772398471832275,0.9687873125076294,0.9640219211578369,0.9749598503112793,0.976316511631012,0.9803868532180786,0.9836385250091553,0.9848021268844604,0.9853528738021851,0.9876371026039124,0.9918355345726013,0.9958871603012085,1.000000238418579,0.9880709648132324,0.9826498031616211,0.9792317152023315,0.9762349724769592,0.9795426726341248,0.9785054326057434,0.9768055081367493,0.9688808917999268,0.9739781022071838,0.9732896685600281,0.9777737855911255,0.9783092737197876,0.9792433381080627,0.9771232008934021,0.9758760929107666,0.9719830751419067,0.9739716053009033,0.9745853543281555,0.9772845506668091,0.9798447489738464,0.9799819588661194,0.9750263690948486,0.9767274856567383,0.975352942943573,0.9710968732833862,0.9747648239135742,0.9708151817321777,0.974001944065094,0.9615744352340698,0.9815724492073059,0.9921822547912598,0.995415985584259,0.9927531480789185,0.9868665933609009,0.9840699434280396,0.986660361289978,0.9831267595291138,0.9822360277175903,0.9782408475875854,0.9705851674079895,0.9701358079910278,0.9609657526016235,0.9749094843864441,0.9747400283813477,0.9758070707321167,0.9740361571311951,0.9751796126365662,0.9759760499000549,0.9724330902099609,0.9704152941703796,0.9624109268188477
105,0.9452424049377441,0.9499459862709045,0.965495228767395,0.9597063064575195,0.9658307433128357,0.9653611779212952,0.9676123857498169,0.973268449306488,0.978371798992157,0.9787304997444153,0.9758648872375488,0.9764806032180786,0.982303261756897,0.9783827662467957,0.9771683812141418,0.970461368560791,0.9681171774864197,0.9686253666877747,0.9745550751686096,0.9780986309051514,0.9880709648132324,1.0000001192092896,0.9970965385437012,0.9939904808998108,0.9913047552108765,0.9909195303916931,0.9894912242889404,0.9876556992530823,0.9836863279342651,0.9831703305244446,0.9805459976196289,0.9803524613380432,0.9751169681549072,0.9741572141647339,0.9721735715866089,0.9703139662742615,0.9649430513381958,0.9656834006309509,0.9698010087013245,0.9784613847732544,0.9786447882652283,0.9797705411911011,0.9770264029502869,0.9837397933006287,0.9859863519668579,0.9866960644721985,0.9878600835800171,0.9886079430580139,0.9901053309440613,0.9865752458572388,0.9958127737045288,0.9945762157440186,0.9833143353462219,0.9761757254600525,0.9683977961540222,0.9664409160614014,0.9718558192253113,0.9729538559913635,0.9777289628982544,0.9751468300819397,0.9753066301345825,0.9770548343658447,0.9739879369735718,0.9744239449501038,0.9704186320304871,0.9733027219772339,0.9668636322021484,0.9668477773666382,0.9655662775039673,0.9651080369949341,0.9617716670036316,0.9510066509246826
110,0.9423815011978149,0.947208821773529,0.9595582485198975,0.9539316892623901,0.9614938497543335,0.9622225165367126,0.9651725888252258,0.9709694385528564,0.9771623015403748,0.9789957404136658,0.974256157875061,0.9727449417114258,0.9780764579772949,0.9760188460350037,0.9718576073646545,0.963250458240509,0.959099292755127,0.9617716670036316,0.9675150513648987,0.9716802835464478,0.9826498031616211,0.9970965385437012,1.000000238418579,0.9971890449523926,0.993354082107544,0.9927783608436584,0.9914965033531189,0.9894855618476868,0.9863601922988892,0.9841657280921936,0.9806213974952698,0.9791997671127319,0.9718500375747681,0.9704058766365051,0.9688551425933838,0.9665566682815552,0.9628235101699829,0.9639765620231628,0.9674082398414612,0.9753949642181396,0.9766246676445007,0.9783520102500916,0.9766626954078674,0.983462929725647,0.9873010516166687,0.9883235096931458,0.9903737306594849,0.9910019636154175,0.9926896095275879,0.9898555278778076,0.9963778257369995,0.991723895072937,0.9781855344772339,0.9702951908111572,0.9605712294578552,0.9593281745910645,0.9634597301483154,0.9657888412475586,0.9743375778198242,0.9722307324409485,0.9722487926483154,0.9747006297111511,0.972888171672821,0.9733256101608276,0.9689901471138,0.9716870188713074,0.9649398326873779,0.9653406143188477,0.9622330665588379,0.9605452418327332,0.9565621614456177,0.9477448463439941
115,0.939689576625824,0.943111002445221,0.9584931135177612,0.9520513415336609,0.9583761692047119,0.9601401090621948,0.9634632468223572,0.9685534238815308,0.9752125144004822,0.9791615605354309,0.9745432138442993,0.9731131792068481,0.9791876077651978,0.9752575159072876,0.9720215201377869,0.9616407155990601,0.9570614695549011,0.9588619470596313,0.964897632598877,0.9687477350234985,0.9792317152023315,0.9939904808998108,0.9971890449523926,0.9999997615814209,0.9967195987701416,0.9945228099822998,0.993248462677002,0.9900528192520142,0.9876163601875305,0.9837382435798645,0.9814639091491699,0.9797529578208923,0.9714462757110596,0.9703000783920288,0.9689199924468994,0.9662390351295471,0.9602869153022766,0.961952805519104,0.9682692885398865,0.9761824607849121,0.9760867953300476,0.9782609343528748,0.9776193499565125,0.9838877320289612,0.987258791923523,0.989482045173645,0.991224467754364,0.9935857057571411,0.9946876168251038,0.9919643998146057,0.9953721761703491,0.9881572723388672,0.9738865494728088,0.9671052694320679,0.9582842588424683,0.9580161571502686,0.9622355699539185,0.9659782648086548,0.9759094715118408,0.9735075831413269,0.9736987352371216,0.9763391613960266,0.9741109609603882,0.9721925258636475,0.966671347618103,0.9686096906661987,0.9621875882148743,0.9624619483947754,0.9592361450195312,0.960532009601593,0.9548781514167786,0.9432260990142822
120,0.9423044919967651,0.9448901414871216,0.9590983986854553,0.9516700506210327,0.9582086205482483,0.9597169160842896,0.9634904861450195,0.9674310088157654,0.97471022605896,0.9781041145324707,0.9737497568130493,0.9711705446243286,0.9777306318283081,0.971927285194397,0.9682453870773315,0.9572939872741699,0.9534326195716858,0.9531777501106262,0.9611800909042358,0.9657241106033325,0.9762349724769592,0.9913047552108765,0.993354082107544,0.9967195987701416,1.0000001192092896,0.9962426424026489,0.9944568872451782,0.9921068549156189,0.9889535903930664,0.9857255220413208,0.9833191633224487,0.9817420244216919,0.9727715849876404,0.9715878963470459,0.970267653465271,0.9664889574050903,0.9601887464523315,0.9613767266273499,0.9686182737350464,0.977234423160553,0.977866530418396,0.9793562293052673,0.9799919128417969,0.9851268529891968,0.9880109429359436,0.9917798638343811,0.9932333827018738,0.994103193283081,0.9950567483901978,0.9906843900680542,0.9933878779411316,0.9850497841835022,0.9710547924041748,0.9630876779556274,0.953933596611023,0.9527648687362671,0.9577666521072388,0.9607924222946167,0.9717662334442139,0.9713976383209229,0.9705913662910461,0.9719231128692627,0.9717141389846802,0.9713017344474792,0.9657126069068909,0.9677408933639526,0.9616895914077759,0.9625173211097717,0.960392951965332,0.9613752961158752,0.9552091956138611,0.9446513652801514
125,0.9513452649116516,0.9549220204353333,0.9650356769561768,0.9586523175239563,0.9661775827407837,0.9675947427749634,0.9703846573829651,0.9736732244491577,0.9786872863769531,0.9800716042518616,0.9744389653205872,0.9720419645309448,0.9763073921203613,0.9760204553604126,0.9703168272972107,0.9611432552337646,0.9564917087554932,0.9580556154251099,0.9660352468490601,0.9709342122077942,0.9795426726341248,0.9909195303916931,0.9927783608436584,0.9945228099822998,0.9962426424026489,1.000000238418579,0.9979351162910461,0.9955097436904907,0.9914107322692871,0.9875707626342773,0.9849170446395874,0.984071671962738,0.9772467017173767,0.9754652976989746,0.9750407934188843,0.9711054563522339,0.967352569103241,0.9692748785018921,0.9740958213806152,0.9780020713806152,0.981651782989502,0.9831252098083496,0.9830141067504883,0.9873487949371338,0.9908892512321472,0.9925882816314697,0.9965049624443054,0.9932237267494202,0.9933720827102661,0.985120952129364,0.993291437625885,0.9884085655212402,0.9766912460327148,0.9687780141830444,0.9588364362716675,0.9590930938720703,0.9613279700279236,0.961987316608429,0.9735662341117859,0.9753530621528625,0.971450686454773,0.971341609954834,0.9717826247215271,0.9768185019493103,0.9721707105636597,0.9737794399261475,0.9694799184799194,0.9716314673423767,0.968842089176178,0.967576801776886,0.9621943235397339,0.9545528292655945
130,0.9500175714492798,0.9534911513328552,0.9627169370651245,0.9562579989433289,0.9637707471847534,0.9639073610305786,0.9655126333236694,0.9688372015953064,0.9748043417930603,0.9779126644134521,0.9724518656730652,0.9687031507492065,0.9730495810508728,0.9721747040748596,0.9673430919647217,0.9582449793815613,0.9546502828598022,0.9568172693252563,0.9651561379432678,0.9697497487068176,0.9785054326057434,0.9894912242889404,0.9914965033531189,0.993248462677002,0.9944568872451782,0.9979351162910461,1.0000001192092896,0.9966373443603516,0.9926156401634216,0.9882646799087524,0.9851062893867493,0.984532356262207,0.9769271016120911,0.9750468134880066,0.9731287956237793,0.9718810319900513,0.9675874710083008,0.96888667345047,0.9725118279457092,0.9782973527908325,0.9818425178527832,0.9826449155807495,0.9810196161270142,0.9876188039779663,0.9925056099891663,0.9939454197883606,0.9973581433296204,0.9938896298408508,0.9923048615455627,0.9842483997344971,0.9913740158081055,0.9870187044143677,0.9753400087356567,0.9676206707954407,0.9582206606864929,0.9577373266220093,0.9586032032966614,0.961071789264679,0.970743715763092,0.9717974066734314,0.9678027033805847,0.9669740796089172,0.9696552157402039,0.9727604389190674,0.9679319262504578,0.9694828391075134,0.965332567691803,0.9685653448104858,0.9666755199432373,0.9656751751899719,0.9598703384399414,0.9528889060020447
135,0.958975076675415,0.9630436897277832,0.9676629304885864,0.9609852433204651,0.9684684872627258,0.9681395888328552,0.9705904126167297,0.9750654101371765,0.9822089076042175,0.9848604798316956,0.9793701171875,0.9732221364974976,0.9767335057258606,0.976039469242096,0.9675895571708679,0.9575310945510864,0.9532475471496582,0.9551458358764648,0.9631710052490234,0.9686098098754883,0.9768055081367493,0.9876556992530823,0.9894855618476868,0.9900528192520142,0.9921068549156189,0.9955097436904907,0.9966373443603516,1.000000238418579,0.9955567717552185,0.9904341101646423,0.9874224662780762,0.9861253499984741,0.9780827760696411,0.9750586152076721,0.9752784371376038,0.9729549288749695,0.9705508351325989,0.9720757603645325,0.9738398790359497,0.9767957925796509,0.9833709001541138,0.9851241111755371,0.9828858971595764,0.9888126850128174,0.9952985048294067,0.9963892102241516,0.9959926605224609,0.9901267886161804,0.9908550381660461,0.9801756739616394,0.9895812273025513,0.9859910607337952,0.9756999015808105,0.9675397276878357,0.9561498761177063,0.9555954933166504,0.957013726234436,0.9590808153152466,0.9719483256340027,0.9747906923294067,0.9718620777130127,0.969417154788971,0.9748675227165222,0.977648138999939,0.9740612506866455,0.9744508266448975,0.9705362319946289,0.9732703566551208,0.9715918302536011,0.970588207244873,0.9653846025466919,0.9610636234283447
140,0.9512152671813965,0.9556357860565186,0.9623740315437317,0.9542481303215027,0.9612756371498108,0.9618561863899231,0.9630447626113892,0.9679294228553772,0.9771296977996826,0.9828569293022156,0.9792799949645996,0.9691408276557922,0.9730796217918396,0.9711021780967712,0.961157500743866,0.9492313265800476,0.9475588202476501,0.9478201270103455,0.9555097818374634,0.9610214233398438,0.9688808917999268,0.9836863279342651,0.9863601922988892,0.9876163601875305,0.9889535903930664,0.9914107322692871,0.9926156401634216,0.9955567717552185,1.000000238418579,0.9941442608833313,0.9905274510383606,0.9858408570289612,0.9766258001327515,0.9726887941360474,0.972232460975647,0.9686251282691956,0.9658496975898743,0.9674410820007324,0.9723286032676697,0.9763686656951904,0.9802153706550598,0.9836878180503845,0.9853459596633911,0.9920421242713928,0.99677973985672,0.9949111342430115,0.9912977814674377,0.9878458380699158,0.9886314868927002,0.9823341369628906,0.9874818325042725,0.9805826544761658,0.9659996628761292,0.9602750539779663,0.9492405652999878,0.9488014578819275,0.951483964920044,0.9517970681190491,0.9669944643974304,0.9694067239761353,0.9685093760490417,0.967592179775238,0.973893940448761,0.9719441533088684,0.9671452045440674,0.9668386578559875,0.9631673693656921,0.9667056798934937,0.9645071029663086,0.9664614796638489,0.9617494940757751,0.9543049335479736
