,0,5,10,15,20,25,30,35,40,45,50,55,60,65,70,75,80,85,90,95,100,105,110,115,120,125,130,135,140,145,150,155,160,165,170,175,180,185,190,195,200,205,210,215,220,225,230,235,240,245,250,255,260,265,270,275,280,285,290,295,300,305,310,315,320,325,330,335,340,345,350,355
0,0.9999999403953552,0.9714624285697937,0.9319263696670532,0.9150478839874268,0.9209333062171936,0.8855129480361938,0.8744847774505615,0.8689442276954651,0.8480660915374756,0.808097243309021,0.7360436916351318,0.7678775787353516,0.7895582914352417,0.7721728086471558,0.7639715671539307,0.7522844672203064,0.720202624797821,0.7199713587760925,0.7383483052253723,0.745352566242218,0.7749941349029541,0.7435206770896912,0.707825779914856,0.7745418548583984,0.7840654253959656,0.7640573978424072,0.8026718497276306,0.8298630714416504,0.8479130268096924,0.8708747625350952,0.8789222836494446,0.8741286993026733,0.8807754516601562,0.8738078474998474,0.8952546715736389,0.9219660758972168,0.8958830237388611,0.9063557386398315,0.8930100202560425,0.8904147744178772,0.8745740652084351,0.8865790367126465,0.8884045481681824,0.8801470994949341,0.859094500541687,0.8490155935287476,0.8275734782218933,0.7673038244247437,0.7888281941413879,0.7795851230621338,0.7215102910995483,0.7352721691131592,0.7482841610908508,0.7653918266296387,0.7417423725128174,0.7393879294395447,0.7219818234443665,0.7718931436538696,0.7661867737770081,0.7850077748298645,0.7700411677360535,0.798103928565979,0.7540076971054077,0.7915796637535095,0.8251045942306519,0.8632845878601074,0.8801497220993042,0.8973903656005859,0.9227116703987122,0.9266297817230225,0.9448537230491638,0.9692421555519104
5,0.9714624285697937,1.0,0.9613053202629089,0.9417761564254761,0.9323111176490784,0.8960844278335571,0.876143217086792,0.8607306480407715,0.8475348353385925,0.7968935966491699,0.7361377477645874,0.766547441482544,0.789151668548584,0.7796145677566528,0.762402355670929,0.7725867033004761,0.7486083507537842,0.7355011105537415,0.7496007084846497,0.7500290274620056,0.7817292213439941,0.7485046982765198,0.7205489277839661,0.7709753513336182,0.7727838158607483,0.7505154609680176,0.7881640195846558,0.8221027255058289,0.8364245891571045,0.8648115992546082,0.8743389248847961,0.879352331161499,0.884857714176178,0.8752490282058716,0.9082478284835815,0.9141693115234375,0.8619859218597412,0.8826107978820801,0.8910520672798157,0.8858730792999268,0.8653892278671265,0.8801217675209045,0.8763074278831482,0.8661812543869019,0.8332657814025879,0.8340679407119751,0.8129570484161377,0.7672943472862244,0.78081876039505,0.7760663628578186,0.7325605154037476,0.7360681891441345,0.7477526664733887,0.7579566836357117,0.7337937951087952,0.7433674335479736,0.7372593879699707,0.7742889523506165,0.7721219658851624,0.7874483466148376,0.7693361639976501,0.8006069660186768,0.7565690279006958,0.7907078266143799,0.830642819404602,0.8598796725273132,0.8867580890655518,0.8950238823890686,0.9233859777450562,0.9442522525787354,0.9637268781661987,0.9840520024299622
10,0.9319263696670532,0.9613053202629089,1.0000001192092896,0.9718486070632935,0.9508798122406006,0.9217209219932556,0.9094182848930359,0.8943299055099487,0.8631802797317505,0.7997331619262695,0.741827130317688,0.788449764251709,0.8091557025909424,0.7821480631828308,0.762805700302124,0.7698009610176086,0.7601635456085205,0.7412105202674866,0.7542507648468018,0.7598596811294556,0.7912310361862183,0.7550942301750183,0.7276718020439148,0.793473482131958,0.7916682362556458,0.7667975425720215,0.8048222064971924,0.8372557759284973,0.8418585658073425,0.872266411781311,0.8760043382644653,0.8807058334350586,0.8795302510261536,0.859187126159668,0.9060362577438354,0.8733407258987427,0.8096829056739807,0.85136878490448,0.8832645416259766,0.8667289614677429,0.859090268611908,0.8802847266197205,0.875603973865509,0.870204508304596,0.8401423096656799,0.8515079021453857,0.8315798044204712,0.7799761295318604,0.805433988571167,0.8005887269973755,0.7475547790527344,0.7482609748840332,0.7614790201187134,0.777979850769043,0.7528140544891357,0.7650691866874695,0.7585918307304382,0.7788376212120056,0.7743791341781616,0.7886335849761963,0.7878944873809814,0.8226527571678162,0.773463785648346,0.7981869578361511,0.8409311771392822,0.8781566619873047,0.9068280458450317,0.9052106738090515,0.9275756478309631,0.9630165100097656,0.9755614995956421,0.9449260234832764
15,0.9150478839874268,0.9417761564254761,0.9718486070632935,1.0,0.9692232012748718,0.9339898228645325,0.91892009973526,0.9046537280082703,0.8733741641044617,0.8250911831855774,0.759236752986908,0.8163000345230103,0.839337170124054,0.8076111078262329,0.7918954491615295,0.790922999382019,0.769668698310852,0.7612330913543701,0.7682139277458191,0.7655425667762756,0.8017947673797607,0.7607534527778625,0.73350989818573,0.7979733347892761,0.7956228852272034,0.7679157257080078,0.7979797124862671,0.8319426774978638,0.8421871066093445,0.8693644404411316,0.8767701387405396,0.8879042863845825,0.8863998651504517,0.8688777685165405,0.9017372727394104,0.874187171459198,0.8073225617408752,0.8521077036857605,0.8893176317214966,0.8652141094207764,0.8572320938110352,0.8770320415496826,0.8745254278182983,0.8725284934043884,0.843031644821167,0.8545168042182922,0.8294761776924133,0.7842680811882019,0.8023549914360046,0.8031278848648071,0.7487037181854248,0.7533915042877197,0.7701095938682556,0.7869561314582825,0.7643610239028931,0.7758245468139648,0.7725192904472351,0.8028984069824219,0.7906889915466309,0.8051011562347412,0.7956048846244812,0.8410707712173462,0.7867840528488159,0.8103835582733154,0.8493373394012451,0.8831381797790527,0.9173023104667664,0.9217047095298767,0.9493266940116882,0.9785205125808716,0.9717903733253479,0.9282046556472778
20,0.9209333062171936,0.9323111176490784,0.9508798122406006,0.9692232012748718,1.0,0.9570293426513672,0.9443364143371582,0.9366685748100281,0.9050287008285522,0.8624790906906128,0.7839404344558716,0.8221270442008972,0.857198178768158,0.8320553302764893,0.8198988437652588,0.8104658126831055,0.7822800874710083,0.7731174230575562,0.7877556085586548,0.7836881279945374,0.8138139247894287,0.777921199798584,0.7510719895362854,0.8144426941871643,0.8194881081581116,0.7839386463165283,0.8214306831359863,0.8517577648162842,0.8662245273590088,0.8840657472610474,0.9022076725959778,0.9092430472373962,0.9029252529144287,0.8906878232955933,0.891972541809082,0.8837305307388306,0.8353055119514465,0.8635144829750061,0.8843330144882202,0.8900455832481384,0.885487973690033,0.9059478044509888,0.8983597159385681,0.8963294625282288,0.8731695413589478,0.8804019689559937,0.8523810505867004,0.7920240163803101,0.8160200119018555,0.8163080811500549,0.763801097869873,0.7745516896247864,0.7888832688331604,0.8065311312675476,0.7866129875183105,0.7978578805923462,0.7895349264144897,0.8328795433044434,0.8216696977615356,0.8359971046447754,0.8236029744148254,0.853705883026123,0.809718668460846,0.8449341058731079,0.8850098848342896,0.9199123382568359,0.9520623683929443,0.9667370915412903,0.9834357500076294,0.970170795917511,0.9594280123710632,0.9273020029067993
25,0.8855129480361938,0.8960844278335571,0.9217209219932556,0.9339898228645325,0.9570293426513672,1.0,0.9721948504447937,0.9504521489143372,0.9305756092071533,0.8852155208587646,0.8045094609260559,0.8326824903488159,0.8565592765808105,0.8370643854141235,0.8123594522476196,0.8176364898681641,0.7959906458854675,0.7791761159896851,0.8018834590911865,0.7928707003593445,0.8259086012840271,0.7839569449424744,0.7467415928840637,0.8139318227767944,0.807482123374939,0.7750732898712158,0.8143562078475952,0.842623233795166,0.8600918054580688,0.8714306950569153,0.8820267915725708,0.8786124587059021,0.868867039680481,0.8532828688621521,0.8656212687492371,0.8311349749565125,0.7732428312301636,0.7999569177627563,0.8430299162864685,0.8460109829902649,0.8555850982666016,0.87200528383255,0.8818739652633667,0.8819699287414551,0.8553365468978882,0.8764677047729492,0.8444811701774597,0.8048944473266602,0.8120303153991699,0.8142653107643127,0.7628505825996399,0.7810342311859131,0.8165116310119629,0.8282552361488342,0.8079633712768555,0.8164615035057068,0.814792811870575,0.8435772657394409,0.8402270078659058,0.8572715520858765,0.8342826962471008,0.8647311925888062,0.8403149247169495,0.8940848708152771,0.9236720204353333,0.9441741704940796,0.9702048301696777,0.9654146432876587,0.9405443668365479,0.9374399781227112,0.9364860653877258,0.889701247215271
30,0.8744847774505615,0.876143217086792,0.9094182848930359,0.91892009973526,0.9443364143371582,0.9721948504447937,1.0000001192092896,0.9771198034286499,0.9448105692863464,0.910609245300293,0.8388291597366333,0.8521060943603516,0.876835823059082,0.8562098741531372,0.8366968035697937,0.8197688460350037,0.7873376607894897,0.7895791530609131,0.8239004015922546,0.8239409327507019,0.8449170589447021,0.8191484212875366,0.7872663140296936,0.8548383116722107,0.8421304821968079,0.8005414009094238,0.842339038848877,0.8642198443412781,0.8724899291992188,0.8836377263069153,0.8856916427612305,0.8747290372848511,0.8648092746734619,0.8351901173591614,0.8435449004173279,0.8146328926086426,0.7677893042564392,0.7938495874404907,0.8340579271316528,0.8372435569763184,0.8613964319229126,0.8698764443397522,0.8828182220458984,0.8818995952606201,0.8610732555389404,0.8827835917472839,0.8555924296379089,0.8108040690422058,0.8339090347290039,0.845128059387207,0.7973421812057495,0.8154533505439758,0.8209193348884583,0.8405957818031311,0.8220712542533875,0.8220758438110352,0.8106994032859802,0.8605034947395325,0.8505101203918457,0.8611530065536499,0.8583652973175049,0.8762362599372864,0.8683757185935974,0.9062740802764893,0.930136501789093,0.9608850479125977,0.9693141579627991,0.9514859318733215,0.9254647493362427,0.9133974313735962,0.9169950485229492,0.8698341846466064
35,0.8689442276954651,0.8607306480407715,0.8943299055099487,0.9046537280082703,0.9366685748100281,0.9504521489143372,0.9771198034286499,0.9999998807907104,0.956258237361908,0.9110872149467468,0.8487128019332886,0.8709151744842529,0.8932374715805054,0.8478827476501465,0.8310362100601196,0.799111545085907,0.7538034915924072,0.7610469460487366,0.8013278245925903,0.8056300282478333,0.8228517770767212,0.8014539480209351,0.7667536735534668,0.860703706741333,0.857738196849823,0.80940842628479,0.8487483263015747,0.8678967952728271,0.8756399154663086,0.8881877660751343,0.8889738917350769,0.8800913095474243,0.864226222038269,0.8221524953842163,0.820038914680481,0.8083964586257935,0.7697533369064331,0.803810179233551,0.8214970827102661,0.8357365131378174,0.8544173240661621,0.8768656849861145,0.8813374042510986,0.8814561367034912,0.8710474371910095,0.894094705581665,0.8697214126586914,0.8121514916419983,0.8438208103179932,0.8405152559280396,0.7810023427009583,0.7971996665000916,0.7956477403640747,0.8226642608642578,0.8033978939056396,0.8016049861907959,0.7811896800994873,0.8478851914405823,0.839110255241394,0.8549615144729614,0.8649550676345825,0.8849303126335144,0.8643607497215271,0.8870618343353271,0.9272432923316956,0.9630905985832214,0.9526478052139282,0.9482463002204895,0.9251288175582886,0.906879186630249,0.9014312028884888,0.8529608249664307
40,0.8480660915374756,0.8475348353385925,0.8631802797317505,0.8733741641044617,0.9050287008285522,0.9305756092071533,0.9448105692863464,0.956258237361908,0.9999998807907104,0.9519957304000854,0.8758944272994995,0.9033123254776001,0.9015932679176331,0.8858177065849304,0.8591756820678711,0.8418846726417542,0.7907024621963501,0.7932448387145996,0.8350828886032104,0.8203766942024231,0.8318104147911072,0.8065671324729919,0.7703818082809448,0.8396466970443726,0.8334593772888184,0.78900146484375,0.8278374075889587,0.8582639098167419,0.8748059272766113,0.8773791193962097,0.8858324289321899,0.8755779266357422,0.8492752313613892,0.8283057808876038,0.8024071455001831,0.7990024089813232,0.7521234750747681,0.7651157975196838,0.787562370300293,0.8189629316329956,0.82613605260849,0.8505154848098755,0.8571482300758362,0.8563206791877747,0.8510957360267639,0.8804706335067749,0.8530769348144531,0.8088924288749695,0.8232623934745789,0.8217316269874573,0.7772369980812073,0.8026553988456726,0.8108678460121155,0.8357470631599426,0.820650041103363,0.8204566836357117,0.8006158471107483,0.8683953285217285,0.865263819694519,0.8809694051742554,0.8713388442993164,0.9073479771614075,0.8852828145027161,0.9272095561027527,0.9593392610549927,0.9517399668693542,0.9394036531448364,0.9315652847290039,0.8986421823501587,0.8831467032432556,0.8913148641586304,0.8455371856689453
45,0.808097243309021,0.7968935966491699,0.7997331619262695,0.8250911831855774,0.8624790906906128,0.8852155208587646,0.910609245300293,0.9110872149467468,0.9519957304000854,0.9999998807907104,0.8962306380271912,0.9092050194740295,0.9155946969985962,0.9032812118530273,0.8898677825927734,0.8491256833076477,0.7801380753517151,0.7918744087219238,0.8490562438964844,0.8164738416671753,0.8282265663146973,0.8087809681892395,0.7811555862426758,0.8347635865211487,0.8216821551322937,0.772437572479248,0.8145648241043091,0.8393213748931885,0.8661365509033203,0.8489837050437927,0.867081880569458,0.8509918451309204,0.8331686854362488,0.8216801881790161,0.77872633934021,0.7849544286727905,0.7541735768318176,0.7501484751701355,0.7656000852584839,0.7949869632720947,0.8197383880615234,0.820541501045227,0.8334246277809143,0.8383153676986694,0.830096960067749,0.8554628491401672,0.8243548274040222,0.7832009792327881,0.798222005367279,0.8179245591163635,0.7740720510482788,0.8189221620559692,0.8195686340332031,0.8336194753646851,0.8358619213104248,0.8201910257339478,0.7981023788452148,0.889590859413147,0.8822453618049622,0.8885895013809204,0.8751773834228516,0.8974848985671997,0.897774875164032,0.9491631984710693,0.9404510259628296,0.9327172040939331,0.9086477756500244,0.9038986563682556,0.8753583431243896,0.8364437818527222,0.8414957523345947,0.8105125427246094
50,0.7360436916351318,0.7361377477645874,0.741827130317688,0.759236752986908,0.7839404344558716,0.8045094609260559,0.8388291597366333,0.8487128019332886,0.8758944272994995,0.8962306380271912,1.0,0.9375303983688354,0.9281098246574402,0.8952465653419495,0.8823987245559692,0.8411779403686523,0.7868677377700806,0.8188981413841248,0.8766598105430603,0.8499594926834106,0.8603693246841431,0.8581576347351074,0.8508680462837219,0.8577193021774292,0.8566083312034607,0.8295902609825134,0.8442885875701904,0.8414936065673828,0.8695759773254395,0.8389149308204651,0.8376031517982483,0.811091959476471,0.787032425403595,0.7338129878044128,0.7040418386459351,0.7118206024169922,0.6598410606384277,0.6764724254608154,0.6948987245559692,0.7188280820846558,0.7765337824821472,0.792972981929779,0.8155882358551025,0.8198308944702148,0.830062985420227,0.8493521213531494,0.8367332816123962,0.8459745645523071,0.8412749171257019,0.8420990109443665,0.8433403968811035,0.8668039441108704,0.8631791472434998,0.864189863204956,0.8720316886901855,0.865357518196106,0.8314129114151001,0.8868305683135986,0.8915370106697083,0.8960468173027039,0.9240102767944336,0.9354562759399414,0.963749885559082,0.8934824466705322,0.897047758102417,0.8713696002960205,0.8209803104400635,0.8189206123352051,0.7890373468399048,0.7604607343673706,0.7569760084152222,0.7369664907455444
55,0.7678775787353516,0.766547441482544,0.788449764251709,0.8163000345230103,0.8221270442008972,0.8326824903488159,0.8521060943603516,0.8709151744842529,0.9033123254776001,0.9092050194740295,0.9375303983688354,0.9999999403953552,0.9688153266906738,0.9244210720062256,0.8977125883102417,0.848666250705719,0.7893234491348267,0.820697546005249,0.8566781282424927,0.8215107917785645,0.8434728980064392,0.8188086748123169,0.798673689365387,0.8420735597610474,0.8453445434570312,0.8091245889663696,0.8186057806015015,0.8252531290054321,0.8565536737442017,0.8446561098098755,0.8504583835601807,0.8391450643539429,0.806404173374176,0.7654739022254944,0.7377223968505859,0.7417528629302979,0.6780743598937988,0.7011731863021851,0.7229845523834229,0.7339996099472046,0.7631237506866455,0.7982761859893799,0.8066450357437134,0.8096457719802856,0.8168600797653198,0.8452839851379395,0.8307870030403137,0.8239701390266418,0.8262368440628052,0.824664294719696,0.7935600280761719,0.8191320896148682,0.8317288160324097,0.8440877199172974,0.8510599136352539,0.8509923219680786,0.8155566453933716,0.8852373361587524,0.8828042149543762,0.8974231481552124,0.9055540561676025,0.959297776222229,0.9027006030082703,0.8671485185623169,0.8929427862167358,0.8691889643669128,0.8443789482116699,0.8403555154800415,0.826636552810669,0.8168087601661682,0.815411388874054,0.7661486268043518
60,0.7895582914352417,0.789151668548584,0.8091557025909424,0.839337170124054,0.857198178768158,0.8565592765808105,0.876835823059082,0.8932374715805054,0.9015932679176331,0.9155946969985962,0.9281098246574402,0.9688153266906738,1.0,0.9504889845848083,0.9295210838317871,0.8746485114097595,0.8116137385368347,0.8387099504470825,0.8835399150848389,0.8508806824684143,0.8754850029945374,0.8520504236221313,0.8244997262954712,0.8717546463012695,0.8696770071983337,0.830199122428894,0.8460943698883057,0.8588558435440063,0.8885869979858398,0.8769634962081909,0.8842036724090576,0.8712494969367981,0.8470319509506226,0.8065909743309021,0.776330828666687,0.783190906047821,0.7322291135787964,0.7456551790237427,0.764734148979187,0.7830389738082886,0.8190939426422119,0.8402364253997803,0.8491670489311218,0.8514885902404785,0.8530141115188599,0.8748863935470581,0.8562198281288147,0.8434690237045288,0.8515306115150452,0.8573927879333496,0.8211658596992493,0.8523457646369934,0.8626412153244019,0.8688720464706421,0.874382495880127,0.8688272833824158,0.8374397158622742,0.9120402336120605,0.9087693691253662,0.9254021644592285,0.9401959776878357,0.9473743438720703,0.9056205153465271,0.8868299126625061,0.9062526226043701,0.8960033655166626,0.8723874092102051,0.8721472024917603,0.8607876896858215,0.8386385440826416,0.8316751718521118,0.7886364459991455
65,0.7721728086471558,0.7796145677566528,0.7821480631828308,0.8076111078262329,0.8320553302764893,0.8370643854141235,0.8562098741531372,0.8478827476501465,0.8858177065849304,0.9032812118530273,0.8952465653419495,0.9244210720062256,0.9504889845848083,1.000000238418579,0.9703794717788696,0.9337806105613708,0.8862003087997437,0.9021281003952026,0.9294698238372803,0.8963658809661865,0.9070141315460205,0.8863701820373535,0.8573858141899109,0.8644891977310181,0.850670576095581,0.8163630962371826,0.8371342420578003,0.8451827764511108,0.8759584426879883,0.8649826049804688,0.8650252819061279,0.8473198413848877,0.8312744498252869,0.8061810731887817,0.7765806317329407,0.7779764533042908,0.7231276631355286,0.7172268629074097,0.7563977241516113,0.7758457064628601,0.8075447082519531,0.8169235587120056,0.834062397480011,0.8359584212303162,0.8279242515563965,0.8433387875556946,0.8362091779708862,0.8368064761161804,0.8420792818069458,0.8606802225112915,0.847923994064331,0.880844235420227,0.8909165859222412,0.8960793614387512,0.9048398733139038,0.9087860584259033,0.8910983800888062,0.9476009011268616,0.9429993033409119,0.9576919078826904,0.9329242706298828,0.9236924648284912,0.8968937993049622,0.9042859077453613,0.905886709690094,0.876406192779541,0.8710141181945801,0.8524640798568726,0.8339694738388062,0.8146188259124756,0.8141717314720154,0.7811214923858643
70,0.7639715671539307,0.762402355670929,0.762805700302124,0.7918954491615295,0.8198988437652588,0.8123594522476196,0.8366968035697937,0.8310362100601196,0.8591756820678711,0.8898677825927734,0.8823987245559692,0.8977125883102417,0.9295210838317871,0.9703794717788696,1.0,0.9538177251815796,0.8927350044250488,0.9104442596435547,0.9223179817199707,0.8969715237617493,0.9069302678108215,0.8902860879898071,0.8579404950141907,0.8634769320487976,0.8495263457298279,0.820728063583374,0.8418576121330261,0.8488629460334778,0.8768943548202515,0.8551315665245056,0.8495239019393921,0.827074408531189,0.8166541457176208,0.7898123860359192,0.7577227354049683,0.760668158531189,0.7180895209312439,0.7041836977005005,0.7419247627258301,0.7596216201782227,0.7976222038269043,0.7967664003372192,0.8249463438987732,0.8327776193618774,0.8366392254829407,0.8430113196372986,0.843754768371582,0.8330729603767395,0.8472641706466675,0.8699573874473572,0.8571596741676331,0.8881537914276123,0.8902863264083862,0.8987553119659424,0.9118965268135071,0.9093581438064575,0.9016308784484863,0.9639822840690613,0.967502772808075,0.9564973711967468,0.9311855435371399,0.9061822891235352,0.8922470808029175,0.8946350812911987,0.8863281607627869,0.8678475022315979,0.8545546531677246,0.8374783396720886,0.8201515674591064,0.7993264198303223,0.7962705492973328,0.7662549018859863
75,0.7522844672203064,0.7725867033004761,0.7698009610176086,0.790922999382019,0.8104658126831055,0.8176364898681641,0.8197688460350037,0.799111545085907,0.8418846726417542,0.8491256833076477,0.8411779403686523,0.848666250705719,0.8746485114097595,0.9337806105613708,0.9538177251815796,1.0,0.9571611881256104,0.9534290432929993,0.9308514595031738,0.904697597026825,0.9160905480384827,0.8827272057533264,0.8414523005485535,0.842872679233551,0.8202226758003235,0.8183503746986389,0.8342593908309937,0.8468441963195801,0.8553078770637512,0.8396493196487427,0.8258373737335205,0.8065029978752136,0.8040666580200195,0.7869364023208618,0.7695103883743286,0.75180584192276,0.6968575716018677,0.6812959313392639,0.7393028736114502,0.7523446083068848,0.7792142629623413,0.7762901782989502,0.8191015720367432,0.8207889199256897,0.8229387998580933,0.8333100080490112,0.8402858376502991,0.8426636457443237,0.8406985998153687,0.8560832738876343,0.8447160720825195,0.8754572868347168,0.8960509300231934,0.9059938788414001,0.9133055806159973,0.9276714324951172,0.9423924684524536,0.9576173424720764,0.9568939805030823,0.9426174163818359,0.9006513357162476,0.8863543272018433,0.8760258555412292,0.8908786773681641,0.8857260346412659,0.856662392616272,0.8480030298233032,0.8253370523452759,0.803570568561554,0.7993382811546326,0.8028545379638672,0.7721294164657593
80,0.720202624797821,0.7486083507537842,0.7601635456085205,0.769668698310852,0.7822800874710083,0.7959906458854675,0.7873376607894897,0.7538034915924072,0.7907024621963501,0.7801380753517151,0.7868677377700806,0.7893234491348267,0.8116137385368347,0.8862003087997437,0.8927350044250488,0.9571611881256104,1.0000001192092896,0.9609329700469971,0.9229239821434021,0.9001542925834656,0.9071265459060669,0.8618663549423218,0.8337575793266296,0.8072406053543091,0.7868219017982483,0.8059345483779907,0.8086116313934326,0.8155615329742432,0.824166476726532,0.8153249025344849,0.7905337810516357,0.7628804445266724,0.7708559036254883,0.7559601068496704,0.757735013961792,0.7216842174530029,0.6569901704788208,0.6460234522819519,0.7146192193031311,0.7222591042518616,0.7480893135070801,0.7504186630249023,0.7954242825508118,0.8033739328384399,0.7955169677734375,0.7957561016082764,0.808982253074646,0.8290011882781982,0.8129400014877319,0.8195430040359497,0.8270637392997742,0.8516098260879517,0.8880866169929504,0.8952574729919434,0.9004545211791992,0.9333653450012207,0.9690847396850586,0.917805552482605,0.9129878282546997,0.9028444290161133,0.8532714247703552,0.8455609083175659,0.8293337225914001,0.8591911792755127,0.8495256900787354,0.8185654878616333,0.8188396096229553,0.7884779572486877,0.7689745426177979,0.7742488384246826,0.779424250125885,0.7410195469856262
85,0.7199713587760925,0.7355011105537415,0.7412105202674866,0.7612330913543701,0.7731174230575562,0.7791761159896851,0.7895791530609131,0.7610469460487366,0.7932448387145996,0.7918744087219238,0.8188981413841248,0.820697546005249,0.8387099504470825,0.9021281003952026,0.9104442596435547,0.9534290432929993,0.9609329700469971,0.9999998807907104,0.956845760345459,0.9359748363494873,0.9315853118896484,0.8994011282920837,0.8719837665557861,0.8547737002372742,0.8329281806945801,0.8483509421348572,0.8392185568809509,0.8324817419052124,0.8322036266326904,0.8245307207107544,0.7994198203086853,0.7754603028297424,0.7715548276901245,0.7488728761672974,0.7458018064498901,0.7244412302970886,0.6616270542144775,0.6534194946289062,0.7200888395309448,0.7185667753219604,0.7523912787437439,0.7520204782485962,0.8043979406356812,0.8055974245071411,0.8068442344665527,0.81325364112854,0.8276525735855103,0.8541951179504395,0.8455504179000854,0.8593299984931946,0.8613564968109131,0.8851073384284973,0.9059193730354309,0.922722339630127,0.9302093982696533,0.952759325504303,0.9524855613708496,0.9264916181564331,0.9119424819946289,0.9076375961303711,0.8692909479141235,0.8592799305915833,0.8386583924293518,0.846553385257721,0.8380167484283447,0.8115089535713196,0.7995488047599792,0.7766196131706238,0.7616888880729675,0.7627361416816711,0.7671242952346802,0.7302132248878479
90,0.7383483052253723,0.7496007084846497,0.7542507648468018,0.7682139277458191,0.7877556085586548,0.8018834590911865,0.8239004015922546,0.8013278245925903,0.8350828886032104,0.8490562438964844,0.8766598105430603,0.8566781282424927,0.8835399150848389,0.9294698238372803,0.9223179817199707,0.9308514595031738,0.9229239821434021,0.956845760345459,1.000000238418579,0.9684396982192993,0.9618082642555237,0.9428428411483765,0.923067569732666,0.9038246273994446,0.8766279220581055,0.8652437925338745,0.8773434162139893,0.8694014549255371,0.8843298554420471,0.8664092421531677,0.8510363698005676,0.8174526691436768,0.8137025833129883,0.7802515029907227,0.7610644698143005,0.7493785619735718,0.693475067615509,0.6860304474830627,0.7365061044692993,0.7554590106010437,0.8028581142425537,0.7971671223640442,0.8365462422370911,0.8364515900611877,0.8340478539466858,0.8491927981376648,0.8521356582641602,0.8775916695594788,0.8714138269424438,0.8908302783966064,0.9022383093833923,0.930939793586731,0.9428070783615112,0.9539539217948914,0.9598240852355957,0.9508679509162903,0.9269863963127136,0.9429377317428589,0.9264476299285889,0.9251072406768799,0.9024449586868286,0.8807281851768494,0.880850076675415,0.8907091021537781,0.878102719783783,0.8511490821838379,0.8264588117599487,0.8063579797744751,0.7815276384353638,0.7695145606994629,0.7769206762313843,0.7512854337692261
95,0.745352566242218,0.7500290274620056,0.7598596811294556,0.7655425667762756,0.7836881279945374,0.7928707003593445,0.8239409327507019,0.8056300282478333,0.8203766942024231,0.8164738416671753,0.8499594926834106,0.8215107917785645,0.8508806824684143,0.8963658809661865,0.8969715237617493,0.904697597026825,0.9001542925834656,0.9359748363494873,0.9684396982192993,1.0000001192092896,0.9600825309753418,0.951571524143219,0.9376534819602966,0.9291877746582031,0.9056559801101685,0.8983869552612305,0.9118180871009827,0.8908061981201172,0.8860770463943481,0.8815931081771851,0.8490408658981323,0.8128266334533691,0.8120851516723633,0.7682263255119324,0.7700889706611633,0.7517289519309998,0.7029063105583191,0.7055549621582031,0.7566382884979248,0.7620589733123779,0.8139840960502625,0.8133605122566223,0.8615637421607971,0.8542101383209229,0.8546671271324158,0.8598554134368896,0.8746490478515625,0.885940670967102,0.9032547473907471,0.9099653959274292,0.9102973937988281,0.9287922382354736,0.9309687614440918,0.95414137840271,0.9377849698066711,0.9283655881881714,0.9090760946273804,0.9157553911209106,0.8977382779121399,0.9026241302490234,0.8948676586151123,0.8575376272201538,0.8593487739562988,0.8602063655853271,0.8513191342353821,0.8463132381439209,0.8187660574913025,0.7954589128494263,0.7762020230293274,0.770383894443512,0.7747957706451416,0.745466947555542
100,0.7749941349029541,0.7817292213439941,0.7912310361862183,0.8017947673797607,0.8138139247894287,0.8259086012840271,0.8449170589447021,0.8228517770767212,0.8318104147911072,0.8282265663146973,0.8603693246841431,0.8434728980064392,0.8754850029945374,0.9070141315460205,0.9069302678108215,0.9160905480384827,0.9071265459060669,0.9315853118896484,0.9618082642555237,0.9600825309753418,1.0000001192092896,0.9688158631324768,0.9343219995498657,0.9288235902786255,0.9062528610229492,0.9003033638000488,0.9118071794509888,0.9037634134292603,0.9139965176582336,0.9019486308097839,0.8717161417007446,0.8437989950180054,0.8432637453079224,0.802327573299408,0.7977789640426636,0.7799506187438965,0.7233340740203857,0.7283355593681335,0.7793104648590088,0.791480541229248,0.8388756513595581,0.8365447521209717,0.8751554489135742,0.8799457550048828,0.877485990524292,0.8827310800552368,0.8940991163253784,0.9124999642372131,0.9141877293586731,0.9304318428039551,0.9288862347602844,0.9448654055595398,0.9603646993637085,0.9533179998397827,0.9433361291885376,0.9334796667098999,0.9160739779472351,0.926924467086792,0.9158515930175781,0.9178034663200378,0.9108470678329468,0.880519688129425,0.8804002404212952,0.8808041214942932,0.8700870275497437,0.8663233518600464,0.8461684584617615,0.8234624266624451,0.802350640296936,0.8023067116737366,0.8080748319625854,0.780028760433197
105,0.7435206770896912,0.7485046982765198,0.7550942301750183,0.7607534527778625,0.777921199798584,0.7839569449424744,0.8191484212875366,0.8014539480209351,0.8065671324729919,0.8087809681892395,0.8581576347351074,0.8188086748123169,0.8520504236221313,0.8863701820373535,0.8902860879898071,0.8827272057533264,0.8618663549423218,0.8994011282920837,0.9428428411483765,0.951571524143219,0.9688158631324768,1.0,0.9700289368629456,0.9437775611877441,0.9178183674812317,0.9027628302574158,0.9181774854660034,0.9003813862800598,0.9000132083892822,0.8889700770378113,0.847710132598877,0.8091841340065002,0.8065428137779236,0.7558110356330872,0.7593355178833008,0.7464986443519592,0.6915880441665649,0.6986591815948486,0.7444868087768555,0.759087860584259,0.8157722353935242,0.8101725578308105,0.8526595234870911,0.8614809513092041,0.8627989888191223,0.8649017214775085,0.884252667427063,0.9008646011352539,0.9172227382659912,0.9396132230758667,0.9480905532836914,0.9627516865730286,0.9345514178276062,0.922710120677948,0.9187024831771851,0.9041652083396912,0.8767087459564209,0.9049698114395142,0.897078812122345,0.9008221626281738,0.9060053825378418,0.8517098426818848,0.8707484006881714,0.8586158752441406,0.8414143919944763,0.8381873369216919,0.8102618455886841,0.7863731384277344,0.7654390931129456,0.7579021453857422,0.7662534117698669,0.7466377019882202
110,0.707825779914856,0.7205489277839661,0.7276718020439148,0.73350989818573,0.7510719895362854,0.7467415928840637,0.7872663140296936,0.7667536735534668,0.7703818082809448,0.7811555862426758,0.8508680462837219,0.798673689365387,0.8244997262954712,0.8573858141899109,0.8579404950141907,0.8414523005485535,0.8337575793266296,0.8719837665557861,0.923067569732666,0.9376534819602966,0.9343219995498657,0.9700289368629456,1.0000001192092896,0.9356260895729065,0.9075972437858582,0.8904668092727661,0.9020504951477051,0.8706527352333069,0.8718567490577698,0.8595861196517944,0.821086585521698,0.7812434434890747,0.7812860012054443,0.7231508493423462,0.7345043420791626,0.7240434288978577,0.670402467250824,0.6790700554847717,0.7160989046096802,0.729092538356781,0.7924638986587524,0.7900980114936829,0.8296109437942505,0.8308913707733154,0.8283556699752808,0.8257564902305603,0.849401593208313,0.882986843585968,0.8959043025970459,0.9178350567817688,0.9520426988601685,0.9445751905441284,0.9106392860412598,0.8972071409225464,0.8948488235473633,0.8829992413520813,0.8540642857551575,0.8728417158126831,0.8636929988861084,0.8658663630485535,0.8801231384277344,0.8289187550544739,0.8505558371543884,0.8242737054824829,0.8058357238769531,0.8061692714691162,0.7753626108169556,0.7522358298301697,0.740980327129364,0.7308019399642944,0.732886791229248,0.7209776639938354
115,0.7745418548583984,0.7709753513336182,0.793473482131958,0.7979733347892761,0.8144426941871643,0.8139318227767944,0.8548383116722107,0.860703706741333,0.8396466970443726,0.8347635865211487,0.8577193021774292,0.8420735597610474,0.8717546463012695,0.8644891977310181,0.8634769320487976,0.842872679233551,0.8072406053543091,0.8547737002372742,0.9038246273994446,0.9291877746582031,0.9288235902786255,0.9437775611877441,0.9356260895729065,1.0,0.9790717363357544,0.9424312114715576,0.9615196585655212,0.934555172920227,0.9187005162239075,0.9198130369186401,0.8840357661247253,0.855508029460907,0.8413364887237549,0.7788363695144653,0.7841567397117615,0.7682225704193115,0.7336792945861816,0.754544734954834,0.783193826675415,0.790256142616272,0.838731050491333,0.8525580167770386,0.8856123685836792,0.8853555917739868,0.8893401622772217,0.9070807695388794,0.9301145672798157,0.9087938070297241,0.9521023035049438,0.960381269454956,0.9246500134468079,0.9285835027694702,0.8970065116882324,0.9054292440414429,0.8925106525421143,0.8720802068710327,0.8311023712158203,0.8785598874092102,0.8606177568435669,0.8677979111671448,0.8893687725067139,0.858154296875,0.8578862547874451,0.8354740142822266,0.8371545076370239,0.8637081980705261,0.8242731094360352,0.816799521446228,0.8092290759086609,0.8001680374145508,0.7987707853317261,0.7692266702651978
120,0.7840654253959656,0.7727838158607483,0.7916682362556458,0.7956228852272034,0.8194881081581116,0.807482123374939,0.8421304821968079,0.857738196849823,0.8334593772888184,0.8216821551322937,0.8566083312034607,0.8453445434570312,0.8696770071983337,0.850670576095581,0.8495263457298279,0.8202226758003235,0.7868219017982483,0.8329281806945801,0.8766279220581055,0.9056559801101685,0.9062528610229492,0.9178183674812317,0.9075972437858582,0.9790717363357544,0.9999997615814209,0.9606801271438599,0.9646029472351074,0.9379199743270874,0.930229902267456,0.9252519607543945,0.8974335193634033,0.8736335635185242,0.8494452238082886,0.7865329384803772,0.7867552638053894,0.7800606489181519,0.7506636381149292,0.776409924030304,0.7944788336753845,0.7983144521713257,0.8451086282730103,0.8770548105239868,0.90046626329422,0.9014783501625061,0.9150548577308655,0.9270206689834595,0.9468839168548584,0.9231868982315063,0.9666866660118103,0.9515855312347412,0.9152307510375977,0.9139850735664368,0.883614182472229,0.8954797387123108,0.8765352964401245,0.8629966974258423,0.8159208297729492,0.8551905155181885,0.8374091982841492,0.8513767719268799,0.8824485540390015,0.8592015504837036,0.8457145690917969,0.8058300018310547,0.8194832801818848,0.8487968444824219,0.8116341233253479,0.8170098662376404,0.8191401958465576,0.8051313161849976,0.7955795526504517,0.765926718711853
125,0.7640573978424072,0.7505154609680176,0.7667975425720215,0.7679157257080078,0.7839386463165283,0.7750732898712158,0.8005414009094238,0.80940842628479,0.78900146484375,0.772437572479248,0.8295902609825134,0.8091245889663696,0.830199122428894,0.8163630962371826,0.820728063583374,0.8183503746986389,0.8059345483779907,0.8483509421348572,0.8652437925338745,0.8983869552612305,0.9003033638000488,0.9027628302574158,0.8904668092727661,0.9424312114715576,0.9606801271438599,1.0000001192092896,0.9618898034095764,0.937894344329834,0.9196187257766724,0.9136819839477539,0.869056224822998,0.8457239270210266,0.8281970024108887,0.7703284025192261,0.7767844200134277,0.7621417045593262,0.7228465676307678,0.7475746870040894,0.7745959758758545,0.7718811631202698,0.8221865892410278,0.8508792519569397,0.8905777335166931,0.8983139395713806,0.9167428016662598,0.915429413318634,0.9438167810440063,0.9480113387107849,0.949887752532959,0.9290124177932739,0.8984466791152954,0.9000133275985718,0.8734316229820251,0.8820673227310181,0.8640083074569702,0.8600791692733765,0.8251421451568604,0.8318374156951904,0.8185631036758423,0.8328072428703308,0.8657894730567932,0.844829797744751,0.8280853033065796,0.7826220393180847,0.7902040481567383,0.8188828229904175,0.7791192531585693,0.7795547246932983,0.7854527235031128,0.7760870456695557,0.7684319019317627,0.7464972734451294
130,0.8026718497276306,0.7881640195846558,0.8048222064971924,0.7979797124862671,0.8214306831359863,0.8143562078475952,0.842339038848877,0.8487483263015747,0.8278374075889587,0.8145648241043091,0.8442885875701904,0.8186057806015015,0.8460943698883057,0.8371342420578003,0.8418576121330261,0.8342593908309937,0.8086116313934326,0.8392185568809509,0.8773434162139893,0.9118180871009827,0.9118071794509888,0.9181774854660034,0.9020504951477051,0.9615196585655212,0.9646029472351074,0.9618898034095764,1.0,0.9710572957992554,0.949289858341217,0.9453997611999512,0.9080595970153809,0.8772176504135132,0.8702267408370972,0.8128477931022644,0.8079531788825989,0.7910804748535156,0.7542992830276489,0.7773637771606445,0.8024816513061523,0.8228816390037537,0.8725849390029907,0.8880414366722107,0.9202186465263367,0.9231055974960327,0.9324580430984497,0.9411205053329468,0.9635875821113586,0.9217314720153809,0.9539901614189148,0.9469274282455444,0.9086160063743591,0.9137744307518005,0.8893458843231201,0.9001193046569824,0.8783538341522217,0.8627709150314331,0.8270847797393799,0.8579909205436707,0.8469569683074951,0.8563891053199768,0.8822277188301086,0.8525007963180542,0.8500025272369385,0.8277792930603027,0.8348802924156189,0.8614950180053711,0.8257169723510742,0.8244863152503967,0.8203191757202148,0.8100018501281738,0.8060144782066345,0.7884657382965088
135,0.8298630714416504,0.8221027255058289,0.8372557759284973,0.8319426774978638,0.8517577648162842,0.842623233795166,0.8642198443412781,0.8678967952728271,0.8582639098167419,0.8393213748931885,0.8414936065673828,0.8252531290054321,0.8588558435440063,0.8451827764511108,0.8488629460334778,0.8468441963195801,0.8155615329742432,0.8324817419052124,0.8694014549255371,0.8908061981201172,0.9037634134292603,0.9003813862800598,0.8706527352333069,0.934555172920227,0.9379199743270874,0.937894344329834,0.9710572957992554,1.0,0.973355233669281,0.9644701480865479,0.9332499504089355,0.9070996642112732,0.8962653875350952,0.849280834197998,0.8371092081069946,0.814292311668396,0.773277997970581,0.7942225933074951,0.8265005350112915,0.853064775466919,0.8911342620849609,0.9019501209259033,0.9343975782394409,0.9434534907341003,0.948239266872406,0.9635584354400635,0.9579378366470337,0.9078027606010437,0.9355635643005371,0.9291487336158752,0.885626494884491,0.8971487879753113,0.87199866771698,0.8842871785163879,0.8588692545890808,0.8461374640464783,0.8159754276275635,0.8619972467422485,0.8540297150611877,0.8611634969711304,0.880026638507843,0.8589224815368652,0.8541935682296753,0.8533346652984619,0.8570297956466675,0.8787017464637756,0.8504269123077393,0.8506701588630676,0.8476822376251221,0.8363589644432068,0.8405742645263672,0.8199474811553955
140,0.8479130268096924,0.8364245891571045,0.8418585658073425,0.8421871066093445,0.8662245273590088,0.8600918054580688,0.8724899291992188,0.8756399154663086,0.8748059272766113,0.8661365509033203,0.8695759773254395,0.8565536737442017,0.8885869979858398,0.8759584426879883,0.8768943548202515,0.8553078770637512,0.824166476726532,0.8322036266326904,0.8843298554420471,0.8860770463943481,0.9139965176582336,0.9000132083892822,0.8718567490577698,0.9187005162239075,0.930229902267456,0.9196187257766724,0.949289858341217,0.973355233669281,0.9999997615814209,0.973446786403656,0.9565891027450562,0.924157977104187,0.9136841297149658,0.8747531175613403,0.8514013886451721,0.8382772207260132,0.8010039925575256,0.8124123811721802,0.8378507494926453,0.8706386089324951,0.9099692106246948,0.9235743880271912,0.9496403932571411,0.9611927270889282,0.9646946787834167,0.9641388058662415,0.950419545173645,0.9180707931518555,0.9280909299850464,0.9187448024749756,0.8889580965042114,0.9056355953216553,0.902579665184021,0.9062828421592712,0.8860893249511719,0.870517373085022,0.835758626461029,0.8839362859725952,0.8804671764373779,0.8897548317909241,0.8973660469055176,0.8826338052749634,0.8740876913070679,0.874970555305481,0.8791719675064087,0.8916783928871155,0.8689244389533997,0.8710514307022095,0.8643909692764282,0.8497898578643799,0.8513132333755493,0.8365509510040283
