,0,5,10,15,20,25,30,35,40,45,50,55,60,65,70,75,80,85,90,95,100,105,110,115,120,125,130,135,140,145,150,155,160,165,170,175,180,185,190,195,200,205,210,215,220,225,230,235,240,245,250,255,260,265,270,275,280,285,290,295,300,305,310,315,320,325,330,335,340,345,350,355
0,0.9999997615814209,0.9957298040390015,0.9909340143203735,0.9890079498291016,0.9893720149993896,0.9889792203903198,0.9811382293701172,0.9779316186904907,0.977847695350647,0.9776757955551147,0.9683029055595398,0.9586756825447083,0.9541708827018738,0.9613772630691528,0.9558926224708557,0.9591066837310791,0.9550426602363586,0.9560126066207886,0.957127571105957,0.946066677570343,0.9543757438659668,0.9595808982849121,0.9527953863143921,0.9431690573692322,0.945371150970459,0.9374582767486572,0.9307536482810974,0.9124050736427307,0.9162851572036743,0.9134241938591003,0.9080926179885864,0.8954108953475952,0.9110472202301025,0.9015194177627563,0.8813549280166626,0.8946095705032349,0.8990626335144043,0.8936762809753418,0.912408709526062,0.9111724495887756,0.9019310474395752,0.90416419506073,0.9147545695304871,0.9065194725990295,0.9144355058670044,0.9084647297859192,0.885007917881012,0.882139265537262,0.8853947520256042,0.9133118391036987,0.9322999715805054,0.9232175946235657,0.9339770078659058,0.9386273622512817,0.9525961875915527,0.9549227356910706,0.953289270401001,0.9526016712188721,0.9605193138122559,0.9696720838546753,0.9725288152694702,0.9708256721496582,0.9653671979904175,0.9708926677703857,0.9713462591171265,0.9722321033477783,0.9735709428787231,0.9780253171920776,0.9829975366592407,0.9860697388648987,0.9886741638183594,0.9917290210723877
5,0.9957298040390015,1.0,0.9924246072769165,0.9924095869064331,0.9910950064659119,0.990941047668457,0.9848118424415588,0.9808549880981445,0.9800453782081604,0.9795467257499695,0.968979001045227,0.9584717750549316,0.9522945880889893,0.9587343335151672,0.9563742876052856,0.9570752382278442,0.9550804495811462,0.9547516703605652,0.9568268656730652,0.9454890489578247,0.9535567760467529,0.9595170021057129,0.9498367309570312,0.9431465864181519,0.9463881850242615,0.9373983144760132,0.9299124479293823,0.9111106395721436,0.9141059517860413,0.9116153120994568,0.9082194566726685,0.8944594264030457,0.9103456735610962,0.8991618156433105,0.8776211738586426,0.8910812139511108,0.8963779211044312,0.8930022120475769,0.9128082990646362,0.910815954208374,0.9020141363143921,0.9054490327835083,0.9151775240898132,0.9081990718841553,0.9156603217124939,0.9072713851928711,0.8839972615242004,0.88261479139328,0.8838642835617065,0.9115074872970581,0.9308196306228638,0.9226056933403015,0.9317837953567505,0.9354420900344849,0.9493020176887512,0.952394425868988,0.9515776038169861,0.9517574310302734,0.9602062702178955,0.9715059995651245,0.9751824736595154,0.9735015630722046,0.9657281041145325,0.9717549681663513,0.970592200756073,0.9741552472114563,0.9731267690658569,0.9762282371520996,0.98154616355896,0.9843968152999878,0.9877302646636963,0.9904878735542297
10,0.9909340143203735,0.9924246072769165,1.000000238418579,0.9915695190429688,0.9906818866729736,0.9919942617416382,0.9828159809112549,0.9778814315795898,0.9794232845306396,0.9784573316574097,0.9709381461143494,0.9594825506210327,0.9528521299362183,0.9571393728256226,0.9595953226089478,0.9552645683288574,0.952186107635498,0.9527632594108582,0.9513869285583496,0.9454696178436279,0.9584975242614746,0.9616086483001709,0.9493654370307922,0.9441937208175659,0.9440655708312988,0.9328312277793884,0.9296905994415283,0.912086546421051,0.9151604175567627,0.9128596186637878,0.9071926474571228,0.8918769359588623,0.9057830572128296,0.895452082157135,0.8770607709884644,0.8917160034179688,0.8961634635925293,0.8934415578842163,0.9162898063659668,0.909476637840271,0.8993588089942932,0.9040807485580444,0.9138580560684204,0.9075070023536682,0.9168552160263062,0.9062702655792236,0.8839751482009888,0.8834189176559448,0.8864287734031677,0.9061329364776611,0.929548442363739,0.9187475442886353,0.9289982914924622,0.932075560092926,0.9461836218833923,0.9498357772827148,0.9521996378898621,0.9531399607658386,0.9562597274780273,0.9679511785507202,0.9720154404640198,0.968762993812561,0.9616668224334717,0.9680001139640808,0.967441737651825,0.9718056321144104,0.9703917503356934,0.9764147996902466,0.9803391098976135,0.9819208979606628,0.985636830329895,0.9866385459899902
15,0.9890079498291016,0.9924095869064331,0.9915695190429688,1.0,0.9958065748214722,0.9891499876976013,0.9841070771217346,0.9797145128250122,0.9769109487533569,0.9784325361251831,0.9712902307510376,0.9610403776168823,0.9548816680908203,0.9615161418914795,0.9609693288803101,0.9580490589141846,0.9578241109848022,0.9566001296043396,0.9591825008392334,0.94913649559021,0.9560363292694092,0.9646347761154175,0.9571651220321655,0.9471380114555359,0.9462164044380188,0.9370898008346558,0.9281421899795532,0.9133440256118774,0.9162378311157227,0.9140022993087769,0.908170759677887,0.8951846361160278,0.9088717103004456,0.898580014705658,0.8803659081459045,0.8934637308120728,0.8982406854629517,0.8970778584480286,0.9139649271965027,0.9158928394317627,0.9062568545341492,0.910660982131958,0.918163001537323,0.910208523273468,0.9184696078300476,0.9106214046478271,0.8861082792282104,0.884968638420105,0.8865787982940674,0.9146256446838379,0.9324479699134827,0.9241918921470642,0.9332355856895447,0.9366419911384583,0.9499541521072388,0.9531208872795105,0.957632303237915,0.960263729095459,0.9623408317565918,0.9729125499725342,0.9753903150558472,0.9698768854141235,0.9612754583358765,0.9686508178710938,0.9685371518135071,0.9690250158309937,0.9661850929260254,0.9700697064399719,0.9740109443664551,0.9790186285972595,0.9826549887657166,0.9842714071273804
20,0.9893720149993896,0.9910950064659119,0.9906818866729736,0.9958065748214722,0.9999998807907104,0.9917150735855103,0.9860180616378784,0.9817317724227905,0.9782810807228088,0.9815467000007629,0.9751678705215454,0.9646700620651245,0.9587678909301758,0.9657115340232849,0.9645421504974365,0.9627668261528015,0.9622141718864441,0.9603560566902161,0.9627566933631897,0.9510846138000488,0.9583343267440796,0.9675524234771729,0.9616530537605286,0.9526301622390747,0.9492315649986267,0.9409832954406738,0.9326181411743164,0.9177271127700806,0.9230796098709106,0.9201214909553528,0.9136283993721008,0.8996331095695496,0.9141539335250854,0.9049906730651855,0.8865261673927307,0.8969722986221313,0.8990433812141418,0.8961707353591919,0.9161702394485474,0.9192883968353271,0.9113795161247253,0.9130455255508423,0.9188495874404907,0.9127728343009949,0.9195210337638855,0.9138563275337219,0.8875230550765991,0.8889724612236023,0.8872244358062744,0.9180474281311035,0.9365755319595337,0.9284700155258179,0.9390173554420471,0.9399871826171875,0.9524905681610107,0.9546365141868591,0.9582360982894897,0.9599387645721436,0.9651838541030884,0.9763320684432983,0.9783462285995483,0.9739967584609985,0.965312123298645,0.9717088937759399,0.9714929461479187,0.9727451205253601,0.9704669117927551,0.9736087322235107,0.9766383767127991,0.9816045761108398,0.9824553728103638,0.9876203536987305
25,0.9889792203903198,0.990941047668457,0.9919942617416382,0.9891499876976013,0.9917150735855103,1.0000001192092896,0.992864191532135,0.9886838793754578,0.985060453414917,0.986129879951477,0.9783804416656494,0.9678031802177429,0.9623398780822754,0.9680046439170837,0.9679606556892395,0.9664498567581177,0.9649478197097778,0.962867259979248,0.9645785689353943,0.9576011896133423,0.9638214111328125,0.9679229259490967,0.9605280756950378,0.954401969909668,0.9552821516990662,0.9446148872375488,0.9389550089836121,0.9225426316261292,0.926424503326416,0.924068808555603,0.9171438813209534,0.9028598070144653,0.9193096160888672,0.9098109006881714,0.890279233455658,0.8994879126548767,0.9035976529121399,0.8982165455818176,0.9220735430717468,0.9197478294372559,0.9115607738494873,0.9167847633361816,0.9243966341018677,0.916528582572937,0.9226054549217224,0.9139344692230225,0.8883762955665588,0.889380156993866,0.8921291828155518,0.9175432920455933,0.9362006783485413,0.9294156432151794,0.9387707710266113,0.93802809715271,0.9523838758468628,0.9555840492248535,0.9548145532608032,0.9551852941513062,0.9616078734397888,0.9760904908180237,0.9783895611763,0.9751545786857605,0.9676504135131836,0.9737073183059692,0.9717446565628052,0.9748379588127136,0.9767353534698486,0.980384111404419,0.9829503297805786,0.9841641783714294,0.9850948452949524,0.987045407295227
30,0.9811382293701172,0.9848118424415588,0.9828159809112549,0.9841070771217346,0.9860180616378784,0.992864191532135,1.0000001192092896,0.9946082830429077,0.9866988658905029,0.9895076751708984,0.9834926724433899,0.9758943915367126,0.968891978263855,0.9708266258239746,0.9695107936859131,0.9691834449768066,0.9710403680801392,0.9671769142150879,0.9677844047546387,0.9602854251861572,0.9646730422973633,0.9686561226844788,0.9609167575836182,0.9559272527694702,0.9589618444442749,0.9500224590301514,0.9430764317512512,0.9286870956420898,0.9309595823287964,0.928425669670105,0.924473762512207,0.9092739224433899,0.9279258251190186,0.9189492464065552,0.8994690179824829,0.9055740833282471,0.9101674556732178,0.9028269052505493,0.9232288599014282,0.9270508289337158,0.9171204566955566,0.9218828678131104,0.9291452169418335,0.9232596158981323,0.9251800179481506,0.919847309589386,0.8938100337982178,0.8943623900413513,0.8971005082130432,0.923423707485199,0.9411771297454834,0.9343217015266418,0.944610595703125,0.941450297832489,0.9534955620765686,0.9558622241020203,0.9536278247833252,0.9525604248046875,0.9585360288619995,0.9724670648574829,0.9774981737136841,0.9769431352615356,0.9655788540840149,0.9762609004974365,0.9720557928085327,0.9731404781341553,0.9756739139556885,0.9768412113189697,0.9752405881881714,0.9777711629867554,0.9751531481742859,0.98206627368927
35,0.9779316186904907,0.9808549880981445,0.9778814315795898,0.9797145128250122,0.9817317724227905,0.9886838793754578,0.9946082830429077,1.0,0.9913263320922852,0.9902082085609436,0.9847217798233032,0.9793806076049805,0.9709521532058716,0.9707232713699341,0.9698596596717834,0.9723318815231323,0.9731773734092712,0.9686864614486694,0.967040479183197,0.9589822292327881,0.9652183055877686,0.9674578905105591,0.9629496335983276,0.9564042091369629,0.9615696668624878,0.9579347372055054,0.9520925879478455,0.9380466938018799,0.9390788078308105,0.9329541921615601,0.9299806356430054,0.9159611463546753,0.9342573285102844,0.9271847009658813,0.9072775840759277,0.9129995107650757,0.9152979850769043,0.907722532749176,0.9292389154434204,0.9322429895401001,0.9262195825576782,0.9265207648277283,0.9329204559326172,0.9289377927780151,0.9312443733215332,0.9267842769622803,0.9021115899085999,0.9038121700286865,0.9016271233558655,0.9282974600791931,0.9443541765213013,0.9395562410354614,0.9479895830154419,0.9458796977996826,0.9554979801177979,0.9557406306266785,0.951633632183075,0.9517887830734253,0.9586765170097351,0.9722214937210083,0.9761139154434204,0.980334460735321,0.9706423282623291,0.9804699420928955,0.9758158326148987,0.9760211706161499,0.9779893159866333,0.979276180267334,0.9752366542816162,0.9791375398635864,0.9731337428092957,0.9831497669219971
40,0.977847695350647,0.9800453782081604,0.9794232845306396,0.9769109487533569,0.9782810807228088,0.985060453414917,0.9866988658905029,0.9913263320922852,1.0,0.9910668730735779,0.9832810163497925,0.9763137698173523,0.9659576416015625,0.9638031721115112,0.9675329923629761,0.9695315361022949,0.9645814895629883,0.9628003239631653,0.9572612643241882,0.9489278197288513,0.9621380567550659,0.9627664685249329,0.9512147307395935,0.9444794654846191,0.9519557952880859,0.9527552723884583,0.9471561312675476,0.9269063472747803,0.9278590679168701,0.9233509302139282,0.9206719398498535,0.9048508405685425,0.9210466742515564,0.9173641204833984,0.8913438320159912,0.9019397497177124,0.9056226015090942,0.8966720700263977,0.9242241382598877,0.9176450371742249,0.9081181287765503,0.9058833718299866,0.9163690805435181,0.9140993356704712,0.9240769147872925,0.915101170539856,0.890945553779602,0.892349123954773,0.8889428973197937,0.9100961685180664,0.9317593574523926,0.9256909489631653,0.9335356950759888,0.9360696077346802,0.9494500160217285,0.9500026702880859,0.9435087442398071,0.9401146173477173,0.9500900506973267,0.9625905752182007,0.9688687920570374,0.9790182113647461,0.9724255204200745,0.9782695770263672,0.975160539150238,0.980951189994812,0.9771296381950378,0.9809146523475647,0.9772017002105713,0.9790202379226685,0.9762821197509766,0.9826292991638184
45,0.9776757955551147,0.9795467257499695,0.9784573316574097,0.9784325361251831,0.9815467000007629,0.986129879951477,0.9895076751708984,0.9902082085609436,0.9910668730735779,1.0000001192092896,0.9918007850646973,0.9828433990478516,0.9774438738822937,0.9785294532775879,0.9773299694061279,0.9784775972366333,0.9755282998085022,0.9732799530029297,0.9716264009475708,0.964623212814331,0.969690203666687,0.9736388325691223,0.9644795656204224,0.9602313041687012,0.962084174156189,0.9596551656723022,0.9525910019874573,0.9376576542854309,0.940273642539978,0.9392474293708801,0.934409499168396,0.9204508066177368,0.9352556467056274,0.9270381927490234,0.904996395111084,0.9126461148262024,0.9159640669822693,0.9073399305343628,0.9293418526649475,0.930254340171814,0.918488621711731,0.9210546612739563,0.9303689002990723,0.9268887639045715,0.9333975315093994,0.9285908937454224,0.904175341129303,0.9051469564437866,0.9028505682945251,0.9273772835731506,0.9466109275817871,0.9410903453826904,0.948912501335144,0.9449350833892822,0.9560439586639404,0.957680344581604,0.9548317193984985,0.9524846076965332,0.9603312015533447,0.9715449810028076,0.9772415161132812,0.9807358980178833,0.9690070748329163,0.9799872636795044,0.9762392044067383,0.9797921776771545,0.9791431427001953,0.9813385605812073,0.9766929149627686,0.9790098667144775,0.9755021333694458,0.981778085231781
50,0.9683029055595398,0.968979001045227,0.9709381461143494,0.9712902307510376,0.9751678705215454,0.9783804416656494,0.9834926724433899,0.9847217798233032,0.9832810163497925,0.9918007850646973,0.9999997019767761,0.9928197264671326,0.9881830215454102,0.984011173248291,0.9812912940979004,0.9789440035820007,0.9767639636993408,0.976733922958374,0.9729236364364624,0.9669368863105774,0.9721112847328186,0.9745593070983887,0.9679033160209656,0.9636772871017456,0.9656156301498413,0.9660606980323792,0.9595787525177002,0.9469026327133179,0.9508768916130066,0.9476459622383118,0.9404111504554749,0.9299457669258118,0.9431031942367554,0.9354061484336853,0.9159056544303894,0.9230457544326782,0.9266840815544128,0.9177294969558716,0.9368586540222168,0.9400689005851746,0.928163468837738,0.9281548261642456,0.939159095287323,0.9346663951873779,0.9426820278167725,0.9398350715637207,0.917035698890686,0.9180994033813477,0.9199849963188171,0.9403694868087769,0.9560859203338623,0.9468780755996704,0.9546681046485901,0.9538535475730896,0.9630028009414673,0.9635873436927795,0.9602268934249878,0.9580501317977905,0.9628032445907593,0.9711800813674927,0.974872887134552,0.9783747792243958,0.9700509309768677,0.9807459115982056,0.9791913032531738,0.9799504280090332,0.9794926643371582,0.9777364730834961,0.9697567224502563,0.9710936546325684,0.9654410481452942,0.9720509052276611
55,0.9586756825447083,0.9584717750549316,0.9594825506210327,0.9610403776168823,0.9646700620651245,0.9678031802177429,0.9758943915367126,0.9793806076049805,0.9763137698173523,0.9828433990478516,0.9928197264671326,1.0,0.9936527013778687,0.9822559356689453,0.9763460755348206,0.975017786026001,0.9749436974525452,0.975249171257019,0.9706128239631653,0.9646195769309998,0.9700207710266113,0.9677627086639404,0.9628992080688477,0.959805965423584,0.9636712074279785,0.9650834798812866,0.9588460922241211,0.945183277130127,0.9494917392730713,0.9463857412338257,0.9402682185173035,0.9284030795097351,0.9417563676834106,0.9351877570152283,0.9159666299819946,0.9247647523880005,0.9295552968978882,0.9213401675224304,0.9362878799438477,0.9404105544090271,0.9277491569519043,0.9278973340988159,0.9392536282539368,0.9329217672348022,0.939977765083313,0.9419252276420593,0.9178289771080017,0.920571506023407,0.9219356179237366,0.9425461888313293,0.9581481218338013,0.9446826577186584,0.9518512487411499,0.9560110569000244,0.9642504453659058,0.9622557759284973,0.9568663835525513,0.953045129776001,0.9570990800857544,0.961581826210022,0.966559112071991,0.9730722904205322,0.9647055864334106,0.9769315719604492,0.9738290309906006,0.972248911857605,0.9713115692138672,0.9697786569595337,0.9591872096061707,0.9590607285499573,0.9510917663574219,0.9618730545043945
60,0.9541708827018738,0.9522945880889893,0.9528521299362183,0.9548816680908203,0.9587678909301758,0.9623398780822754,0.968891978263855,0.9709521532058716,0.9659576416015625,0.9774438738822937,0.9881830215454102,0.9936527013778687,1.000000238418579,0.9899502992630005,0.9806982278823853,0.9796470403671265,0.977256178855896,0.978640615940094,0.9747200012207031,0.9689872860908508,0.9702138304710388,0.9690887928009033,0.9678530693054199,0.9634460806846619,0.9634020328521729,0.9673144817352295,0.9579675197601318,0.9486361145973206,0.9529566764831543,0.9517623782157898,0.9449300169944763,0.9354172945022583,0.9466984272003174,0.9398288726806641,0.9224073886871338,0.9282189011573792,0.9350129961967468,0.9274532794952393,0.9387888312339783,0.9448446035385132,0.9309159517288208,0.932208240032196,0.9466180801391602,0.9365180730819702,0.9429316520690918,0.9484292268753052,0.9262429475784302,0.9273759126663208,0.9330201745033264,0.9529937505722046,0.96479332447052,0.9524616003036499,0.9586049318313599,0.9603032469749451,0.9667218923568726,0.9652920961380005,0.962763786315918,0.958850622177124,0.9613023996353149,0.9641151428222656,0.9651873111724854,0.9694828987121582,0.9606778025627136,0.9722698926925659,0.9705423712730408,0.9677945971488953,0.969401478767395,0.96724534034729,0.9580740332603455,0.9564282894134521,0.9472811222076416,0.9553896188735962
65,0.9613772630691528,0.9587343335151672,0.9571393728256226,0.9615161418914795,0.9657115340232849,0.9680046439170837,0.9708266258239746,0.9707232713699341,0.9638031721115112,0.9785294532775879,0.984011173248291,0.9822559356689453,0.9899502992630005,1.000000238418579,0.9876909255981445,0.984902024269104,0.9814068078994751,0.9810658097267151,0.9802877902984619,0.9717257022857666,0.9663920402526855,0.9735921621322632,0.9774407148361206,0.9700767397880554,0.9664634466171265,0.9696195125579834,0.9580926895141602,0.9518481492996216,0.9544087052345276,0.9575756788253784,0.9482378959655762,0.9417135715484619,0.9532926082611084,0.9418823719024658,0.9233369827270508,0.9283336400985718,0.9305000901222229,0.9237395524978638,0.9358186721801758,0.9455052018165588,0.9334496855735779,0.9358296990394592,0.9491434097290039,0.9383658170700073,0.9429610967636108,0.9465316534042358,0.9258929491043091,0.9265804886817932,0.9299861788749695,0.9582725763320923,0.9651598930358887,0.9590080976486206,0.9652422070503235,0.9618210196495056,0.9687502384185791,0.9670718312263489,0.9673480987548828,0.967843770980835,0.9727770090103149,0.9765719175338745,0.9751561284065247,0.9711105823516846,0.963371753692627,0.96978360414505,0.9686035513877869,0.9671347737312317,0.9750299453735352,0.9731374979019165,0.9667949676513672,0.9651508927345276,0.9574437141418457,0.961826503276825
70,0.9558926224708557,0.9563742876052856,0.9595953226089478,0.9609693288803101,0.9645421504974365,0.9679606556892395,0.9695107936859131,0.9698596596717834,0.9675329923629761,0.9773299694061279,0.9812912940979004,0.9763460755348206,0.9806982278823853,0.9876909255981445,1.000000238418579,0.9887823462486267,0.9836019277572632,0.9807465076446533,0.9762060642242432,0.971653163433075,0.9714148640632629,0.9756249189376831,0.9746990203857422,0.9700886011123657,0.9681301116943359,0.970113217830658,0.9626014828681946,0.9534605741500854,0.9586859345436096,0.9619463682174683,0.9549299478530884,0.9461773633956909,0.9549403190612793,0.946029782295227,0.9294570684432983,0.9332466125488281,0.9332153797149658,0.9251439571380615,0.94092857837677,0.9457187652587891,0.9374657869338989,0.9394774436950684,0.9487223625183105,0.9442771077156067,0.9510552883148193,0.9481055736541748,0.9299604296684265,0.9329001903533936,0.9309626817703247,0.950764000415802,0.9630215167999268,0.9613267183303833,0.9632962942123413,0.9558874368667603,0.9652548432350159,0.9645224809646606,0.9656698107719421,0.9686131477355957,0.9681879281997681,0.9742751717567444,0.974947452545166,0.9721735119819641,0.9653075933456421,0.9701471924781799,0.9696866869926453,0.9718050956726074,0.9748172163963318,0.9714070558547974,0.9701473116874695,0.9667387008666992,0.9599499702453613,0.961814284324646
75,0.9591066837310791,0.9570752382278442,0.9552645683288574,0.9580490589141846,0.9627668261528015,0.9664498567581177,0.9691834449768066,0.9723318815231323,0.9695315361022949,0.9784775972366333,0.9789440035820007,0.975017786026001,0.9796470403671265,0.984902024269104,0.9887823462486267,1.0000001192092896,0.9903349876403809,0.9864805340766907,0.9811679124832153,0.9742542505264282,0.9730328917503357,0.9786152243614197,0.97664475440979,0.9719847440719604,0.9695125222206116,0.9743161797523499,0.9671152234077454,0.955075740814209,0.9604358077049255,0.9618651270866394,0.9602198600769043,0.9495818614959717,0.9618842601776123,0.9568715691566467,0.9372692108154297,0.9399455785751343,0.9411177635192871,0.93040531873703,0.9480039477348328,0.9525236487388611,0.943764865398407,0.942699670791626,0.9503887891769409,0.9473226070404053,0.9490491151809692,0.9489160776138306,0.9321238994598389,0.9350641369819641,0.9294661283493042,0.9532166719436646,0.9635839462280273,0.9659246206283569,0.9682371616363525,0.9578748941421509,0.9654442071914673,0.9668699502944946,0.9656416177749634,0.9665236473083496,0.9701144099235535,0.9736827611923218,0.9734582901000977,0.9739977121353149,0.9647139310836792,0.9690336585044861,0.966599702835083,0.9679344892501831,0.9744254350662231,0.9700313806533813,0.9684121012687683,0.9692246317863464,0.9575245976448059,0.9637011289596558
80,0.9550426602363586,0.9550804495811462,0.952186107635498,0.9578241109848022,0.9622141718864441,0.9649478197097778,0.9710403680801392,0.9731773734092712,0.9645814895629883,0.9755282998085022,0.9767639636993408,0.9749436974525452,0.977256178855896,0.9814068078994751,0.9836019277572632,0.9903349876403809,1.000000238418579,0.9929766654968262,0.9877567291259766,0.9814172983169556,0.9779560565948486,0.9824637174606323,0.9839308857917786,0.9822708368301392,0.9787460565567017,0.976421594619751,0.970926821231842,0.96232670545578,0.9684863686561584,0.9673203825950623,0.9642564654350281,0.9559494853019714,0.9678913950920105,0.9643189907073975,0.9499222040176392,0.9516127109527588,0.9516196846961975,0.9417030811309814,0.9569883346557617,0.965999960899353,0.958578884601593,0.9592121839523315,0.9622362852096558,0.9575750231742859,0.9547927379608154,0.9554837346076965,0.934762716293335,0.9407572150230408,0.9369234442710876,0.9626120328903198,0.969251275062561,0.9712960720062256,0.9749253988265991,0.9648532867431641,0.9665828943252563,0.9682286977767944,0.968909740447998,0.971977174282074,0.9727153778076172,0.9753309488296509,0.9750878810882568,0.9716150760650635,0.9572562575340271,0.9646809697151184,0.9604368805885315,0.960160493850708,0.9678817987442017,0.9636457562446594,0.9579644799232483,0.9600718021392822,0.9501136541366577,0.9595752358436584
85,0.9560126066207886,0.9547516703605652,0.9527632594108582,0.9566001296043396,0.9603560566902161,0.962867259979248,0.9671769142150879,0.9686864614486694,0.9628003239631653,0.9732799530029297,0.976733922958374,0.975249171257019,0.978640615940094,0.9810658097267151,0.9807465076446533,0.9864805340766907,0.9929766654968262,1.0,0.990695059299469,0.9855619072914124,0.9860148429870605,0.9886847734451294,0.9843567609786987,0.983674168586731,0.9852882623672485,0.9810187220573425,0.9760372042655945,0.9622336626052856,0.9679276347160339,0.9689366817474365,0.9663587212562561,0.9590051174163818,0.9685026407241821,0.9627536535263062,0.9489327669143677,0.9564992785453796,0.9576541185379028,0.948090136051178,0.9630830883979797,0.9682633876800537,0.9587908983230591,0.9592775106430054,0.9673528671264648,0.9633956551551819,0.9624347686767578,0.9621994495391846,0.9430970549583435,0.946479320526123,0.9472333192825317,0.9664748311042786,0.9739446043968201,0.9741643667221069,0.9794933199882507,0.9754064679145813,0.9777953624725342,0.9788883924484253,0.9763716459274292,0.974780261516571,0.9773502349853516,0.9768951535224915,0.9787180423736572,0.9746667742729187,0.9615126848220825,0.9675071239471436,0.9624494314193726,0.963744044303894,0.9679389595985413,0.9650643467903137,0.9578516483306885,0.958241879940033,0.9486902356147766,0.9571691751480103
90,0.957127571105957,0.9568268656730652,0.9513869285583496,0.9591825008392334,0.9627566933631897,0.9645785689353943,0.9677844047546387,0.967040479183197,0.9572612643241882,0.9716264009475708,0.9729236364364624,0.9706128239631653,0.9747200012207031,0.9802877902984619,0.9762060642242432,0.9811679124832153,0.9877567291259766,0.990695059299469,1.000000238418579,0.9901244640350342,0.9823412895202637,0.986413836479187,0.9847410917282104,0.9798502326011658,0.9795640110969543,0.9723072052001953,0.9628970623016357,0.952623724937439,0.9597129821777344,0.9613051414489746,0.9545825719833374,0.9487022757530212,0.9588866233825684,0.9509074091911316,0.9372337460517883,0.9444929957389832,0.9466564655303955,0.9412848949432373,0.9518447518348694,0.9612547159194946,0.949567437171936,0.9532657265663147,0.9598931074142456,0.9540210366249084,0.9521490335464478,0.9527444839477539,0.9301825761795044,0.933406412601471,0.9314027428627014,0.9602906703948975,0.9683495759963989,0.9671794176101685,0.9712260365486145,0.9690600037574768,0.9744270443916321,0.97470623254776,0.9743551015853882,0.9716436862945557,0.976830005645752,0.9776390790939331,0.9776663780212402,0.9694503545761108,0.9561717510223389,0.9619712233543396,0.958461582660675,0.9567042589187622,0.9619413018226624,0.959122359752655,0.9524974226951599,0.9550278782844543,0.9495053887367249,0.9546635746955872
95,0.946066677570343,0.9454890489578247,0.9454696178436279,0.94913649559021,0.9510846138000488,0.9576011896133423,0.9602854251861572,0.9589822292327881,0.9489278197288513,0.964623212814331,0.9669368863105774,0.9646195769309998,0.9689872860908508,0.9717257022857666,0.971653163433075,0.9742542505264282,0.9814172983169556,0.9855619072914124,0.9901244640350342,1.0000001192092896,0.9902355670928955,0.988898754119873,0.9845174551010132,0.984784722328186,0.9825639724731445,0.9719545245170593,0.9671065807342529,0.9602117538452148,0.9678961634635925,0.9713761210441589,0.9650731682777405,0.9589748978614807,0.9640627503395081,0.9562093019485474,0.9474559426307678,0.9559880495071411,0.9588168859481812,0.9536125063896179,0.9629735946655273,0.9690854549407959,0.954995334148407,0.9620153307914734,0.9681035876274109,0.9636953473091125,0.9599864482879639,0.9603119492530823,0.9400743246078491,0.9419685006141663,0.9461208581924438,0.9634629487991333,0.9707070589065552,0.9696855545043945,0.9730196595191956,0.9696407914161682,0.9740804433822632,0.9764983654022217,0.9784498810768127,0.9738132953643799,0.9710546135902405,0.9723365306854248,0.9726393222808838,0.9613243937492371,0.9471843838691711,0.9515531063079834,0.9481261968612671,0.9487036466598511,0.9541780948638916,0.9527993202209473,0.9443395137786865,0.9437300562858582,0.9414679408073425,0.9423685073852539
100,0.9543757438659668,0.9535567760467529,0.9584975242614746,0.9560363292694092,0.9583343267440796,0.9638214111328125,0.9646730422973633,0.9652183055877686,0.9621380567550659,0.969690203666687,0.9721112847328186,0.9700207710266113,0.9702138304710388,0.9663920402526855,0.9714148640632629,0.9730328917503357,0.9779560565948486,0.9860148429870605,0.9823412895202637,0.9902355670928955,1.0000001192092896,0.9910118579864502,0.9791365265846252,0.9797871708869934,0.9837664365768433,0.9722225666046143,0.9710032939910889,0.9567809104919434,0.9649693965911865,0.9644138813018799,0.9604624509811401,0.9516745805740356,0.9564078450202942,0.952772855758667,0.9408369064331055,0.9542735815048218,0.9575660228729248,0.9522119164466858,0.9686911702156067,0.9650373458862305,0.952614426612854,0.9545309543609619,0.9636630415916443,0.9615960121154785,0.9627708792686462,0.9596743583679199,0.9391155242919922,0.9404433965682983,0.9450506567955017,0.9534447193145752,0.9673973321914673,0.9629462361335754,0.9685252904891968,0.9702836871147156,0.9767276048660278,0.9784083962440491,0.9789602160453796,0.9714034795761108,0.966902494430542,0.9697104692459106,0.9733971357345581,0.9677239060401917,0.955159068107605,0.9608992338180542,0.9568198919296265,0.9609439373016357,0.9591013193130493,0.961349606513977,0.9523708820343018,0.9520065188407898,0.9481887817382812,0.9512490034103394
105,0.9595808982849121,0.9595170021057129,0.9616086483001709,0.9646347761154175,0.9675524234771729,0.9679229259490967,0.9686561226844788,0.9674578905105591,0.9627664685249329,0.9736388325691223,0.9745593070983887,0.9677627086639404,0.9690887928009033,0.9735921621322632,0.9756249189376831,0.9786152243614197,0.9824637174606323,0.9886847734451294,0.986413836479187,0.988898754119873,0.9910118579864502,1.0000003576278687,0.9871545433998108,0.9869253635406494,0.983681321144104,0.9733548760414124,0.9715579748153687,0.9594162702560425,0.9664149284362793,0.9656878113746643,0.962395429611206,0.9527164697647095,0.9596740007400513,0.9535015821456909,0.9419959187507629,0.954422116279602,0.9533855319023132,0.9481316804885864,0.9631221890449524,0.965887188911438,0.9533126950263977,0.9552958011627197,0.9630504250526428,0.9617888927459717,0.961052417755127,0.9584851861000061,0.9387674331665039,0.9411065578460693,0.9409266710281372,0.957969605922699,0.9707315564155579,0.968422532081604,0.9757184386253357,0.9737628102302551,0.9778405427932739,0.9809463024139404,0.9829062819480896,0.9804800748825073,0.9796415567398071,0.982463002204895,0.9832112789154053,0.9745051860809326,0.9623313546180725,0.9646090269088745,0.9630370736122131,0.966294527053833,0.9660274982452393,0.9647400379180908,0.9581997394561768,0.9609978795051575,0.9556760787963867,0.9598627090454102
110,0.9527953863143921,0.9498367309570312,0.9493654370307922,0.9571651220321655,0.9616530537605286,0.9605280756950378,0.9609167575836182,0.9629496335983276,0.9512147307395935,0.9644795656204224,0.9679033160209656,0.9628992080688477,0.9678530693054199,0.9774407148361206,0.9746990203857422,0.97664475440979,0.9839308857917786,0.9843567609786987,0.9847410917282104,0.9845174551010132,0.9791365265846252,0.9871545433998108,1.0,0.9886212944984436,0.9800944328308105,0.9760608673095703,0.9689731597900391,0.9680870175361633,0.9723460078239441,0.9692995548248291,0.9612929821014404,0.958064079284668,0.9634006023406982,0.9578794240951538,0.9490656852722168,0.9543938636779785,0.9518885612487793,0.9471307992935181,0.9598881006240845,0.969892144203186,0.9633908271789551,0.9646622538566589,0.9708610773086548,0.9602705240249634,0.9575795531272888,0.96080482006073,0.9400572180747986,0.9415757656097412,0.9443528056144714,0.970215916633606,0.9738633632659912,0.9741204380989075,0.978532075881958,0.9742513298988342,0.9721533060073853,0.975275993347168,0.9811007976531982,0.9837455153465271,0.983454704284668,0.9848072528839111,0.9776153564453125,0.9637366533279419,0.9535441398620605,0.9572808742523193,0.9571571350097656,0.9534571170806885,0.9614070653915405,0.9592782855033875,0.9522287845611572,0.9547258615493774,0.947630763053894,0.9517919421195984
115,0.9431690573692322,0.9431465864181519,0.9441937208175659,0.9471380114555359,0.9526301622390747,0.954401969909668,0.9559272527694702,0.9564042091369629,0.9444794654846191,0.9602313041687012,0.9636772871017456,0.959805965423584,0.9634460806846619,0.9700767397880554,0.9700886011123657,0.9719847440719604,0.9822708368301392,0.983674168586731,0.9798502326011658,0.984784722328186,0.9797871708869934,0.9869253635406494,0.9886212944984436,1.0,0.9863718748092651,0.9756563901901245,0.9752230644226074,0.9722843170166016,0.9779086112976074,0.9743020534515381,0.970116376876831,0.9635241031646729,0.9693129658699036,0.9610400199890137,0.9532476663589478,0.9615658521652222,0.9573814868927002,0.9516814351081848,0.9642373919487,0.9724323749542236,0.9625052213668823,0.9674887657165527,0.9706026315689087,0.9680812954902649,0.9626985192298889,0.9649702310562134,0.9461296796798706,0.9500153660774231,0.9519590139389038,0.9703301191329956,0.9767829179763794,0.9773503541946411,0.9807831048965454,0.9739805459976196,0.9734665155410767,0.9746742248535156,0.97731614112854,0.9796236157417297,0.97820645570755,0.9800549745559692,0.9770957231521606,0.965455174446106,0.9521586894989014,0.9550350904464722,0.9528869390487671,0.9506627917289734,0.9576854705810547,0.953396201133728,0.9435402750968933,0.9461928606033325,0.9367961883544922,0.944551408290863
120,0.945371150970459,0.9463881850242615,0.9440655708312988,0.9462164044380188,0.9492315649986267,0.9552821516990662,0.9589618444442749,0.9615696668624878,0.9519557952880859,0.962084174156189,0.9656156301498413,0.9636712074279785,0.9634020328521729,0.9664634466171265,0.9681301116943359,0.9695125222206116,0.9787460565567017,0.9852882623672485,0.9795640110969543,0.9825639724731445,0.9837664365768433,0.983681321144104,0.9800944328308105,0.9863718748092651,1.0000001192092896,0.9842445850372314,0.9838041067123413,0.970254123210907,0.9726800322532654,0.9696005582809448,0.9682105779647827,0.9636892080307007,0.9706728458404541,0.9605470895767212,0.9481660723686218,0.9590007662773132,0.9577608704566956,0.9508318901062012,0.9655446410179138,0.9683151245117188,0.9628742933273315,0.9656384587287903,0.9716892838478088,0.9707258343696594,0.9683887958526611,0.9663310647010803,0.9480276703834534,0.9495525360107422,0.9509310126304626,0.9669331312179565,0.972174882888794,0.9754339456558228,0.9774368405342102,0.9757973551750183,0.9783124327659607,0.9748175144195557,0.9715436697006226,0.9716298580169678,0.9726993441581726,0.9751925468444824,0.9798648357391357,0.9702374935150146,0.9592409133911133,0.9611832499504089,0.9561071395874023,0.9586940407752991,0.962375819683075,0.9598231315612793,0.9494479298591614,0.9503689408302307,0.9419974088668823,0.9477352499961853
125,0.9374582767486572,0.9373983144760132,0.9328312277793884,0.9370898008346558,0.9409832954406738,0.9446148872375488,0.9500224590301514,0.9579347372055054,0.9527552723884583,0.9596551656723022,0.9660606980323792,0.9650834798812866,0.9673144817352295,0.9696195125579834,0.970113217830658,0.9743161797523499,0.976421594619751,0.9810187220573425,0.9723072052001953,0.9719545245170593,0.9722225666046143,0.9733548760414124,0.9760608673095703,0.9756563901901245,0.9842445850372314,1.000000238418579,0.9919545650482178,0.9844624996185303,0.9790958762168884,0.9767983555793762,0.9762712717056274,0.9749986529350281,0.9806267023086548,0.9742869734764099,0.9563950300216675,0.9605439901351929,0.9634435176849365,0.9534109830856323,0.9686524271965027,0.970169186592102,0.9649485349655151,0.9606738686561584,0.9697833061218262,0.9664526581764221,0.9707751870155334,0.9744426012039185,0.958773136138916,0.9601608514785767,0.9589400291442871,0.973619818687439,0.976271390914917,0.9750849008560181,0.9756671190261841,0.9727007746696472,0.9750624895095825,0.9730137586593628,0.9667953848838806,0.9649643898010254,0.9705041646957397,0.9693158864974976,0.9691012501716614,0.9697184562683105,0.964137613773346,0.9626650810241699,0.9592480659484863,0.9580431580543518,0.9637050628662109,0.9576430320739746,0.9461241960525513,0.9458342790603638,0.932828962802887,0.9416947364807129
130,0.9307536482810974,0.9299124479293823,0.9296905994415283,0.9281421899795532,0.9326181411743164,0.9389550089836121,0.9430764317512512,0.9520925879478455,0.9471561312675476,0.9525910019874573,0.9595787525177002,0.9588460922241211,0.9579675197601318,0.9580926895141602,0.9626014828681946,0.9671152234077454,0.970926821231842,0.9760372042655945,0.9628970623016357,0.9671065807342529,0.9710032939910889,0.9715579748153687,0.9689731597900391,0.9752230644226074,0.9838041067123413,0.9919545650482178,1.0000001192092896,0.9880451560020447,0.9823923707008362,0.9778698086738586,0.9772050976753235,0.9768253564834595,0.9815878868103027,0.9754146337509155,0.9602862596511841,0.9674243927001953,0.9687350392341614,0.9600896239280701,0.9747333526611328,0.9703750610351562,0.9670295715332031,0.9618586301803589,0.9687108993530273,0.9719595909118652,0.9776894450187683,0.9763485193252563,0.9631216526031494,0.9664688110351562,0.9617867469787598,0.9688516855239868,0.9747003316879272,0.9743392467498779,0.974993884563446,0.9710352420806885,0.972815752029419,0.9703177213668823,0.9621026515960693,0.9630113244056702,0.9633893370628357,0.9623163938522339,0.9637621641159058,0.9640603065490723,0.9599281549453735,0.9571850299835205,0.9519932270050049,0.9528253674507141,0.9581869840621948,0.9528073072433472,0.9403089284896851,0.9399493336677551,0.926816463470459,0.9373946785926819
135,0.9124050736427307,0.9111106395721436,0.912086546421051,0.9133440256118774,0.9177271127700806,0.9225426316261292,0.9286870956420898,0.9380466938018799,0.9269063472747803,0.9376576542854309,0.9469026327133179,0.945183277130127,0.9486361145973206,0.9518481492996216,0.9534605741500854,0.955075740814209,0.96232670545578,0.9622336626052856,0.952623724937439,0.9602117538452148,0.9567809104919434,0.9594162702560425,0.9680870175361633,0.9722843170166016,0.970254123210907,0.9844624996185303,0.9880451560020447,1.000000238418579,0.9864616990089417,0.9793601632118225,0.9752259850502014,0.978789210319519,0.9793694019317627,0.9735583066940308,0.9651325941085815,0.9663989543914795,0.9657708406448364,0.9588723182678223,0.967238187789917,0.9696207046508789,0.966528058052063,0.9616482853889465,0.9664843082427979,0.9638385772705078,0.9675816893577576,0.9722342491149902,0.9617981910705566,0.9651338458061218,0.964396595954895,0.9705797433853149,0.9693747758865356,0.9687056541442871,0.9684287309646606,0.9593040943145752,0.9559245109558105,0.9558260440826416,0.9544419050216675,0.959238588809967,0.954261064529419,0.9545785188674927,0.9490178823471069,0.9437881112098694,0.9397851228713989,0.9388535618782043,0.9360686540603638,0.9315288066864014,0.9425480365753174,0.9359366297721863,0.9208413362503052,0.9217751026153564,0.9078949689865112,0.9178762435913086
140,0.9162851572036743,0.9141059517860413,0.9151604175567627,0.9162378311157227,0.9230796098709106,0.926424503326416,0.9309595823287964,0.9390788078308105,0.9278590679168701,0.940273642539978,0.9508768916130066,0.9494917392730713,0.9529566764831543,0.9544087052345276,0.9586859345436096,0.9604358077049255,0.9684863686561584,0.9679276347160339,0.9597129821777344,0.9678961634635925,0.9649693965911865,0.9664149284362793,0.9723460078239441,0.9779086112976074,0.9726800322532654,0.9790958762168884,0.9823923707008362,0.9864616990089417,0.9999999403953552,0.9905835390090942,0.9858263731002808,0.9819018840789795,0.9836730360984802,0.9821089506149292,0.9769759178161621,0.9785972833633423,0.9748930335044861,0.9669649004936218,0.9745233654975891,0.9818984866142273,0.9783813953399658,0.9736844301223755,0.9769201278686523,0.9773275852203369,0.9765103459358215,0.9828914403915405,0.9689205288887024,0.9738851189613342,0.9697645902633667,0.9790438413619995,0.9801323413848877,0.9809191226959229,0.9794697761535645,0.970335841178894,0.9649010896682739,0.9670470952987671,0.9643831849098206,0.9660792350769043,0.9593355655670166,0.957943856716156,0.9534566402435303,0.9485522508621216,0.9418425559997559,0.9436337947845459,0.943967342376709,0.9383993148803711,0.9442660808563232,0.9349981546401978,0.9244462251663208,0.9270137548446655,0.9122032523155212,0.9220396876335144
