,0,5,10,15,20,25,30,35,40,45,50,55,60,65,70,75,80,85,90,95,100,105,110,115,120,125,130,135,140,145,150,155,160,165,170,175,180,185,190,195,200,205,210,215,220,225,230,235,240,245,250,255,260,265,270,275,280,285,290,295,300,305,310,315,320,325,330,335,340,345,350,355
0,1.0000001192092896,0.9929358959197998,0.9898205995559692,0.9890092611312866,0.9890110492706299,0.983745813369751,0.98082435131073,0.976433515548706,0.9679586291313171,0.9635791778564453,0.9559950828552246,0.9488394260406494,0.9410573244094849,0.9327782392501831,0.9358397722244263,0.9223501682281494,0.9262560606002808,0.9048746824264526,0.9054967761039734,0.9136137366294861,0.8931530117988586,0.8905692100524902,0.8932231068611145,0.870681643486023,0.8762805461883545,0.8717916011810303,0.8592706918716431,0.8645161986351013,0.8654778003692627,0.8692083358764648,0.8631162643432617,0.8723286390304565,0.8798211812973022,0.8784418106079102,0.8712985515594482,0.8686420917510986,0.8654425144195557,0.8570845127105713,0.8601580858230591,0.8516174554824829,0.8348871469497681,0.8290599584579468,0.8320317268371582,0.8448435068130493,0.8550271391868591,0.8647457361221313,0.8720209002494812,0.8800772428512573,0.8846412897109985,0.8776862621307373,0.8912315368652344,0.9126204252243042,0.9019504189491272,0.8985195159912109,0.8953664302825928,0.9062097072601318,0.9145007133483887,0.9143949747085571,0.932424783706665,0.9346379041671753,0.9388588070869446,0.9428840279579163,0.955334484577179,0.9670694470405579,0.9709885120391846,0.9771792888641357,0.9788200855255127,0.9824244379997253,0.9832677841186523,0.9879751205444336,0.9891566038131714,0.991603434085846
5,0.9929358959197998,1.0000001192092896,0.9925862550735474,0.9905192852020264,0.9900230169296265,0.985389232635498,0.9812347292900085,0.9778525829315186,0.9659168720245361,0.9620164632797241,0.9534130692481995,0.9455826282501221,0.9383294582366943,0.929398775100708,0.9337226748466492,0.9193201661109924,0.9219084978103638,0.899498462677002,0.8988643288612366,0.9082553386688232,0.8857337832450867,0.8849711418151855,0.8877132534980774,0.8659318089485168,0.871023952960968,0.8683058023452759,0.8546703457832336,0.8591609597206116,0.8587809801101685,0.863294243812561,0.8569428324699402,0.8644860982894897,0.8757340908050537,0.8735279440879822,0.8658238649368286,0.8603447675704956,0.8561996221542358,0.8521785736083984,0.85416179895401,0.8466033935546875,0.8290752172470093,0.8243208527565002,0.8247146010398865,0.8378710746765137,0.8492621183395386,0.8604260683059692,0.8657791018486023,0.8764535188674927,0.8790584206581116,0.8722634315490723,0.888085126876831,0.9106720685958862,0.8979096412658691,0.8929539918899536,0.8891149759292603,0.9048701524734497,0.9093514084815979,0.9118993282318115,0.9293625354766846,0.930024266242981,0.9370903968811035,0.9413794279098511,0.9528357982635498,0.9643793106079102,0.9702118635177612,0.9770935773849487,0.9776812791824341,0.9797917008399963,0.9837049245834351,0.9877605438232422,0.9884582757949829,0.9894084334373474
10,0.9898205995559692,0.9925862550735474,1.0,0.9929327964782715,0.991529107093811,0.9887836575508118,0.9853484034538269,0.9800722599029541,0.9708307385444641,0.9687754511833191,0.9613634347915649,0.9493720531463623,0.9431072473526001,0.9344971179962158,0.9401736855506897,0.9248358011245728,0.9260073304176331,0.9047162532806396,0.9036110639572144,0.910176157951355,0.8919938802719116,0.8874289989471436,0.8901185393333435,0.869110643863678,0.8738728761672974,0.868976354598999,0.8598859310150146,0.8618738651275635,0.8606795072555542,0.8627097606658936,0.8613792061805725,0.8674440979957581,0.8763907551765442,0.8731640577316284,0.8619698286056519,0.860188364982605,0.8563747406005859,0.8497099280357361,0.8566088676452637,0.8458631038665771,0.8316039443016052,0.8283123970031738,0.8298525810241699,0.8399461507797241,0.8541643619537354,0.8654569983482361,0.868744969367981,0.8804575204849243,0.8822095394134521,0.8759852051734924,0.8903504610061646,0.9100407361984253,0.8981425762176514,0.8945473432540894,0.8887583017349243,0.9047969579696655,0.9145624041557312,0.9134218692779541,0.9290249347686768,0.9322773218154907,0.9373757839202881,0.9393352270126343,0.9525755047798157,0.9651172161102295,0.9682921171188354,0.9727947115898132,0.9743874669075012,0.9784392714500427,0.9810388088226318,0.9832562804222107,0.9854042530059814,0.989095151424408
15,0.9890092611312866,0.9905192852020264,0.9929327964782715,0.9999999403953552,0.9946426749229431,0.9920743703842163,0.9883619546890259,0.9869381189346313,0.9776413440704346,0.9747958183288574,0.9699041843414307,0.960853099822998,0.9543101191520691,0.9454269409179688,0.9481601715087891,0.9346760511398315,0.9377520680427551,0.917504072189331,0.9137094020843506,0.9213316440582275,0.9034909605979919,0.9025802612304688,0.902625322341919,0.8823978900909424,0.8878573179244995,0.8843129873275757,0.8722879886627197,0.8742502331733704,0.8740964531898499,0.8733622431755066,0.8718546628952026,0.8765480518341064,0.8845053315162659,0.8830553293228149,0.8738992214202881,0.8709149360656738,0.8653551936149597,0.8609991073608398,0.8637639880180359,0.859366774559021,0.8429408073425293,0.8398120403289795,0.8388773202896118,0.8517405986785889,0.863294780254364,0.8741664886474609,0.8806668519973755,0.8893685340881348,0.8922339677810669,0.8877226710319519,0.9011622667312622,0.9194701910018921,0.9094209671020508,0.9055630564689636,0.9001691341400146,0.9151846170425415,0.9225186109542847,0.9254860877990723,0.9386646747589111,0.9412021040916443,0.946948766708374,0.9505917429924011,0.9613230228424072,0.9701493978500366,0.974400520324707,0.9768393635749817,0.9789003133773804,0.9801220893859863,0.9823923110961914,0.9838284850120544,0.9857556819915771,0.9873422980308533
20,0.9890110492706299,0.9900230169296265,0.991529107093811,0.9946426749229431,1.000000238418579,0.9942571520805359,0.9911894798278809,0.9893475770950317,0.9814711809158325,0.9761853814125061,0.9722813963890076,0.9619992971420288,0.9541410207748413,0.9451966285705566,0.9468122720718384,0.934200644493103,0.9354532957077026,0.9153466820716858,0.9133279323577881,0.9213277101516724,0.902070164680481,0.8996938467025757,0.9024091362953186,0.8826220631599426,0.8868993520736694,0.8813384771347046,0.8716482520103455,0.8733237981796265,0.8728538751602173,0.8754686117172241,0.8705623149871826,0.8776794672012329,0.8841977119445801,0.8821031451225281,0.8706071376800537,0.8686214089393616,0.8635557889938354,0.8564020395278931,0.8601765036582947,0.8534767031669617,0.8388338685035706,0.8353925943374634,0.8381283283233643,0.8510298728942871,0.8620371222496033,0.8719707727432251,0.8796393871307373,0.8907350301742554,0.8929523229598999,0.8873282670974731,0.8991233110427856,0.9177163243293762,0.908068060874939,0.9041855335235596,0.8987960815429688,0.9140604138374329,0.9213001728057861,0.9221453666687012,0.9379703998565674,0.9412424564361572,0.9463642239570618,0.9492294192314148,0.961050271987915,0.9683568477630615,0.9730352759361267,0.9764065742492676,0.9780731201171875,0.9799368381500244,0.9815085530281067,0.9825074672698975,0.984734833240509,0.9875317215919495
25,0.983745813369751,0.985389232635498,0.9887836575508118,0.9920743703842163,0.9942571520805359,1.0000001192092896,0.9937290549278259,0.9894506931304932,0.9828444123268127,0.9778675436973572,0.9757040739059448,0.9631897211074829,0.9561161994934082,0.9466045498847961,0.950381338596344,0.9374969601631165,0.9378930330276489,0.918328046798706,0.9152252674102783,0.9233053922653198,0.9043125510215759,0.9027007222175598,0.9041478633880615,0.8876699805259705,0.8895702362060547,0.8837697505950928,0.8747114539146423,0.8772679567337036,0.8765445351600647,0.877009928226471,0.8724277019500732,0.8773481845855713,0.8859599232673645,0.8833218216896057,0.8712694644927979,0.8696898818016052,0.86446613073349,0.8599109649658203,0.863889753818512,0.8544591069221497,0.8418239951133728,0.8411966562271118,0.8434616327285767,0.855678141117096,0.8655385375022888,0.8766120672225952,0.8841125965118408,0.894005537033081,0.8947678804397583,0.8891380429267883,0.9005687236785889,0.9186465740203857,0.9077543020248413,0.9045311212539673,0.8979901075363159,0.9134920239448547,0.9203616976737976,0.9222100377082825,0.9353375434875488,0.9445955157279968,0.948439359664917,0.9492727518081665,0.9602039456367493,0.9681704044342041,0.971347451210022,0.9729494452476501,0.9758132696151733,0.9769679307937622,0.9794602394104004,0.9794971346855164,0.9810694456100464,0.9847875237464905
30,0.98082435131073,0.9812347292900085,0.9853484034538269,0.9883619546890259,0.9911894798278809,0.9937290549278259,0.9999998211860657,0.9924203157424927,0.9881806969642639,0.9827257990837097,0.9807987213134766,0.9709776043891907,0.9647253751754761,0.9570726752281189,0.9598239660263062,0.9480172991752625,0.9470123648643494,0.928105890750885,0.9247881174087524,0.9317931532859802,0.9158787727355957,0.9130222797393799,0.9144736528396606,0.8984450697898865,0.8999068140983582,0.8914183974266052,0.8845653533935547,0.887140154838562,0.8868613243103027,0.8910782933235168,0.8856432437896729,0.8901466727256775,0.8985641002655029,0.8941459059715271,0.8841016888618469,0.880793571472168,0.8753567337989807,0.868191659450531,0.8728088140487671,0.8639485239982605,0.8519454002380371,0.8507052063941956,0.8555454015731812,0.8666238188743591,0.8763078451156616,0.8860509395599365,0.8933246731758118,0.9031335711479187,0.9057567119598389,0.8992786407470703,0.9098211526870728,0.9281061887741089,0.9180618524551392,0.9134065508842468,0.9082788228988647,0.9213420152664185,0.9300469756126404,0.9311748743057251,0.9426217675209045,0.9507571458816528,0.9546411037445068,0.9547684192657471,0.9626162052154541,0.9698923826217651,0.9712153077125549,0.9722985029220581,0.9751827716827393,0.976951003074646,0.9777690768241882,0.9765482544898987,0.9795989990234375,0.9811272025108337
35,0.976433515548706,0.9778525829315186,0.9800722599029541,0.9869381189346313,0.9893475770950317,0.9894506931304932,0.9924203157424927,1.000000238418579,0.9912518858909607,0.9868866801261902,0.9847745895385742,0.9764356017112732,0.9707300662994385,0.9617326259613037,0.9607842564582825,0.9519290924072266,0.9499626159667969,0.9331332445144653,0.9287118315696716,0.9348342418670654,0.919366180896759,0.9172240495681763,0.916936993598938,0.9004815220832825,0.9023675322532654,0.8997787237167358,0.8912431001663208,0.8912461996078491,0.8894000053405762,0.8916664123535156,0.887528657913208,0.8906570076942444,0.8976816534996033,0.8940115571022034,0.8828948140144348,0.8819974660873413,0.8760761022567749,0.8722214698791504,0.8750892877578735,0.8679428696632385,0.8568490743637085,0.8550209999084473,0.8594913482666016,0.8712980151176453,0.8804689645767212,0.8885177969932556,0.8962033987045288,0.9058147072792053,0.9082540273666382,0.9029356241226196,0.9129099249839783,0.9283004999160767,0.9208583831787109,0.9167367219924927,0.9118279814720154,0.9249883890151978,0.9329672455787659,0.9355893135070801,0.9466629028320312,0.9514861106872559,0.9558483362197876,0.9609474539756775,0.9677839279174805,0.9700911045074463,0.97114098072052,0.9711087942123413,0.9724022150039673,0.9726154804229736,0.9733462333679199,0.9724147915840149,0.9749878644943237,0.9767380952835083
40,0.9679586291313171,0.9659168720245361,0.9708307385444641,0.9776413440704346,0.9814711809158325,0.9828444123268127,0.9881806969642639,0.9912518858909607,1.0000001192092896,0.9922676086425781,0.9898084402084351,0.9829400181770325,0.9765017032623291,0.9703857898712158,0.9686859846115112,0.959690272808075,0.9538266658782959,0.9415786266326904,0.9383189082145691,0.9425936937332153,0.9308415651321411,0.9264147281646729,0.9259250164031982,0.9108831882476807,0.9107436537742615,0.9072222709655762,0.9025959968566895,0.9002190232276917,0.8997357487678528,0.9013736844062805,0.8951337933540344,0.9001972675323486,0.905055820941925,0.9016475677490234,0.8890159726142883,0.8889123201370239,0.8829035758972168,0.8756352066993713,0.8807043433189392,0.8711413145065308,0.8626642227172852,0.8592836856842041,0.8670593500137329,0.8775559663772583,0.8869154453277588,0.8933653831481934,0.9033041596412659,0.9114371538162231,0.911772608757019,0.9079863429069519,0.9131408333778381,0.930008053779602,0.921896755695343,0.9197213649749756,0.9150463342666626,0.9243789911270142,0.9372153878211975,0.9354945421218872,0.9455826282501221,0.9513921737670898,0.9542903304100037,0.9586739540100098,0.9661184549331665,0.9679604768753052,0.9666242599487305,0.9641273021697998,0.9667960405349731,0.9692513346672058,0.9652888774871826,0.9638374447822571,0.9660236835479736,0.9686814546585083
45,0.9635791778564453,0.9620164632797241,0.9687754511833191,0.9747958183288574,0.9761853814125061,0.9778675436973572,0.9827257990837097,0.9868866801261902,0.9922676086425781,0.9999998807907104,0.991000235080719,0.9864206314086914,0.9822105169296265,0.9756079912185669,0.9728114008903503,0.9642441272735596,0.9566407203674316,0.9454425573348999,0.942162275314331,0.9448016285896301,0.9344587326049805,0.9292761087417603,0.9299325346946716,0.9146683216094971,0.916748046875,0.914151132106781,0.9096261262893677,0.9085590839385986,0.9035453796386719,0.902283787727356,0.9018123745918274,0.9034053087234497,0.9097534418106079,0.9048718810081482,0.893660306930542,0.8941950798034668,0.8891193270683289,0.885068953037262,0.8912152051925659,0.8815792798995972,0.8762460947036743,0.8738893866539001,0.8753836750984192,0.8860950469970703,0.8961521983146667,0.9046610593795776,0.9111330509185791,0.9177753925323486,0.9158173203468323,0.9137069582939148,0.9197710752487183,0.9339330196380615,0.9264463186264038,0.9253905415534973,0.9209222793579102,0.9280433058738708,0.9406206011772156,0.9386578798294067,0.9482024312019348,0.9517089128494263,0.9559566378593445,0.9610300660133362,0.9671546220779419,0.9704960584640503,0.9681409001350403,0.964249849319458,0.9666672348976135,0.9690647125244141,0.9643294811248779,0.9620412588119507,0.964226484298706,0.9656676054000854
50,0.9559950828552246,0.9534130692481995,0.9613634347915649,0.9699041843414307,0.9722813963890076,0.9757040739059448,0.9807987213134766,0.9847745895385742,0.9898084402084351,0.991000235080719,1.0,0.9890514016151428,0.9852632284164429,0.9778399467468262,0.977288007736206,0.9703629016876221,0.9631346464157104,0.9518856406211853,0.9490955471992493,0.9513967633247375,0.9393653869628906,0.9350072741508484,0.9336912631988525,0.9201304912567139,0.920282244682312,0.9174559116363525,0.9143156409263611,0.912138819694519,0.9105309247970581,0.9071253538131714,0.905977189540863,0.9050269722938538,0.9079405665397644,0.905118465423584,0.8886542916297913,0.8943299055099487,0.888883113861084,0.8848447799682617,0.891552209854126,0.8806135654449463,0.8745668530464172,0.8746047616004944,0.879734218120575,0.8894479870796204,0.8981331586837769,0.9068148136138916,0.9155387282371521,0.9244927167892456,0.9219541549682617,0.9198830723762512,0.9230984449386597,0.9352307915687561,0.9309555888175964,0.9301798343658447,0.9249842166900635,0.9346870183944702,0.9454672336578369,0.944421648979187,0.9495707750320435,0.9572061896324158,0.9574852585792542,0.9614558219909668,0.9651408195495605,0.967441201210022,0.9668430089950562,0.9588813185691833,0.9609262347221375,0.9605827331542969,0.9569262266159058,0.9529463052749634,0.9559438228607178,0.9593914151191711
55,0.9488394260406494,0.9455826282501221,0.9493720531463623,0.960853099822998,0.9619992971420288,0.9631897211074829,0.9709776043891907,0.9764356017112732,0.9829400181770325,0.9864206314086914,0.9890514016151428,1.0000001192092896,0.9919662475585938,0.986994743347168,0.983466386795044,0.9776918292045593,0.9698784351348877,0.9611941576004028,0.9566492438316345,0.9582010507583618,0.9503192901611328,0.9444048404693604,0.9441834688186646,0.9300457239151001,0.9309489727020264,0.932499349117279,0.9268437623977661,0.924324631690979,0.9222164750099182,0.9206939935684204,0.9177825450897217,0.917957067489624,0.9208600521087646,0.915736198425293,0.9020085334777832,0.9052272439002991,0.8976424932479858,0.8935899138450623,0.8991947174072266,0.8919085264205933,0.8837118744850159,0.8865231275558472,0.8885237574577332,0.8998112678527832,0.9052953720092773,0.9117719531059265,0.9228836297988892,0.9310545325279236,0.9285694360733032,0.9274508953094482,0.9307916164398193,0.9423001408576965,0.936235785484314,0.9365816712379456,0.9321909546852112,0.9368413686752319,0.9485073685646057,0.9482775926589966,0.9533650279045105,0.9576131105422974,0.9615020155906677,0.9653222560882568,0.965600848197937,0.963722825050354,0.9613564014434814,0.956113338470459,0.9574539661407471,0.9563804268836975,0.9497315883636475,0.9458345174789429,0.948799729347229,0.9497274160385132
60,0.9410573244094849,0.9383294582366943,0.9431072473526001,0.9543101191520691,0.9541410207748413,0.9561161994934082,0.9647253751754761,0.9707300662994385,0.9765017032623291,0.9822105169296265,0.9852632284164429,0.9919662475585938,0.9999998807907104,0.9919806122779846,0.9876453876495361,0.9846453666687012,0.9772002696990967,0.9706034660339355,0.9648129940032959,0.9650568962097168,0.9558377265930176,0.9523530602455139,0.9509012699127197,0.9373464584350586,0.9385256171226501,0.9402720928192139,0.9344028234481812,0.9322376251220703,0.9297905564308167,0.9252355098724365,0.9274899959564209,0.9243345856666565,0.9267648458480835,0.9236554503440857,0.9084569215774536,0.9127588272094727,0.9071301817893982,0.9040986895561218,0.908707857131958,0.9017637372016907,0.8947765827178955,0.8963363170623779,0.8984076976776123,0.907246470451355,0.9153739809989929,0.9222589731216431,0.9317678809165955,0.9380927085876465,0.9395469427108765,0.9386418461799622,0.9412049651145935,0.9500336050987244,0.9454598426818848,0.9454869627952576,0.940559446811676,0.9448186159133911,0.9546606540679932,0.9557180404663086,0.9575708508491516,0.9611446261405945,0.9636921882629395,0.967086672782898,0.9644424319267273,0.9630153179168701,0.9586762189865112,0.951073408126831,0.9547839164733887,0.9527236223220825,0.9440433382987976,0.9398341774940491,0.9446070790290833,0.9430077075958252
65,0.9327782392501831,0.929398775100708,0.9344971179962158,0.9454269409179688,0.9451966285705566,0.9466045498847961,0.9570726752281189,0.9617326259613037,0.9703857898712158,0.9756079912185669,0.9778399467468262,0.986994743347168,0.9919806122779846,0.9999999403953552,0.9915693402290344,0.9891581535339355,0.9807049632072449,0.9745866656303406,0.9708418846130371,0.9702210426330566,0.9640183448791504,0.9604480862617493,0.9585897326469421,0.9475463628768921,0.9472349286079407,0.945746898651123,0.9432539343833923,0.9398859143257141,0.937528133392334,0.9332942962646484,0.9335421919822693,0.9327783584594727,0.935500979423523,0.9305166602134705,0.9134796857833862,0.9198074340820312,0.9141774773597717,0.9095930457115173,0.9156283140182495,0.90692538022995,0.9016170501708984,0.9023721218109131,0.9073456525802612,0.914035975933075,0.9222636222839355,0.9279229044914246,0.9362623691558838,0.9416565895080566,0.942872166633606,0.9447238445281982,0.9450415372848511,0.9546768665313721,0.9484134912490845,0.9485427141189575,0.9435704946517944,0.9452130794525146,0.9567791223526001,0.9559727311134338,0.9573144316673279,0.9594272971153259,0.9607226252555847,0.9626203775405884,0.9585497975349426,0.9567054510116577,0.9516292810440063,0.9435009956359863,0.945486843585968,0.9468252062797546,0.9380859136581421,0.9330926537513733,0.9378948211669922,0.9366069436073303
70,0.9358397722244263,0.9337226748466492,0.9401736855506897,0.9481601715087891,0.9468122720718384,0.950381338596344,0.9598239660263062,0.9607842564582825,0.9686859846115112,0.9728114008903503,0.977288007736206,0.983466386795044,0.9876453876495361,0.9915693402290344,0.9999998807907104,0.990896463394165,0.984019935131073,0.9739004373550415,0.9701259136199951,0.9709977507591248,0.9626308679580688,0.9578399658203125,0.9563451409339905,0.9435777068138123,0.9424688220024109,0.9401813745498657,0.9393049478530884,0.9349581003189087,0.9338223934173584,0.9284680485725403,0.9300347566604614,0.9279289245605469,0.9349836111068726,0.930121898651123,0.9138675928115845,0.9166560769081116,0.910262942314148,0.9060697555541992,0.9127476215362549,0.903460681438446,0.8970245122909546,0.8973119258880615,0.9012629985809326,0.9077810645103455,0.9173758029937744,0.9231685996055603,0.9314683079719543,0.9379599094390869,0.9388010501861572,0.9382864236831665,0.9444643259048462,0.9547420740127563,0.9475545883178711,0.9481266736984253,0.9412186145782471,0.9479620456695557,0.9577622413635254,0.9558345675468445,0.9576246738433838,0.9609134197235107,0.9599471092224121,0.9620046615600586,0.9584522247314453,0.9614385366439819,0.9549083709716797,0.9456052184104919,0.9481910467147827,0.9490994215011597,0.9431012868881226,0.9373472929000854,0.9410051703453064,0.939911961555481
75,0.9223501682281494,0.9193201661109924,0.9248358011245728,0.9346760511398315,0.934200644493103,0.9374969601631165,0.9480172991752625,0.9519290924072266,0.959690272808075,0.9642441272735596,0.9703629016876221,0.9776918292045593,0.9846453666687012,0.9891581535339355,0.990896463394165,1.0,0.9864304065704346,0.9825599193572998,0.9795619249343872,0.978095531463623,0.9741034507751465,0.9671900272369385,0.966637372970581,0.956994891166687,0.9543725252151489,0.9519079923629761,0.9512380957603455,0.9464089274406433,0.9426400065422058,0.9350922107696533,0.9385732412338257,0.9335222840309143,0.9354714155197144,0.9338456392288208,0.9118465185165405,0.9201617240905762,0.9147499799728394,0.9116928577423096,0.9165626764297485,0.9057914018630981,0.9013772010803223,0.9030223488807678,0.90822434425354,0.9160159826278687,0.924574613571167,0.9299712181091309,0.9390718936920166,0.9453827738761902,0.9471203088760376,0.9468740224838257,0.9489004611968994,0.9589574337005615,0.9553080797195435,0.9571456909179688,0.9508370757102966,0.9535784721374512,0.96168053150177,0.9617024660110474,0.9591439962387085,0.9621720314025879,0.9607454538345337,0.9604557156562805,0.9549988508224487,0.9509236812591553,0.9444916844367981,0.9305393695831299,0.933417797088623,0.9328413009643555,0.9250533580780029,0.9205768704414368,0.924732506275177,0.9247589707374573
80,0.9262560606002808,0.9219084978103638,0.9260073304176331,0.9377520680427551,0.9354532957077026,0.9378930330276489,0.9470123648643494,0.9499626159667969,0.9538266658782959,0.9566407203674316,0.9631346464157104,0.9698784351348877,0.9772002696990967,0.9807049632072449,0.984019935131073,0.9864304065704346,1.0,0.9882643818855286,0.9836910963058472,0.9856192469596863,0.9772682189941406,0.9748355746269226,0.974740743637085,0.9603657722473145,0.9611023664474487,0.9558086395263672,0.9521032571792603,0.9493770599365234,0.9465104937553406,0.9338217377662659,0.9406957030296326,0.9354103803634644,0.9392387866973877,0.9382436275482178,0.9209636449813843,0.9261929988861084,0.9197973012924194,0.9160107374191284,0.9213477969169617,0.9120997786521912,0.9065319299697876,0.9065096974372864,0.9110291600227356,0.9174126386642456,0.9247421622276306,0.9323189854621887,0.9414435625076294,0.9428377151489258,0.9487159848213196,0.9469434022903442,0.9515279531478882,0.9619035124778748,0.959611177444458,0.9595561623573303,0.9531856775283813,0.9553222060203552,0.9605025053024292,0.9623740315437317,0.9624961614608765,0.9626937508583069,0.9642149806022644,0.9595813751220703,0.955223560333252,0.951431155204773,0.9463322758674622,0.9341733455657959,0.9357881546020508,0.9355531334877014,0.9278348684310913,0.9258224964141846,0.9337440729141235,0.9287570118904114
85,0.9048746824264526,0.899498462677002,0.9047162532806396,0.917504072189331,0.9153466820716858,0.918328046798706,0.928105890750885,0.9331332445144653,0.9415786266326904,0.9454425573348999,0.9518856406211853,0.9611941576004028,0.9706034660339355,0.9745866656303406,0.9739004373550415,0.9825599193572998,0.9882643818855286,1.000000238418579,0.990445613861084,0.9874451160430908,0.9860291481018066,0.9840695858001709,0.9807494282722473,0.969919741153717,0.9691515564918518,0.9682032465934753,0.9652385711669922,0.9620162844657898,0.9587518572807312,0.9433452486991882,0.9508929252624512,0.9449830055236816,0.941653311252594,0.9401440024375916,0.9199417233467102,0.9334739446640015,0.9264084100723267,0.9229844808578491,0.9299454689025879,0.9202480316162109,0.9138449430465698,0.915961503982544,0.9207686185836792,0.9277845621109009,0.9331351518630981,0.94017493724823,0.949755072593689,0.9507026672363281,0.9528918266296387,0.9558632969856262,0.9541542530059814,0.9589384198188782,0.962425708770752,0.9657522439956665,0.9608787298202515,0.9577977061271667,0.9640366435050964,0.9652429819107056,0.9587363004684448,0.9602621793746948,0.9604018330574036,0.9544970989227295,0.9472665190696716,0.9385411739349365,0.9294975996017456,0.9128137230873108,0.9159363508224487,0.914446234703064,0.9025539755821228,0.9002435207366943,0.9083505868911743,0.9064198732376099
90,0.9054967761039734,0.8988643288612366,0.9036110639572144,0.9137094020843506,0.9133279323577881,0.9152252674102783,0.9247881174087524,0.9287118315696716,0.9383189082145691,0.942162275314331,0.9490955471992493,0.9566492438316345,0.9648129940032959,0.9708418846130371,0.9701259136199951,0.9795619249343872,0.9836910963058472,0.990445613861084,1.000000238418579,0.9903619289398193,0.9869959354400635,0.9825382232666016,0.9831371307373047,0.9711760878562927,0.9697460532188416,0.9666733145713806,0.9668118953704834,0.9641714096069336,0.9592360854148865,0.9421778917312622,0.9496971368789673,0.9433518648147583,0.9394288063049316,0.9364632368087769,0.914725661277771,0.9289852976799011,0.9270986318588257,0.921789824962616,0.9283521771430969,0.9185957908630371,0.9145474433898926,0.9136258363723755,0.9197127819061279,0.9245173931121826,0.9325599074363708,0.9392815828323364,0.9492794275283813,0.950170636177063,0.9526495933532715,0.9533116817474365,0.9529947638511658,0.956235945224762,0.9625245928764343,0.9638975858688354,0.9641932249069214,0.9613447785377502,0.963977575302124,0.9630117416381836,0.9572959542274475,0.9577983021736145,0.9547416567802429,0.9494990110397339,0.9451003074645996,0.9364394545555115,0.928621232509613,0.9113568067550659,0.9130236506462097,0.9129952788352966,0.9015337824821472,0.8985671997070312,0.9067203998565674,0.9067107439041138
95,0.9136137366294861,0.9082553386688232,0.910176157951355,0.9213316440582275,0.9213277101516724,0.9233053922653198,0.9317931532859802,0.9348342418670654,0.9425936937332153,0.9448016285896301,0.9513967633247375,0.9582010507583618,0.9650568962097168,0.9702210426330566,0.9709977507591248,0.978095531463623,0.9856192469596863,0.9874451160430908,0.9903619289398193,0.9999998807907104,0.9903035163879395,0.9883886575698853,0.9882333874702454,0.9789465069770813,0.9775611758232117,0.9706887006759644,0.9690225720405579,0.968590497970581,0.9638303518295288,0.9490785598754883,0.9552618265151978,0.949610710144043,0.9473292827606201,0.9457602500915527,0.9258673787117004,0.9365096688270569,0.9323019981384277,0.9290737509727478,0.9345307350158691,0.9235687851905823,0.9172332286834717,0.918729841709137,0.9216075539588928,0.9295839667320251,0.934454083442688,0.9428592920303345,0.9518704414367676,0.9535642862319946,0.9573155045509338,0.956400990486145,0.9564986228942871,0.9616603851318359,0.9631105661392212,0.9640393257141113,0.962788462638855,0.9647743105888367,0.9658838510513306,0.9663698673248291,0.9628657102584839,0.9645110368728638,0.9630559682846069,0.9575275182723999,0.9529154300689697,0.9460277557373047,0.9387275576591492,0.9219321012496948,0.9239115715026855,0.920843243598938,0.9117019176483154,0.9094838500022888,0.9169235229492188,0.9145644903182983
100,0.8931530117988586,0.8857337832450867,0.8919938802719116,0.9034909605979919,0.902070164680481,0.9043125510215759,0.9158787727355957,0.919366180896759,0.9308415651321411,0.9344587326049805,0.9393653869628906,0.9503192901611328,0.9558377265930176,0.9640183448791504,0.9626308679580688,0.9741034507751465,0.9772682189941406,0.9860291481018066,0.9869959354400635,0.9903035163879395,1.0000001192092896,0.9882802367210388,0.9857217073440552,0.9798769950866699,0.9761043190956116,0.9704381227493286,0.9722455143928528,0.967708945274353,0.9602333903312683,0.9455742239952087,0.9534481763839722,0.9452203512191772,0.941912829875946,0.9385240077972412,0.9196057915687561,0.9298418164253235,0.9270031452178955,0.9217690825462341,0.9302806854248047,0.9200316667556763,0.9143792390823364,0.9172446727752686,0.920763373374939,0.9269596338272095,0.933225691318512,0.9393455982208252,0.949177622795105,0.949082612991333,0.952523946762085,0.9539388418197632,0.9519111514091492,0.9553154706954956,0.9579542875289917,0.9610886573791504,0.9593085646629333,0.9576436877250671,0.9644920825958252,0.9620931148529053,0.953698992729187,0.9545338153839111,0.9518635272979736,0.944520115852356,0.9381259679794312,0.929033637046814,0.9184106588363647,0.899726927280426,0.9027596712112427,0.8999983668327332,0.8894875645637512,0.8860573172569275,0.8942999839782715,0.8919559717178345
105,0.8905692100524902,0.8849711418151855,0.8874289989471436,0.9025802612304688,0.8996938467025757,0.9027007222175598,0.9130222797393799,0.9172240495681763,0.9264147281646729,0.9292761087417603,0.9350072741508484,0.9444048404693604,0.9523530602455139,0.9604480862617493,0.9578399658203125,0.9671900272369385,0.9748355746269226,0.9840695858001709,0.9825382232666016,0.9883886575698853,0.9882802367210388,1.000000238418579,0.9908960461616516,0.9864583611488342,0.9852756261825562,0.9795749187469482,0.9749502539634705,0.9747129082679749,0.9716625213623047,0.9568377733230591,0.9613206386566162,0.954008162021637,0.9517945647239685,0.9481828212738037,0.9307341575622559,0.9422169923782349,0.9384084939956665,0.9367790222167969,0.9425486326217651,0.9367507100105286,0.9287704229354858,0.9315816164016724,0.9344654083251953,0.9403947591781616,0.9422408938407898,0.9476386308670044,0.956304132938385,0.9544142484664917,0.9572784900665283,0.9579402804374695,0.9546618461608887,0.9556048512458801,0.9586397409439087,0.9608557820320129,0.9590902328491211,0.9556320309638977,0.9595662355422974,0.9642220139503479,0.9543896913528442,0.9557812213897705,0.9562859535217285,0.949019193649292,0.9414495825767517,0.9290250539779663,0.9212355613708496,0.9032209515571594,0.9041463136672974,0.9004554748535156,0.8910843133926392,0.8874654769897461,0.8946776390075684,0.8906322717666626
110,0.8932231068611145,0.8877132534980774,0.8901185393333435,0.902625322341919,0.9024091362953186,0.9041478633880615,0.9144736528396606,0.916936993598938,0.9259250164031982,0.9299325346946716,0.9336912631988525,0.9441834688186646,0.9509012699127197,0.9585897326469421,0.9563451409339905,0.966637372970581,0.974740743637085,0.9807494282722473,0.9831371307373047,0.9882333874702454,0.9857217073440552,0.9908960461616516,1.0,0.9903262853622437,0.988932728767395,0.9816333651542664,0.9798441529273987,0.9802377820014954,0.9763487577438354,0.9620177745819092,0.967137336730957,0.9617171287536621,0.9593453407287598,0.9551782011985779,0.9355576634407043,0.9465450048446655,0.9431612491607666,0.938139796257019,0.9453151226043701,0.93318772315979,0.9311038851737976,0.9302570819854736,0.9331859350204468,0.9394226670265198,0.9415892362594604,0.9491819143295288,0.9579873085021973,0.9576938152313232,0.9616581797599792,0.9584319591522217,0.9547772407531738,0.9578520655632019,0.960350513458252,0.9598716497421265,0.958102285861969,0.9560462832450867,0.9571322202682495,0.958310604095459,0.9553172588348389,0.9529415369033813,0.9552218914031982,0.9465025067329407,0.9397964477539062,0.9286679029464722,0.9200059771537781,0.9034054279327393,0.9051017761230469,0.9004567861557007,0.8908737897872925,0.8881234526634216,0.8971561789512634,0.8941223621368408
115,0.870681643486023,0.8659318089485168,0.869110643863678,0.8823978900909424,0.8826220631599426,0.8876699805259705,0.8984450697898865,0.9004815220832825,0.9108831882476807,0.9146683216094971,0.9201304912567139,0.9300457239151001,0.9373464584350586,0.9475463628768921,0.9435777068138123,0.956994891166687,0.9603657722473145,0.969919741153717,0.9711760878562927,0.9789465069770813,0.9798769950866699,0.9864583611488342,0.9903262853622437,1.0000001192092896,0.9921182990074158,0.9825142621994019,0.9835990071296692,0.9817485213279724,0.9780442714691162,0.9655899405479431,0.9672499895095825,0.9605305790901184,0.9564931392669678,0.9514542818069458,0.9302230477333069,0.94307541847229,0.940152108669281,0.9359205365180969,0.9443531036376953,0.9308220148086548,0.9283398389816284,0.9344862103462219,0.9374272227287292,0.9432522654533386,0.9419841766357422,0.9452852010726929,0.9566541910171509,0.9558130502700806,0.9591096043586731,0.9553073048591614,0.9484437704086304,0.9472911953926086,0.9504373073577881,0.9489338994026184,0.9477053880691528,0.9445322751998901,0.9457665085792542,0.9476273059844971,0.9411677122116089,0.9453400373458862,0.9457093477249146,0.933480978012085,0.9264602661132812,0.9117989540100098,0.902234673500061,0.8808466196060181,0.8842477202415466,0.8775812387466431,0.8708115816116333,0.8656469583511353,0.8748217821121216,0.872911810874939
120,0.8762805461883545,0.871023952960968,0.8738728761672974,0.8878573179244995,0.8868993520736694,0.8895702362060547,0.8999068140983582,0.9023675322532654,0.9107436537742615,0.916748046875,0.920282244682312,0.9309489727020264,0.9385256171226501,0.9472349286079407,0.9424688220024109,0.9543725252151489,0.9611023664474487,0.9691515564918518,0.9697460532188416,0.9775611758232117,0.9761043190956116,0.9852756261825562,0.988932728767395,0.9921182990074158,1.0,0.9880901575088501,0.9864492416381836,0.9854280948638916,0.9821261763572693,0.9657822847366333,0.9702619910240173,0.9648125171661377,0.9593077898025513,0.955453634262085,0.9367969036102295,0.9490041136741638,0.9457449913024902,0.9417319893836975,0.948183536529541,0.9386463165283203,0.9336501359939575,0.9396610260009766,0.9405357241630554,0.9473288059234619,0.9466475248336792,0.9506744742393494,0.9593104124069214,0.9572179317474365,0.9593660831451416,0.9572597146034241,0.9524930119514465,0.9504558444023132,0.9504015445709229,0.9501732587814331,0.9495842456817627,0.9459073543548584,0.9464102387428284,0.9496681690216064,0.9435853958129883,0.9462978839874268,0.9503637552261353,0.9391294717788696,0.933830738067627,0.9188975095748901,0.9103490114212036,0.8890093564987183,0.8910220265388489,0.884009063243866,0.8752975463867188,0.8719086647033691,0.8799865245819092,0.8756467700004578
125,0.8717916011810303,0.8683058023452759,0.868976354598999,0.8843129873275757,0.8813384771347046,0.8837697505950928,0.8914183974266052,0.8997787237167358,0.9072222709655762,0.914151132106781,0.9174559116363525,0.932499349117279,0.9402720928192139,0.945746898651123,0.9401813745498657,0.9519079923629761,0.9558086395263672,0.9682032465934753,0.9666733145713806,0.9706887006759644,0.9704381227493286,0.9795749187469482,0.9816333651542664,0.9825142621994019,0.9880901575088501,1.0,0.989374041557312,0.9882853031158447,0.9853614568710327,0.9684246778488159,0.9716924428939819,0.9649319052696228,0.9590253829956055,0.9584460258483887,0.9401034116744995,0.9524722695350647,0.9503897428512573,0.9497255086898804,0.9529522061347961,0.9471172094345093,0.9408351182937622,0.9469651579856873,0.9439752697944641,0.9531302452087402,0.9509538412094116,0.9533703923225403,0.9649099111557007,0.9590137004852295,0.9582201242446899,0.9574680328369141,0.952824592590332,0.9512233734130859,0.9524068832397461,0.9528276324272156,0.9531065225601196,0.9473305344581604,0.9489312171936035,0.9533480405807495,0.9442110657691956,0.9432488083839417,0.9470475316047668,0.9429985284805298,0.9330990314483643,0.9184284210205078,0.9088101387023926,0.8864567279815674,0.8875455856323242,0.8793413639068604,0.8699105978012085,0.867729663848877,0.8743410706520081,0.8699097037315369
130,0.8592706918716431,0.8546703457832336,0.8598859310150146,0.8722879886627197,0.8716482520103455,0.8747114539146423,0.8845653533935547,0.8912431001663208,0.9025959968566895,0.9096261262893677,0.9143156409263611,0.9268437623977661,0.9344028234481812,0.9432539343833923,0.9393049478530884,0.9512380957603455,0.9521032571792603,0.9652385711669922,0.9668118953704834,0.9690225720405579,0.9722455143928528,0.9749502539634705,0.9798441529273987,0.9835990071296692,0.9864492416381836,0.989374041557312,1.0,0.9889786839485168,0.9852446913719177,0.9701052904129028,0.9764194488525391,0.9651932716369629,0.9593840837478638,0.9550226926803589,0.9333711862564087,0.9476504325866699,0.9466513395309448,0.9422105550765991,0.9495235085487366,0.939278244972229,0.9402943849563599,0.9459052085876465,0.9444574117660522,0.9493803977966309,0.9547871351242065,0.9552171230316162,0.9657843112945557,0.9632741212844849,0.9628098011016846,0.9602290391921997,0.9545453786849976,0.9482899904251099,0.9514118432998657,0.9509631395339966,0.9519106149673462,0.9472655057907104,0.9465095400810242,0.9474371671676636,0.9373385310173035,0.938264012336731,0.9373120069503784,0.9299449324607849,0.9234250783920288,0.9081544876098633,0.8964143991470337,0.8715183138847351,0.8742503523826599,0.8670839071273804,0.8569630980491638,0.85292649269104,0.8617199063301086,0.8597487211227417
135,0.8645161986351013,0.8591609597206116,0.8618738651275635,0.8742502331733704,0.8733237981796265,0.8772679567337036,0.887140154838562,0.8912461996078491,0.9002190232276917,0.9085590839385986,0.912138819694519,0.924324631690979,0.9322376251220703,0.9398859143257141,0.9349581003189087,0.9464089274406433,0.9493770599365234,0.9620162844657898,0.9641714096069336,0.968590497970581,0.967708945274353,0.9747129082679749,0.9802377820014954,0.9817485213279724,0.9854280948638916,0.9882853031158447,0.9889786839485168,1.0,0.9916175007820129,0.9773798584938049,0.9829422831535339,0.9752364158630371,0.9691472053527832,0.9644508957862854,0.9468882083892822,0.9597318172454834,0.9606704711914062,0.9562174081802368,0.9629703760147095,0.9526271820068359,0.9511235952377319,0.9575625061988831,0.9561631679534912,0.9615527987480164,0.9605501890182495,0.9644433856010437,0.9722455143928528,0.9682384133338928,0.9659440517425537,0.9610793590545654,0.9541044235229492,0.9505156874656677,0.9504736661911011,0.9499216079711914,0.9507715702056885,0.9464999437332153,0.9453276991844177,0.9477834105491638,0.9393323659896851,0.9404808282852173,0.9409934282302856,0.9322606921195984,0.9226117730140686,0.9111015796661377,0.8996124863624573,0.8764559030532837,0.8790533542633057,0.8715744018554688,0.8623878955841064,0.8588021397590637,0.8675334453582764,0.8646944761276245
140,0.8654778003692627,0.8587809801101685,0.8606795072555542,0.8740964531898499,0.8728538751602173,0.8765445351600647,0.8868613243103027,0.8894000053405762,0.8997357487678528,0.9035453796386719,0.9105309247970581,0.9222164750099182,0.9297905564308167,0.937528133392334,0.9338223934173584,0.9426400065422058,0.9465104937553406,0.9587518572807312,0.9592360854148865,0.9638303518295288,0.9602333903312683,0.9716625213623047,0.9763487577438354,0.9780442714691162,0.9821261763572693,0.9853614568710327,0.9852446913719177,0.9916175007820129,1.0000001192092896,0.9842559099197388,0.9855741858482361,0.9806927442550659,0.9745424389839172,0.9681025743484497,0.950054943561554,0.9653494954109192,0.9628921151161194,0.9568595886230469,0.9629093408584595,0.9518020153045654,0.9465615749359131,0.9517951011657715,0.9525090456008911,0.9575222134590149,0.9565491676330566,0.9580816626548767,0.9701944589614868,0.9653748869895935,0.9636390209197998,0.9596251249313354,0.9509850144386292,0.9475724697113037,0.9486532211303711,0.9472282528877258,0.9461955428123474,0.9424158334732056,0.9413655400276184,0.9443551301956177,0.934965968132019,0.9368694424629211,0.9382044672966003,0.9295668601989746,0.9199469089508057,0.9079028367996216,0.89992356300354,0.8763980269432068,0.8781482577323914,0.8714721202850342,0.8623287081718445,0.8585478067398071,0.8674061894416809,0.8645668029785156
