,0,5,10,15,20,25,30,35,40,45,50,55,60,65,70,75,80,85,90,95,100,105,110,115,120,125,130,135,140,145,150,155,160,165,170,175,180,185,190,195,200,205,210,215,220,225,230,235,240,245,250,255,260,265,270,275,280,285,290,295,300,305,310,315,320,325,330,335,340,345,350,355
0,1.0,0.9771273136138916,0.9685656428337097,0.9520776271820068,0.9477596282958984,0.9500144124031067,0.9346469044685364,0.9426428079605103,0.9389435648918152,0.934627115726471,0.906731367111206,0.8988800644874573,0.9008294343948364,0.8847395181655884,0.8880026340484619,0.8845717906951904,0.8731834888458252,0.8866690993309021,0.8948877453804016,0.893393337726593,0.8722928166389465,0.8675703406333923,0.8523657917976379,0.8457763195037842,0.8170195817947388,0.8179537653923035,0.8243281245231628,0.8555643558502197,0.8521542549133301,0.8749154806137085,0.8577427864074707,0.8531177639961243,0.8258716464042664,0.8373669385910034,0.8227458000183105,0.8126111626625061,0.8049561977386475,0.8103412985801697,0.7989513874053955,0.8039222359657288,0.8095729351043701,0.8094424605369568,0.833092451095581,0.8530372381210327,0.839455783367157,0.8084642887115479,0.825480580329895,0.8365310430526733,0.8289545774459839,0.8935792446136475,0.8835282325744629,0.8802483081817627,0.8934512138366699,0.9046830534934998,0.8918434977531433,0.8775535821914673,0.881426215171814,0.8690271377563477,0.8792895078659058,0.9110537767410278,0.9127708673477173,0.9100643396377563,0.9186059236526489,0.9412980675697327,0.9386741518974304,0.9459527134895325,0.9492826461791992,0.9500113129615784,0.9401472806930542,0.9407075047492981,0.9635196924209595,0.9694300293922424
5,0.9771273136138916,1.0000001192092896,0.9825737476348877,0.9656831622123718,0.958675742149353,0.9573607444763184,0.9358538389205933,0.9415616393089294,0.9323069453239441,0.925453782081604,0.9014036059379578,0.8887543082237244,0.8836405873298645,0.8825204968452454,0.8758439421653748,0.8646236658096313,0.8460296392440796,0.8677811026573181,0.8858740925788879,0.8767229318618774,0.8641274571418762,0.866446852684021,0.8514686226844788,0.8366528153419495,0.8081066012382507,0.81371009349823,0.8239480257034302,0.8574430346488953,0.8588102459907532,0.8753091096878052,0.8671655654907227,0.8669593334197998,0.8326350450515747,0.8499734401702881,0.8335515856742859,0.8252237439155579,0.8139148354530334,0.8143948912620544,0.8093987107276917,0.8144423365592957,0.8173631429672241,0.8201794624328613,0.83869469165802,0.8528059720993042,0.8465504050254822,0.813850462436676,0.8274607062339783,0.8343475461006165,0.8232921957969666,0.8955402374267578,0.8862777948379517,0.8829015493392944,0.8907957077026367,0.8944944143295288,0.901556134223938,0.8718796968460083,0.8692641854286194,0.8555688261985779,0.8663601279258728,0.9025695323944092,0.8995116949081421,0.904247522354126,0.9115872979164124,0.9330627918243408,0.9306102395057678,0.9426222443580627,0.9516534209251404,0.955278754234314,0.9446077942848206,0.9524649381637573,0.9767730236053467,0.9853522777557373
10,0.9685656428337097,0.9825737476348877,1.0,0.9886074066162109,0.9813990592956543,0.9772365689277649,0.9635151028633118,0.9655938744544983,0.9547654390335083,0.9439650774002075,0.9323774576187134,0.9121854901313782,0.8980719447135925,0.89507657289505,0.8927087187767029,0.8804835677146912,0.8667553067207336,0.8850013017654419,0.9001573920249939,0.8935875296592712,0.8785890936851501,0.880328357219696,0.8637411594390869,0.8426668047904968,0.8136069774627686,0.8194155097007751,0.8287912011146545,0.8643215298652649,0.8668470978736877,0.8767533898353577,0.8730340600013733,0.8677717447280884,0.8418713808059692,0.8564561009407043,0.8397870063781738,0.8298638463020325,0.8225387930870056,0.8271912932395935,0.8158475756645203,0.8184477090835571,0.8272669911384583,0.829817533493042,0.8482028245925903,0.8579256534576416,0.8536731600761414,0.822693407535553,0.8322772979736328,0.8390589356422424,0.8316410779953003,0.8945044279098511,0.8880976438522339,0.8947185277938843,0.9006656408309937,0.9096454977989197,0.9105338454246521,0.883090615272522,0.8851383924484253,0.8685526251792908,0.882154643535614,0.9186197519302368,0.9166362285614014,0.9247134923934937,0.9342798590660095,0.94971764087677,0.9505072832107544,0.9635370969772339,0.9690061807632446,0.9770866632461548,0.9744599461555481,0.9816064834594727,0.9927365779876709,0.9802983403205872
15,0.9520776271820068,0.9656831622123718,0.9886074066162109,1.0000001192092896,0.9886040687561035,0.9819507598876953,0.973503828048706,0.9750161170959473,0.9597756266593933,0.9464190006256104,0.9456443190574646,0.9243844747543335,0.8957718014717102,0.8932304382324219,0.8894175887107849,0.8753397464752197,0.8605234622955322,0.8789463639259338,0.902795135974884,0.8893234729766846,0.8689827919006348,0.8691002130508423,0.8495790362358093,0.8276868462562561,0.7952067852020264,0.8013201355934143,0.8127011060714722,0.8520344495773315,0.8558001518249512,0.8653093576431274,0.8620123863220215,0.857247531414032,0.8314147591590881,0.8458200693130493,0.8299447298049927,0.8181394934654236,0.8103234767913818,0.8176095485687256,0.8059273958206177,0.8086207509040833,0.8159886002540588,0.8134753704071045,0.8304623365402222,0.8444889783859253,0.8425620794296265,0.8125367760658264,0.8178790807723999,0.8209215402603149,0.8119735717773438,0.881127119064331,0.8750150799751282,0.8841524124145508,0.8930771350860596,0.9035196900367737,0.9067459106445312,0.8752739429473877,0.8758163452148438,0.8609679937362671,0.872616708278656,0.9194244742393494,0.9185436964035034,0.9351950287818909,0.9459637403488159,0.9560658931732178,0.9562339186668396,0.9727311134338379,0.9769251346588135,0.9817022681236267,0.9811623692512512,0.9909918308258057,0.9843441247940063,0.9604814052581787
20,0.9477596282958984,0.958675742149353,0.9813990592956543,0.9886040687561035,1.0,0.9895224571228027,0.9797477722167969,0.9776253700256348,0.9687972664833069,0.9586518406867981,0.9512125253677368,0.933194100856781,0.9076429009437561,0.9082677364349365,0.9008570909500122,0.8861943483352661,0.873712956905365,0.8926548361778259,0.9132734537124634,0.8933754563331604,0.8717527985572815,0.8713141083717346,0.8562175035476685,0.8347899913787842,0.8036264181137085,0.8096882104873657,0.8188557028770447,0.8614470362663269,0.8650360703468323,0.8712397217750549,0.8682515621185303,0.8608990907669067,0.8374864459037781,0.854661762714386,0.838819146156311,0.8340985178947449,0.8261845111846924,0.8299610614776611,0.8139634132385254,0.8157329559326172,0.821224570274353,0.8247479796409607,0.8413069844245911,0.8510336875915527,0.851502537727356,0.820326566696167,0.8228768706321716,0.8285490870475769,0.8218544125556946,0.890335202217102,0.8815358877182007,0.8931358456611633,0.8975334167480469,0.9073396921157837,0.9224309921264648,0.8956480622291565,0.8933841586112976,0.8770237565040588,0.8880087733268738,0.9289814829826355,0.9308983087539673,0.9460893869400024,0.9527065753936768,0.9602001905441284,0.9608226418495178,0.9725973010063171,0.9805690050125122,0.9811114072799683,0.9877082705497742,0.9848867654800415,0.9778108596801758,0.957651674747467
25,0.9500144124031067,0.9573607444763184,0.9772365689277649,0.9819507598876953,0.9895224571228027,0.9999996423721313,0.9832139611244202,0.9839898943901062,0.9771036505699158,0.9683828353881836,0.9548667073249817,0.9370860457420349,0.9305286407470703,0.9246383905410767,0.9208208918571472,0.907670259475708,0.9008535742759705,0.9193509817123413,0.9327986240386963,0.9225208163261414,0.9004209041595459,0.8976588249206543,0.884583592414856,0.8682346940040588,0.8378267288208008,0.8461279273033142,0.852785050868988,0.8844097852706909,0.8867394924163818,0.8960126638412476,0.8870025873184204,0.8811577558517456,0.8499894142150879,0.8699126243591309,0.8517422080039978,0.8390159010887146,0.8313833475112915,0.8377225399017334,0.8292675614356995,0.8326590657234192,0.8375961780548096,0.8404868841171265,0.8639269471168518,0.8770588040351868,0.8726664185523987,0.8412309885025024,0.8524006605148315,0.8599944710731506,0.8507792353630066,0.9101148247718811,0.9042302370071411,0.9137458205223083,0.9214469194412231,0.9333202838897705,0.9364452958106995,0.9138756394386292,0.9129546284675598,0.8946973085403442,0.9070245027542114,0.9499845504760742,0.9473820924758911,0.9490111470222473,0.9554333090782166,0.9707340002059937,0.9737719297409058,0.9817440509796143,0.98783940076828,0.9864148497581482,0.9800679683685303,0.9801146984100342,0.9781696796417236,0.9553202390670776
30,0.9346469044685364,0.9358538389205933,0.9635151028633118,0.973503828048706,0.9797477722167969,0.9832139611244202,1.000000238418579,0.9807599782943726,0.973329484462738,0.9668832421302795,0.972487211227417,0.9593403935432434,0.9334864020347595,0.9289127588272095,0.9312334656715393,0.9143086671829224,0.9031036496162415,0.9117993116378784,0.9239495396614075,0.9116408824920654,0.8865556120872498,0.8854714035987854,0.8744579553604126,0.8615157604217529,0.8288533687591553,0.8318548798561096,0.8324477672576904,0.8659756183624268,0.8679410815238953,0.8755753636360168,0.8661284446716309,0.8571962714195251,0.8277435898780823,0.843887448310852,0.825050950050354,0.8152674436569214,0.8120328187942505,0.8161296844482422,0.8034288287162781,0.8066859841346741,0.8111962676048279,0.8132823705673218,0.8383722305297852,0.8532019257545471,0.8497382402420044,0.8147030472755432,0.8294834494590759,0.8410052061080933,0.835674524307251,0.8966436982154846,0.8873137831687927,0.9016190767288208,0.9089603424072266,0.9239816069602966,0.9278848767280579,0.9070019125938416,0.9170516729354858,0.9028410911560059,0.9169642925262451,0.9512913823127747,0.9521644711494446,0.9708636999130249,0.9765937924385071,0.9746723771095276,0.9677083492279053,0.9738278388977051,0.9847346544265747,0.9744172096252441,0.9838073253631592,0.9756957292556763,0.9657629132270813,0.9369256496429443
35,0.9426428079605103,0.9415616393089294,0.9655938744544983,0.9750161170959473,0.9776253700256348,0.9839898943901062,0.9807599782943726,1.0000001192092896,0.9897515177726746,0.9729851484298706,0.9690263271331787,0.9470317363739014,0.9388066530227661,0.9289081692695618,0.9281734824180603,0.9178608655929565,0.913550853729248,0.9275023937225342,0.9417855739593506,0.9334575533866882,0.9086982011795044,0.9047425389289856,0.884633481502533,0.8675944209098816,0.8387473821640015,0.842392086982727,0.8473124504089355,0.8797354698181152,0.879454493522644,0.8909298181533813,0.8824201822280884,0.8759264945983887,0.854606032371521,0.8678538799285889,0.8519701957702637,0.8369171619415283,0.829779326915741,0.8418451547622681,0.8309150338172913,0.8308802247047424,0.8412190079689026,0.8358147740364075,0.8580300807952881,0.8744258880615234,0.8649100065231323,0.8395473957061768,0.8509650826454163,0.8564398288726807,0.8541809320449829,0.904102087020874,0.8997304439544678,0.9097900986671448,0.9262042045593262,0.9422380924224854,0.933565080165863,0.9162273406982422,0.9116469621658325,0.8956689834594727,0.9089238047599792,0.9555883407592773,0.9544092416763306,0.9531838297843933,0.961012065410614,0.9744278788566589,0.9857150316238403,0.9906867146492004,0.9843569993972778,0.9799031615257263,0.9729054570198059,0.9751075506210327,0.9626876711845398,0.9355287551879883
40,0.9389435648918152,0.9323069453239441,0.9547654390335083,0.9597756266593933,0.9687972664833069,0.9771036505699158,0.973329484462738,0.9897515177726746,0.9999998807907104,0.987970232963562,0.9686525464057922,0.9513587951660156,0.9544191956520081,0.9392431974411011,0.944473385810852,0.9391486644744873,0.9350804686546326,0.9399069547653198,0.9414984583854675,0.9406920075416565,0.9180323481559753,0.9161749482154846,0.9011138677597046,0.8889477849006653,0.8558275103569031,0.8580291271209717,0.8558377027511597,0.8877733945846558,0.8850913047790527,0.8982915878295898,0.8870829343795776,0.8764139413833618,0.8563627600669861,0.8645654916763306,0.8503336310386658,0.8375928401947021,0.8326894640922546,0.8428422808647156,0.8282099366188049,0.8266904354095459,0.8390867710113525,0.8397201299667358,0.8652358651161194,0.8829455375671387,0.8699648380279541,0.8403782248497009,0.8553847074508667,0.8674538731575012,0.8690553307533264,0.9132124781608582,0.908685028553009,0.9227476716041565,0.9329961538314819,0.9559186697006226,0.9390461444854736,0.9294042587280273,0.9329667687416077,0.9210821390151978,0.9325761795043945,0.9636577367782593,0.9675869345664978,0.9601884484291077,0.9670315980911255,0.9825628399848938,0.9895224571228027,0.985059380531311,0.9776020646095276,0.970287561416626,0.9699552059173584,0.9613649845123291,0.9513692855834961,0.9285848140716553
45,0.934627115726471,0.925453782081604,0.9439650774002075,0.9464190006256104,0.9586518406867981,0.9683828353881836,0.9668832421302795,0.9729851484298706,0.987970232963562,1.0000003576278687,0.9725730419158936,0.9633975028991699,0.96815025806427,0.9509859681129456,0.958760678768158,0.9524958729743958,0.9467167854309082,0.9495233297348022,0.9451253414154053,0.9458373785018921,0.9227336049079895,0.9186174869537354,0.9100398421287537,0.9086003303527832,0.873345136642456,0.8741996884346008,0.8687934279441833,0.892615020275116,0.8893129229545593,0.9085488319396973,0.8900304436683655,0.8788058161735535,0.8480863571166992,0.8593697547912598,0.8430882096290588,0.8290711045265198,0.8247103095054626,0.8313303589820862,0.8218461275100708,0.822158694267273,0.8308068513870239,0.837577760219574,0.8681795001029968,0.8894151449203491,0.8754879832267761,0.842223584651947,0.8630321621894836,0.8751684427261353,0.8773332834243774,0.9249753952026367,0.9207273721694946,0.9294576644897461,0.937711775302887,0.9597153663635254,0.9437429904937744,0.936397135257721,0.9437791705131531,0.941662609577179,0.9514119029045105,0.9711539149284363,0.9777902960777283,0.9720064401626587,0.9757238030433655,0.9854885339736938,0.9779400825500488,0.9693944454193115,0.9703423976898193,0.9579992294311523,0.9623191356658936,0.9488078355789185,0.9430219531059265,0.9261103868484497
50,0.906731367111206,0.9014036059379578,0.9323774576187134,0.9456443190574646,0.9512125253677368,0.9548667073249817,0.972487211227417,0.9690263271331787,0.9686525464057922,0.9725730419158936,1.0000001192092896,0.984869122505188,0.9546976089477539,0.9393389225006104,0.9424247741699219,0.9281211495399475,0.9201494455337524,0.9331948757171631,0.9400603175163269,0.9307977557182312,0.910950779914856,0.9040170311927795,0.8945088982582092,0.8865857124328613,0.857929527759552,0.8600974082946777,0.8621699213981628,0.8821570873260498,0.8794241547584534,0.8945626616477966,0.8811458945274353,0.8730266094207764,0.8445570468902588,0.8575514554977417,0.8414815068244934,0.8212074041366577,0.8214234709739685,0.8333472609519958,0.8235436677932739,0.8266266584396362,0.8313911557197571,0.8269551396369934,0.8573404550552368,0.8735820055007935,0.8637697696685791,0.8394172191619873,0.856393575668335,0.8606168031692505,0.8613598346710205,0.9100192189216614,0.9089168310165405,0.9114363789558411,0.9292717576026917,0.9387648701667786,0.9320055842399597,0.9211733341217041,0.919060468673706,0.9156172275543213,0.9307864308357239,0.9609860777854919,0.9634128212928772,0.9781360626220703,0.9795089364051819,0.9703174233436584,0.9626847505569458,0.9564830660820007,0.960731565952301,0.9500898122787476,0.9618489742279053,0.9541977643966675,0.9354261159896851,0.9041301012039185
55,0.8988800644874573,0.8887543082237244,0.9121854901313782,0.9243844747543335,0.933194100856781,0.9370860457420349,0.9593403935432434,0.9470317363739014,0.9513587951660156,0.9633975028991699,0.984869122505188,0.9999997615814209,0.9570003747940063,0.9370152354240417,0.9441511034965515,0.9307262301445007,0.9201579093933105,0.9308051466941833,0.9385507106781006,0.926392674446106,0.907372236251831,0.9002079367637634,0.8921611309051514,0.891340970993042,0.8612478375434875,0.8603121042251587,0.8586959838867188,0.8831753730773926,0.8807976245880127,0.9004259705543518,0.8843032717704773,0.8787801265716553,0.8432164788246155,0.8537509441375732,0.8352291584014893,0.8152644634246826,0.8161032199859619,0.8272618055343628,0.8177903294563293,0.823030948638916,0.8216490745544434,0.8204894065856934,0.8513606190681458,0.8731955289840698,0.8634584546089172,0.8328010439872742,0.8508649468421936,0.8571390509605408,0.8566318154335022,0.9134764671325684,0.9084201455116272,0.9089714884757996,0.9262264966964722,0.9313931465148926,0.9303398132324219,0.9240077137947083,0.924387514591217,0.9301396012306213,0.9338304996490479,0.9593737721443176,0.9636854529380798,0.9869246482849121,0.9794384241104126,0.9641279578208923,0.9470816850662231,0.9375226497650146,0.9446796774864197,0.9323070645332336,0.9449462890625,0.9332716464996338,0.9147751927375793,0.8870252370834351
60,0.9008294343948364,0.8836405873298645,0.8980719447135925,0.8957718014717102,0.9076429009437561,0.9305286407470703,0.9334864020347595,0.9388066530227661,0.9544191956520081,0.96815025806427,0.9546976089477539,0.9570003747940063,0.9999998807907104,0.9777820706367493,0.9858925342559814,0.9780066013336182,0.972020149230957,0.9776649475097656,0.963823676109314,0.9705326557159424,0.9535959959030151,0.9427570104598999,0.940093994140625,0.9395134449005127,0.9161736369132996,0.9112609028816223,0.9044598937034607,0.9119241833686829,0.8987690210342407,0.916351854801178,0.8900397419929504,0.8812103867530823,0.8464363217353821,0.8589217662811279,0.8400596976280212,0.8186880946159363,0.8182713389396667,0.8284943103790283,0.8251808285713196,0.8281928300857544,0.8333128094673157,0.8404406905174255,0.8822305798530579,0.9047116637229919,0.8860487937927246,0.8590817451477051,0.8931215405464172,0.9079542756080627,0.9145951271057129,0.9430125951766968,0.9428064823150635,0.9431369304656982,0.959501326084137,0.97428297996521,0.9556136727333069,0.9606481790542603,0.9666810631752014,0.9686567783355713,0.9783049821853638,0.9865859746932983,0.9872280955314636,0.9555419683456421,0.942918598651886,0.9616839289665222,0.9541988372802734,0.9339722394943237,0.9352043271064758,0.9217808842658997,0.915860652923584,0.9001107215881348,0.9034531116485596,0.8907755017280579
65,0.8847395181655884,0.8825204968452454,0.89507657289505,0.8932304382324219,0.9082677364349365,0.9246383905410767,0.9289127588272095,0.9289081692695618,0.9392431974411011,0.9509859681129456,0.9393389225006104,0.9370152354240417,0.9777820706367493,1.000000238418579,0.9825191497802734,0.9638221263885498,0.945035994052887,0.9558863043785095,0.957629919052124,0.9505963325500488,0.9451324343681335,0.9382736086845398,0.9391773343086243,0.9265384078025818,0.9054759740829468,0.8998078107833862,0.8951509594917297,0.9107834100723267,0.8990355134010315,0.9021161794662476,0.8835285902023315,0.8766506910324097,0.8423514366149902,0.8617008924484253,0.8439003229141235,0.82769775390625,0.8275837302207947,0.8289485573768616,0.8255786299705505,0.827333390712738,0.8291888236999512,0.8400209546089172,0.8797060251235962,0.892237663269043,0.884325385093689,0.8605333566665649,0.8907060623168945,0.9056272506713867,0.9094932079315186,0.9433932900428772,0.9411339163780212,0.943122148513794,0.9564799070358276,0.9570456743240356,0.9632685780525208,0.9601922035217285,0.9594229459762573,0.9613193273544312,0.9700209498405457,0.9785420894622803,0.9757009148597717,0.9422293305397034,0.9259496927261353,0.9431825280189514,0.9371504783630371,0.9248907566070557,0.9314290285110474,0.9155268669128418,0.9109151363372803,0.8940364122390747,0.8995345830917358,0.893495500087738
70,0.8880026340484619,0.8758439421653748,0.8927087187767029,0.8894175887107849,0.9008570909500122,0.9208208918571472,0.9312334656715393,0.9281734824180603,0.944473385810852,0.958760678768158,0.9424247741699219,0.9441511034965515,0.9858925342559814,0.9825191497802734,1.000000238418579,0.9877578020095825,0.9735009670257568,0.9658800363540649,0.9515007734298706,0.9615623950958252,0.9510754346847534,0.9438678026199341,0.9418076872825623,0.9429833292961121,0.9189705848693848,0.9114071726799011,0.8970168232917786,0.9095279574394226,0.8979681730270386,0.9064650535583496,0.8835489749908447,0.8751183748245239,0.8387030363082886,0.850542426109314,0.831809401512146,0.8132414221763611,0.8162319660186768,0.81951504945755,0.8136404752731323,0.8155756592750549,0.8203331232070923,0.8335424661636353,0.8754379153251648,0.8955979347229004,0.8831415772438049,0.8502039909362793,0.8846567869186401,0.90425044298172,0.9113978147506714,0.9368113279342651,0.9339945912361145,0.9440779685974121,0.9541160464286804,0.9723795652389526,0.9554948806762695,0.9581016302108765,0.9737021327018738,0.9800801873207092,0.9882409572601318,0.9835361242294312,0.9795633554458618,0.9507917165756226,0.9373209476470947,0.9525457620620728,0.9395262002944946,0.9215314388275146,0.9275007247924805,0.9109283089637756,0.9138928651809692,0.8925414085388184,0.8960735201835632,0.8869956731796265
75,0.8845717906951904,0.8646236658096313,0.8804835677146912,0.8753397464752197,0.8861943483352661,0.907670259475708,0.9143086671829224,0.9178608655929565,0.9391486644744873,0.9524958729743958,0.9281211495399475,0.9307262301445007,0.9780066013336182,0.9638221263885498,0.9877578020095825,1.0,0.9847829341888428,0.9685554504394531,0.9432664513587952,0.9635030031204224,0.9504171013832092,0.9440027475357056,0.9396119117736816,0.9461857080459595,0.9209448099136353,0.9095031023025513,0.8855986595153809,0.8970416188240051,0.8834342360496521,0.8939710855484009,0.8656762838363647,0.8568904399871826,0.8227171301841736,0.8355618119239807,0.8197214603424072,0.8026595115661621,0.8047741055488586,0.8096729516983032,0.7998920679092407,0.8043529987335205,0.8065305948257446,0.8207904100418091,0.8627539873123169,0.8840365409851074,0.8677666187286377,0.8327391147613525,0.8701812028884888,0.8944967985153198,0.9055002927780151,0.926462709903717,0.9230881929397583,0.9370908737182617,0.9474631547927856,0.9726157188415527,0.9387614727020264,0.9529141187667847,0.9733397364616394,0.9806853532791138,0.9865100383758545,0.9761850237846375,0.9750024080276489,0.9393431544303894,0.9269365668296814,0.9463787078857422,0.9331187009811401,0.9113107919692993,0.9112669825553894,0.8926912546157837,0.9008083343505859,0.8736202120780945,0.8808555006980896,0.8752216100692749
80,0.8731834888458252,0.8460296392440796,0.8667553067207336,0.8605234622955322,0.873712956905365,0.9008535742759705,0.9031036496162415,0.913550853729248,0.9350804686546326,0.9467167854309082,0.9201494455337524,0.9201579093933105,0.972020149230957,0.945035994052887,0.9735009670257568,0.9847829341888428,0.9999997615814209,0.9780658483505249,0.9454942941665649,0.9704702496528625,0.9538752436637878,0.9407416582107544,0.9367738962173462,0.9433971643447876,0.9164875149726868,0.9091799259185791,0.8895610570907593,0.8960866928100586,0.8817864656448364,0.8927544951438904,0.8651378154754639,0.8520542979240417,0.8261206746101379,0.8352760672569275,0.8187143206596375,0.7992557287216187,0.8011559247970581,0.8118306398391724,0.8022441864013672,0.8051447868347168,0.8101769685745239,0.8218733668327332,0.8616377115249634,0.8860815167427063,0.8693085312843323,0.840645432472229,0.8736496567726135,0.8933723568916321,0.9062361121177673,0.9142903089523315,0.9176450967788696,0.9348176717758179,0.9439076781272888,0.9734201431274414,0.9303182363510132,0.9482887387275696,0.9647752046585083,0.9644542932510376,0.9708752036094666,0.9690918326377869,0.9663440585136414,0.9239128828048706,0.9133710265159607,0.9366289377212524,0.929657518863678,0.9030799865722656,0.8987559080123901,0.8825758695602417,0.889502227306366,0.8639910817146301,0.8669042587280273,0.8574917912483215
85,0.8866690993309021,0.8677811026573181,0.8850013017654419,0.8789463639259338,0.8926548361778259,0.9193509817123413,0.9117993116378784,0.9275023937225342,0.9399069547653198,0.9495233297348022,0.9331948757171631,0.9308051466941833,0.9776649475097656,0.9558863043785095,0.9658800363540649,0.9685554504394531,0.9780658483505249,1.0,0.9769507646560669,0.9854058027267456,0.9715940356254578,0.9592165350914001,0.9518192410469055,0.94590824842453,0.9336678981781006,0.9272211194038391,0.9210405349731445,0.9247699975967407,0.9080891609191895,0.9210199117660522,0.893783450126648,0.8855241537094116,0.8564338088035583,0.8755252361297607,0.8579239249229431,0.8312337398529053,0.8320024609565735,0.844649612903595,0.8438822031021118,0.8463085889816284,0.8513785004615784,0.8580118417739868,0.8993240594863892,0.9160629510879517,0.8960631489753723,0.8777410387992859,0.9102430939674377,0.9232684969902039,0.9308729767799377,0.9419907927513123,0.9470803141593933,0.947682797908783,0.966733455657959,0.9769073724746704,0.9594506621360779,0.9757797122001648,0.9646517634391785,0.9539265036582947,0.9619529247283936,0.9738351106643677,0.970490574836731,0.9251736998558044,0.9131987690925598,0.9374295473098755,0.9394999146461487,0.9150271415710449,0.9119300842285156,0.9074944257736206,0.8994549512863159,0.8840460777282715,0.8869919180870056,0.8772560954093933
90,0.8948877453804016,0.8858740925788879,0.9001573920249939,0.902795135974884,0.9132734537124634,0.9327986240386963,0.9239495396614075,0.9417855739593506,0.9414984583854675,0.9451253414154053,0.9400603175163269,0.9385507106781006,0.963823676109314,0.957629919052124,0.9515007734298706,0.9432664513587952,0.9454942941665649,0.9769507646560669,0.9999997615814209,0.9766387939453125,0.9566116333007812,0.9396296739578247,0.922728419303894,0.907019317150116,0.8891494870185852,0.8860280513763428,0.8921427726745605,0.9133716225624084,0.9005686640739441,0.9127547144889832,0.8959146738052368,0.893064022064209,0.8626561164855957,0.8869419097900391,0.8667404651641846,0.8435120582580566,0.8368309736251831,0.8526139855384827,0.8483479022979736,0.8490899801254272,0.8500264883041382,0.8464741110801697,0.8799225091934204,0.9001930952072144,0.8863146305084229,0.870561957359314,0.8912004232406616,0.8943576812744141,0.8962206840515137,0.9367468953132629,0.9388853311538696,0.9375503659248352,0.9622190594673157,0.9629799127578735,0.971389889717102,0.969558596611023,0.9478874206542969,0.9317432641983032,0.9344347715377808,0.9723139405250549,0.9637711048126221,0.932174563407898,0.9203833341598511,0.9409847259521484,0.9460963010787964,0.9341046810150146,0.9320091009140015,0.9246429204940796,0.9081711769104004,0.9069592356681824,0.9034315347671509,0.8838326334953308
95,0.893393337726593,0.8767229318618774,0.8935875296592712,0.8893234729766846,0.8933754563331604,0.9225208163261414,0.9116408824920654,0.9334575533866882,0.9406920075416565,0.9458373785018921,0.9307977557182312,0.926392674446106,0.9705326557159424,0.9505963325500488,0.9615623950958252,0.9635030031204224,0.9704702496528625,0.9854058027267456,0.9766387939453125,1.000000238418579,0.9852350950241089,0.970500111579895,0.9560064673423767,0.9486844539642334,0.934505820274353,0.9302716851234436,0.9246429800987244,0.933842122554779,0.9196563363075256,0.9328404664993286,0.9087599515914917,0.9010117053985596,0.872532308101654,0.8926414251327515,0.8755334615707397,0.8491036891937256,0.8462348580360413,0.8620678782463074,0.8599808216094971,0.8628515005111694,0.8690363764762878,0.870855450630188,0.9055015444755554,0.9296872615814209,0.9105739593505859,0.8915850520133972,0.9205936789512634,0.931061863899231,0.9361954927444458,0.9498486518859863,0.9563722610473633,0.9587070941925049,0.9759225845336914,0.9862536787986755,0.9602795839309692,0.9639714956283569,0.9570075273513794,0.9454981684684753,0.9540613889694214,0.9721583127975464,0.9636925458908081,0.9200742244720459,0.9089892506599426,0.938306450843811,0.9398550391197205,0.9224269986152649,0.9172638654708862,0.9108816385269165,0.8990418910980225,0.8932787179946899,0.8965543508529663,0.8845698833465576
100,0.8722928166389465,0.8641274571418762,0.8785890936851501,0.8689827919006348,0.8717527985572815,0.9004209041595459,0.8865556120872498,0.9086982011795044,0.9180323481559753,0.9227336049079895,0.910950779914856,0.907372236251831,0.9535959959030151,0.9451324343681335,0.9510754346847534,0.9504171013832092,0.9538752436637878,0.9715940356254578,0.9566116333007812,0.9852350950241089,1.0000001192092896,0.9905766248703003,0.9818335771560669,0.9677363038063049,0.96190345287323,0.9605532288551331,0.9558098316192627,0.9559942483901978,0.9396798014640808,0.9431627988815308,0.9186321496963501,0.9128757119178772,0.8788374662399292,0.9026572108268738,0.8866932392120361,0.8586263656616211,0.8604579567909241,0.87019944190979,0.8751876950263977,0.8796812295913696,0.8827697038650513,0.8888691067695618,0.9296323657035828,0.9452189803123474,0.9326748847961426,0.9191856384277344,0.9525989294052124,0.9625075459480286,0.9661469459533691,0.9612225294113159,0.9720683097839355,0.9729254841804504,0.9864523410797119,0.9761766791343689,0.9523192048072815,0.9589666724205017,0.9488990306854248,0.9414219260215759,0.9472916722297668,0.9559545516967773,0.9459070563316345,0.8965960144996643,0.8827430009841919,0.9139430522918701,0.9176875352859497,0.8981615304946899,0.8929981589317322,0.8905767798423767,0.8784322142601013,0.8730960488319397,0.8805549144744873,0.875442624092102
105,0.8675703406333923,0.866446852684021,0.880328357219696,0.8691002130508423,0.8713141083717346,0.8976588249206543,0.8854714035987854,0.9047425389289856,0.9161749482154846,0.9186174869537354,0.9040170311927795,0.9002079367637634,0.9427570104598999,0.9382736086845398,0.9438678026199341,0.9440027475357056,0.9407416582107544,0.9592165350914001,0.9396296739578247,0.970500111579895,0.9905766248703003,1.000000238418579,0.9883729815483093,0.9683145880699158,0.9668283462524414,0.9638873338699341,0.9535694122314453,0.9580639004707336,0.9458706974983215,0.9466052055358887,0.924866259098053,0.9157859086990356,0.8829764723777771,0.9028213024139404,0.8871845006942749,0.858451247215271,0.8635522127151489,0.8681390881538391,0.8751121163368225,0.876818060874939,0.8884791731834412,0.8948662281036377,0.9351261258125305,0.9487123489379883,0.9337056875228882,0.9157164096832275,0.9532948732376099,0.9661080837249756,0.9690254926681519,0.96009761095047,0.9688697457313538,0.9731500744819641,0.9797228574752808,0.9696234464645386,0.9440182447433472,0.9549837112426758,0.9469640254974365,0.9384750723838806,0.9453608393669128,0.9462662935256958,0.9381284713745117,0.8916261196136475,0.8815653920173645,0.9088349342346191,0.9125324487686157,0.8949158787727356,0.8905014991760254,0.8910688161849976,0.8807812929153442,0.8729727864265442,0.8804820775985718,0.8788622617721558
110,0.8523657917976379,0.8514686226844788,0.8637411594390869,0.8495790362358093,0.8562175035476685,0.884583592414856,0.8744579553604126,0.884633481502533,0.9011138677597046,0.9100398421287537,0.8945088982582092,0.8921611309051514,0.940093994140625,0.9391773343086243,0.9418076872825623,0.9396119117736816,0.9367738962173462,0.9518192410469055,0.922728419303894,0.9560064673423767,0.9818335771560669,0.9883729815483093,1.0,0.9827370643615723,0.9772194027900696,0.9762516617774963,0.965955376625061,0.9613773822784424,0.9462292790412903,0.942706823348999,0.919763445854187,0.9119054079055786,0.8757532835006714,0.8951890468597412,0.8790708780288696,0.8489673733711243,0.8571915626525879,0.8580787181854248,0.869194507598877,0.8749972581863403,0.8819634914398193,0.8936763405799866,0.9401581883430481,0.9470735788345337,0.9364438056945801,0.9187418222427368,0.9596006870269775,0.9744691848754883,0.9790142774581909,0.9654257297515869,0.9746997356414795,0.9746293425559998,0.9740322828292847,0.9577892422676086,0.9366819858551025,0.9476245045661926,0.9460064172744751,0.942599892616272,0.9481868147850037,0.938118040561676,0.9332581162452698,0.8854950666427612,0.8715740442276001,0.8973832726478577,0.8981020450592041,0.876044750213623,0.8752233982086182,0.8728342652320862,0.8684478998184204,0.8545668125152588,0.8662828803062439,0.8688779473304749
115,0.8457763195037842,0.8366528153419495,0.8426668047904968,0.8276868462562561,0.8347899913787842,0.8682346940040588,0.8615157604217529,0.8675944209098816,0.8889477849006653,0.9086003303527832,0.8865857124328613,0.891340970993042,0.9395134449005127,0.9265384078025818,0.9429833292961121,0.9461857080459595,0.9433971643447876,0.94590824842453,0.907019317150116,0.9486844539642334,0.9677363038063049,0.9683145880699158,0.9827370643615723,1.0000001192092896,0.9816608428955078,0.9838298559188843,0.9629337191581726,0.9429832100868225,0.929197371006012,0.9394665360450745,0.9054459929466248,0.9013910293579102,0.8490185737609863,0.8678982853889465,0.8479068279266357,0.8151006698608398,0.8230280876159668,0.821727454662323,0.8385668992996216,0.8496626615524292,0.8486562967300415,0.8641663789749146,0.9175695180892944,0.934736430644989,0.9206048250198364,0.8925497531890869,0.9449756145477295,0.9616972804069519,0.9665229320526123,0.9572649002075195,0.9630805850028992,0.9581843018531799,0.9611687660217285,0.9528995156288147,0.9186325669288635,0.9283500909805298,0.9398916959762573,0.9445227980613708,0.9497883915901184,0.9338367581367493,0.9295940399169922,0.8885758519172668,0.8739718794822693,0.895928680896759,0.8877805471420288,0.8628250360488892,0.8656501770019531,0.8516584634780884,0.8496777415275574,0.8318150639533997,0.8481603860855103,0.8515989780426025
120,0.8170195817947388,0.8081066012382507,0.8136069774627686,0.7952067852020264,0.8036264181137085,0.8378267288208008,0.8288533687591553,0.8387473821640015,0.8558275103569031,0.873345136642456,0.857929527759552,0.8612478375434875,0.9161736369132996,0.9054759740829468,0.9189705848693848,0.9209448099136353,0.9164875149726868,0.9336678981781006,0.8891494870185852,0.934505820274353,0.96190345287323,0.9668283462524414,0.9772194027900696,0.9816608428955078,1.0000001192092896,0.9892133474349976,0.9718657732009888,0.9488192796707153,0.9331368803977966,0.9398227334022522,0.9062527418136597,0.9019421339035034,0.8577017784118652,0.8788036704063416,0.8629387617111206,0.8238899111747742,0.8372312188148499,0.8351835012435913,0.8564658761024475,0.8654078245162964,0.8665405511856079,0.8811888694763184,0.9343483448028564,0.9416765570640564,0.9208822250366211,0.9021162390708923,0.9561069011688232,0.9708997011184692,0.9764556884765625,0.9501569271087646,0.955836296081543,0.940256655216217,0.9486767053604126,0.9301402568817139,0.9053908586502075,0.9251505136489868,0.9188275933265686,0.9181843400001526,0.929782509803772,0.907356858253479,0.9012055397033691,0.850371241569519,0.835033118724823,0.8580450415611267,0.8545847535133362,0.8288342952728271,0.8291933536529541,0.8254668116569519,0.817615807056427,0.7995138168334961,0.8181664943695068,0.8279123306274414
125,0.8179537653923035,0.81371009349823,0.8194155097007751,0.8013201355934143,0.8096882104873657,0.8461279273033142,0.8318548798561096,0.842392086982727,0.8580291271209717,0.8741996884346008,0.8600974082946777,0.8603121042251587,0.9112609028816223,0.8998078107833862,0.9114071726799011,0.9095031023025513,0.9091799259185791,0.9272211194038391,0.8860280513763428,0.9302716851234436,0.9605532288551331,0.9638873338699341,0.9762516617774963,0.9838298559188843,0.9892133474349976,1.0000001192092896,0.9845603704452515,0.9561702609062195,0.9438629150390625,0.9479291439056396,0.9166523218154907,0.9136916399002075,0.86214679479599,0.8873238563537598,0.8692197203636169,0.8323644995689392,0.8415151238441467,0.8379788398742676,0.8646352887153625,0.8752597570419312,0.874810516834259,0.88930344581604,0.9403918385505676,0.9507086277008057,0.9386163353919983,0.9177096486091614,0.9694180488586426,0.9804680347442627,0.9797510504722595,0.9520931839942932,0.9594727158546448,0.9457287788391113,0.9498298168182373,0.9280842542648315,0.9033942818641663,0.9138008952140808,0.9083971977233887,0.9075044393539429,0.9190583229064941,0.9041020274162292,0.894696056842804,0.8490942120552063,0.835944414138794,0.8597861528396606,0.8592674136161804,0.8347159028053284,0.8361165523529053,0.830226719379425,0.8207281231880188,0.8072970509529114,0.8258861303329468,0.8337416052818298
130,0.8243281245231628,0.8239480257034302,0.8287912011146545,0.8127011060714722,0.8188557028770447,0.852785050868988,0.8324477672576904,0.8473124504089355,0.8558377027511597,0.8687934279441833,0.8621699213981628,0.8586959838867188,0.9044598937034607,0.8951509594917297,0.8970168232917786,0.8855986595153809,0.8895610570907593,0.9210405349731445,0.8921427726745605,0.9246429800987244,0.9558098316192627,0.9535694122314453,0.965955376625061,0.9629337191581726,0.9718657732009888,0.9845603704452515,1.0000001192092896,0.9724724292755127,0.961248517036438,0.9589675068855286,0.9340752959251404,0.9336615204811096,0.8858276009559631,0.9138177037239075,0.8964864015579224,0.8588483929634094,0.8661485910415649,0.865366518497467,0.8967799544334412,0.9049757719039917,0.9012464880943298,0.9116121530532837,0.9558169841766357,0.9620354175567627,0.957789957523346,0.9515170454978943,0.9876459836959839,0.9847986698150635,0.97798091173172,0.9576536417007446,0.9674733281135559,0.9478122591972351,0.9516912698745728,0.9198857545852661,0.9131240248680115,0.9115397930145264,0.8914874196052551,0.8851891756057739,0.8972506523132324,0.8971756100654602,0.8831337094306946,0.8388108611106873,0.8271201252937317,0.8556089997291565,0.8594392538070679,0.8382293581962585,0.8372890949249268,0.8396718502044678,0.8201888203620911,0.8185012936592102,0.8365062475204468,0.845658540725708
135,0.8555643558502197,0.8574430346488953,0.8643215298652649,0.8520344495773315,0.8614470362663269,0.8844097852706909,0.8659756183624268,0.8797354698181152,0.8877733945846558,0.892615020275116,0.8821570873260498,0.8831753730773926,0.9119241833686829,0.9107834100723267,0.9095279574394226,0.8970416188240051,0.8960866928100586,0.9247699975967407,0.9133716225624084,0.933842122554779,0.9559942483901978,0.9580639004707336,0.9613773822784424,0.9429832100868225,0.9488192796707153,0.9561702609062195,0.9724724292755127,1.0,0.9917991161346436,0.977935791015625,0.969395101070404,0.9639492630958557,0.9372129440307617,0.9556354284286499,0.9445294141769409,0.9166832566261292,0.9218041896820068,0.9239171147346497,0.9345904588699341,0.9384571313858032,0.9409565925598145,0.9524341821670532,0.9753814935684204,0.9819225072860718,0.9832509756088257,0.970585286617279,0.9782814383506775,0.9751487970352173,0.971346914768219,0.9740723371505737,0.9749077558517456,0.9623815417289734,0.957396388053894,0.9313116073608398,0.9385677576065063,0.936564028263092,0.9111510515213013,0.903535008430481,0.908222496509552,0.912487268447876,0.8997513055801392,0.8645700216293335,0.8554775714874268,0.8797341585159302,0.8832554817199707,0.8699666857719421,0.8673982620239258,0.8744667768478394,0.8603346943855286,0.8591144680976868,0.8675480484962463,0.874322772026062
140,0.8521542549133301,0.8588102459907532,0.8668470978736877,0.8558001518249512,0.8650360703468323,0.8867394924163818,0.8679410815238953,0.879454493522644,0.8850913047790527,0.8893129229545593,0.8794241547584534,0.8807976245880127,0.8987690210342407,0.8990355134010315,0.8979681730270386,0.8834342360496521,0.8817864656448364,0.9080891609191895,0.9005686640739441,0.9196563363075256,0.9396798014640808,0.9458706974983215,0.9462292790412903,0.929197371006012,0.9331368803977966,0.9438629150390625,0.961248517036438,0.9917991161346436,1.0,0.9812334179878235,0.9778555631637573,0.9717500805854797,0.9451081156730652,0.9615337252616882,0.9520719051361084,0.9255855083465576,0.9305530786514282,0.9300110936164856,0.9427136182785034,0.9453532695770264,0.9507332444190979,0.961020290851593,0.9749115109443665,0.9830886125564575,0.9888278245925903,0.9719159007072449,0.9712638854980469,0.9644715785980225,0.9560900330543518,0.9654122591018677,0.9638155698776245,0.9522535800933838,0.9443677663803101,0.9200999140739441,0.9309834837913513,0.9204416275024414,0.8960260152816772,0.889421820640564,0.8949986100196838,0.9032256603240967,0.8891859650611877,0.8642057180404663,0.8575382828712463,0.8759788274765015,0.879608154296875,0.871546745300293,0.870313286781311,0.8764777779579163,0.8618131875991821,0.8631272912025452,0.8702245354652405,0.8770797252655029
