,0,5,10,15,20,25,30,35,40,45,50,55,60,65,70,75,80,85,90,95,100,105,110,115,120,125,130,135,140,145,150,155,160,165,170,175,180,185,190,195,200,205,210,215,220,225,230,235,240,245,250,255,260,265,270,275,280,285,290,295,300,305,310,315,320,325,330,335,340,345,350,355
0,1.0,0.9105387330055237,0.8521857857704163,0.8549537658691406,0.8138418793678284,0.820456326007843,0.8199856281280518,0.8241056799888611,0.7984049320220947,0.8042359352111816,0.7970808744430542,0.7983687520027161,0.7974677681922913,0.7468990087509155,0.7439836263656616,0.7453804016113281,0.760927677154541,0.7446368336677551,0.7615606188774109,0.734623372554779,0.7170959115028381,0.6972485780715942,0.6184283494949341,0.5392745137214661,0.5319756269454956,0.43712642788887024,0.3828844428062439,0.3038926124572754,0.22996099293231964,0.2279946506023407,0.23034034669399261,0.25559115409851074,0.22821494936943054,0.21676543354988098,0.23103997111320496,0.1995900273323059,0.16256381571292877,0.16126585006713867,0.1762082427740097,0.2131463587284088,0.24075156450271606,0.2780539393424988,0.2176508903503418,0.2932990789413452,0.24758923053741455,0.3582664728164673,0.4306006133556366,0.4701785147190094,0.5171269774436951,0.5658363699913025,0.6602749824523926,0.7204108238220215,0.7365434169769287,0.7423452138900757,0.7610687017440796,0.7516719102859497,0.767680287361145,0.7823702096939087,0.7634676694869995,0.7802237272262573,0.817764163017273,0.8157365322113037,0.803777813911438,0.8326209783554077,0.825023353099823,0.8010121583938599,0.818069577217102,0.8495721817016602,0.8275308012962341,0.854469895362854,0.8513896465301514,0.9020428657531738
5,0.9105387330055237,1.000000238418579,0.9548527598381042,0.9435709714889526,0.930966854095459,0.9342430233955383,0.9259623289108276,0.9160940051078796,0.9037797451019287,0.9003883600234985,0.8841860294342041,0.8835369348526001,0.8769254088401794,0.8497297167778015,0.845008909702301,0.8291319608688354,0.8151469826698303,0.7983276844024658,0.7986338138580322,0.7510617971420288,0.7346668839454651,0.7178542613983154,0.6402117013931274,0.5553048253059387,0.5272266864776611,0.4182277321815491,0.3785550594329834,0.30484190583229065,0.2443145215511322,0.23808695375919342,0.24140724539756775,0.2684449553489685,0.23817801475524902,0.23281237483024597,0.23652683198451996,0.21739572286605835,0.19053614139556885,0.19164694845676422,0.19730687141418457,0.2282489836215973,0.2623828947544098,0.29793933033943176,0.2364097535610199,0.3050011992454529,0.26353907585144043,0.3640311062335968,0.41642236709594727,0.47232785820961,0.4998116195201874,0.5604723691940308,0.6429072618484497,0.726813793182373,0.737844705581665,0.7762072682380676,0.7884800434112549,0.7731951475143433,0.8198752403259277,0.8355305194854736,0.8262107968330383,0.8473787307739258,0.8520361185073853,0.8478984832763672,0.8657904267311096,0.910086452960968,0.9070031046867371,0.8994101881980896,0.9123252034187317,0.9206938147544861,0.9196534156799316,0.9346343278884888,0.9572683572769165,0.9802126884460449
10,0.8521857857704163,0.9548527598381042,1.0,0.9589890241622925,0.9477257132530212,0.94245445728302,0.9311416149139404,0.930590033531189,0.92172771692276,0.9145442843437195,0.8992160558700562,0.8887017965316772,0.8778661489486694,0.8603452444076538,0.8600285649299622,0.8197349309921265,0.826236367225647,0.8060401678085327,0.7896810173988342,0.7487613558769226,0.7433709502220154,0.7233847975730896,0.6468040943145752,0.5711666345596313,0.5324054956436157,0.4239022731781006,0.3931009769439697,0.3257199227809906,0.25934988260269165,0.24931471049785614,0.25757160782814026,0.27651870250701904,0.24621984362602234,0.2335040122270584,0.21894212067127228,0.20086625218391418,0.17828530073165894,0.18680353462696075,0.19833703339099884,0.2277694046497345,0.2772619426250458,0.30801981687545776,0.24999825656414032,0.3161240220069885,0.281272292137146,0.37425321340560913,0.4239371418952942,0.47761270403862,0.4959700107574463,0.5594972968101501,0.6403193473815918,0.7410911917686462,0.7374054193496704,0.7753048539161682,0.7871003150939941,0.7740145921707153,0.822934627532959,0.8296648859977722,0.8338600397109985,0.8500039577484131,0.8427513241767883,0.8420740365982056,0.8544538021087646,0.906527578830719,0.9087920188903809,0.908794641494751,0.9250705242156982,0.9271220564842224,0.9367237687110901,0.949467658996582,0.9807429313659668,0.949679970741272
15,0.8549537658691406,0.9435709714889526,0.9589890241622925,0.9999998211860657,0.9619625210762024,0.9568374156951904,0.947722315788269,0.9270720481872559,0.9063844084739685,0.9078580141067505,0.8927515149116516,0.8949300050735474,0.8880153894424438,0.8765649795532227,0.8671928644180298,0.8348692655563354,0.8326733112335205,0.8000085353851318,0.7898292541503906,0.7549481391906738,0.7445034384727478,0.7260953187942505,0.6478984355926514,0.5751089453697205,0.5362589955329895,0.43139779567718506,0.3978797197341919,0.3160080015659332,0.25067374110221863,0.24315136671066284,0.2522193491458893,0.26312053203582764,0.23770906031131744,0.22507326304912567,0.2067566215991974,0.1875467300415039,0.1633109301328659,0.17548835277557373,0.19014066457748413,0.21992087364196777,0.2668885588645935,0.2952299118041992,0.24329736828804016,0.3120308518409729,0.27971047163009644,0.36656010150909424,0.419330358505249,0.47123146057128906,0.5057635307312012,0.5688704252243042,0.6400090456008911,0.7384382486343384,0.7373447418212891,0.7834665179252625,0.7917239665985107,0.766676664352417,0.8341575860977173,0.8464083671569824,0.8403606414794922,0.8624013066291809,0.8466330170631409,0.8335957527160645,0.8401937484741211,0.8976008296012878,0.9063960313796997,0.9201548099517822,0.9392496943473816,0.9412381649017334,0.9619189500808716,0.9793148636817932,0.9661610126495361,0.9424893856048584
20,0.8138418793678284,0.930966854095459,0.9477257132530212,0.9619625210762024,1.0000001192092896,0.9804487824440002,0.9815783500671387,0.9625654816627502,0.9354507327079773,0.9378743171691895,0.9219875931739807,0.9282459020614624,0.9152755737304688,0.9104017019271851,0.9057183265686035,0.8717029094696045,0.8607866168022156,0.8285985589027405,0.8136361837387085,0.7729185819625854,0.7681976556777954,0.7546436786651611,0.6886346340179443,0.6051780581474304,0.5874552130699158,0.4808560907840729,0.44447243213653564,0.3679215908050537,0.3022584915161133,0.2921324372291565,0.3057006001472473,0.32248780131340027,0.29426491260528564,0.27997317910194397,0.2601717710494995,0.2390124499797821,0.21819953620433807,0.23117586970329285,0.24554628133773804,0.2765212655067444,0.3216022253036499,0.3573293387889862,0.29950353503227234,0.3662591278553009,0.3239579200744629,0.4264671206474304,0.4685848355293274,0.5240405797958374,0.5483903884887695,0.6049160361289978,0.6741127371788025,0.7647655010223389,0.7639250755310059,0.8060125112533569,0.817041277885437,0.7988225221633911,0.8626933097839355,0.8576926589012146,0.8741135001182556,0.8888843655586243,0.8630782961845398,0.8490458130836487,0.8658818006515503,0.9241046905517578,0.9329248070716858,0.9545268416404724,0.9620561599731445,0.9522321820259094,0.9613966345787048,0.9562198519706726,0.9501002430915833,0.9304027557373047
25,0.820456326007843,0.9342430233955383,0.94245445728302,0.9568374156951904,0.9804487824440002,1.0,0.9807193279266357,0.9696233868598938,0.9456540942192078,0.947239875793457,0.937766432762146,0.9409910440444946,0.9253037571907043,0.9093312621116638,0.9120893478393555,0.8894037008285522,0.8616828918457031,0.8364314436912537,0.8262847661972046,0.7804141640663147,0.7729052901268005,0.7561900019645691,0.6957199573516846,0.6129835247993469,0.5920893549919128,0.48431432247161865,0.4478200674057007,0.3572499752044678,0.2944139242172241,0.2865970730781555,0.2962975800037384,0.3159242868423462,0.2871969938278198,0.2719523310661316,0.2608718276023865,0.23720063269138336,0.2143663763999939,0.22708529233932495,0.2385154366493225,0.26959261298179626,0.30930930376052856,0.34549054503440857,0.29279208183288574,0.35877537727355957,0.31670236587524414,0.41572293639183044,0.4663097560405731,0.5273776650428772,0.5559629797935486,0.61236971616745,0.6760756373405457,0.7673680782318115,0.7682207226753235,0.8177339434623718,0.8295561075210571,0.8060275912284851,0.8767282962799072,0.8763239979743958,0.8810898065567017,0.8989908695220947,0.8849901556968689,0.8716976046562195,0.8952631950378418,0.9419113397598267,0.9505313634872437,0.9604902863502502,0.9667656421661377,0.9676469564437866,0.9600487947463989,0.9510635137557983,0.9449366331100464,0.929671585559845
30,0.8199856281280518,0.9259623289108276,0.9311416149139404,0.947722315788269,0.9815783500671387,0.9807193279266357,0.9999998211860657,0.9778340458869934,0.9516016244888306,0.957554817199707,0.9425187706947327,0.9502468109130859,0.9343724250793457,0.9269481897354126,0.924687385559082,0.9018465280532837,0.8797436952590942,0.8485628366470337,0.8354058861732483,0.7909572124481201,0.7853997349739075,0.7692358493804932,0.707724928855896,0.6201856136322021,0.6043905019760132,0.4959656596183777,0.4540376663208008,0.3701930344104767,0.30351442098617554,0.2915742099285126,0.30807095766067505,0.32677653431892395,0.29616379737854004,0.2838342487812042,0.26918134093284607,0.24740661680698395,0.22517210245132446,0.23603343963623047,0.2472609281539917,0.2805977165699005,0.32018887996673584,0.36285507678985596,0.30436280369758606,0.3693336546421051,0.3275647759437561,0.43360739946365356,0.47944551706314087,0.5361539125442505,0.5676658749580383,0.6235701441764832,0.6899679899215698,0.7772361040115356,0.7817318439483643,0.82890784740448,0.8440904021263123,0.8207188844680786,0.8899430632591248,0.883118212223053,0.8970492482185364,0.9111411571502686,0.8886873722076416,0.8755367994308472,0.8931397199630737,0.9430099725723267,0.9540529847145081,0.9680925607681274,0.9771451950073242,0.9647930860519409,0.9575791358947754,0.9453541040420532,0.934264063835144,0.9235010147094727
35,0.8241056799888611,0.9160940051078796,0.930590033531189,0.9270720481872559,0.9625654816627502,0.9696233868598938,0.9778340458869934,1.0000001192092896,0.9755953550338745,0.9737246632575989,0.9623982906341553,0.9566929340362549,0.9348799586296082,0.9181308150291443,0.9208419919013977,0.8890451192855835,0.8821946978569031,0.854422926902771,0.836862325668335,0.7901002168655396,0.7926551103591919,0.7739155888557434,0.7132276892662048,0.6279877424240112,0.6088812351226807,0.5058884620666504,0.46220535039901733,0.3818208575248718,0.3140977919101715,0.3066859245300293,0.32070645689964294,0.3398137390613556,0.30701056122779846,0.2917310893535614,0.2795960605144501,0.2537127137184143,0.23137128353118896,0.2407768964767456,0.2547330856323242,0.29120004177093506,0.32907962799072266,0.37212640047073364,0.3139393627643585,0.38297566771507263,0.33594846725463867,0.4457719326019287,0.49237722158432007,0.5512540936470032,0.5773106217384338,0.6348422765731812,0.6995087265968323,0.7870420217514038,0.7920264601707458,0.8295839428901672,0.8445343971252441,0.8262470960617065,0.8912250399589539,0.8870060443878174,0.8962623476982117,0.9138566255569458,0.901561975479126,0.8994529247283936,0.9188226461410522,0.9613994359970093,0.9653518199920654,0.9720025062561035,0.9680085182189941,0.9543631672859192,0.9439682364463806,0.9259604215621948,0.9266796708106995,0.9161636829376221
40,0.7984049320220947,0.9037797451019287,0.92172771692276,0.9063844084739685,0.9354507327079773,0.9456540942192078,0.9516016244888306,0.9755953550338745,1.0,0.969757080078125,0.9634330868721008,0.9455515742301941,0.9349056482315063,0.9155433773994446,0.9164825677871704,0.875785768032074,0.8870301246643066,0.8619049787521362,0.8422120809555054,0.7928763031959534,0.8012505769729614,0.7789870500564575,0.7215278148651123,0.6463704109191895,0.6097992658615112,0.512211799621582,0.4682081937789917,0.39425814151763916,0.32692304253578186,0.319160133600235,0.3292490839958191,0.35085147619247437,0.3160489797592163,0.29416385293006897,0.27748554944992065,0.2524498701095581,0.22769318521022797,0.23556193709373474,0.24958820641040802,0.2872607707977295,0.34184473752975464,0.37937748432159424,0.3209296464920044,0.39113515615463257,0.3458063006401062,0.45111945271492004,0.49853506684303284,0.564228355884552,0.5824029445648193,0.6441264152526855,0.7036534547805786,0.7977261543273926,0.8037009239196777,0.8376644253730774,0.8456568717956543,0.8253954648971558,0.8884138464927673,0.889275074005127,0.8953699469566345,0.9106464982032776,0.8962677717208862,0.9036047458648682,0.9248363375663757,0.9635547995567322,0.9633615016937256,0.9533412456512451,0.9512864947319031,0.9331503510475159,0.9261448979377747,0.9010860919952393,0.9203971028327942,0.9077959060668945
45,0.8042359352111816,0.9003883600234985,0.9145442843437195,0.9078580141067505,0.9378743171691895,0.947239875793457,0.957554817199707,0.9737246632575989,0.969757080078125,1.000000238418579,0.97501540184021,0.9653337001800537,0.9523535370826721,0.9351773262023926,0.9295327663421631,0.8997064828872681,0.8990969061851501,0.8778591752052307,0.8599874377250671,0.8065151572227478,0.8055869340896606,0.7884463667869568,0.7323271036148071,0.651107668876648,0.63193279504776,0.5249906182289124,0.4787960648536682,0.40124404430389404,0.33424341678619385,0.318999707698822,0.3316264748573303,0.3493816554546356,0.312034010887146,0.2912624478340149,0.27567026019096375,0.25062429904937744,0.22865547239780426,0.24056419730186462,0.25238633155822754,0.2887853682041168,0.3391034007072449,0.3851217031478882,0.32871806621551514,0.3997395634651184,0.35363543033599854,0.46427059173583984,0.5156880021095276,0.5768726468086243,0.5992090106010437,0.6565843820571899,0.7187336683273315,0.8033335208892822,0.8121635913848877,0.8466224670410156,0.863030731678009,0.848006546497345,0.9080159664154053,0.9065326452255249,0.9170718789100647,0.9298626780509949,0.9264479279518127,0.92486172914505,0.9367382526397705,0.9671827554702759,0.966494083404541,0.9569783210754395,0.9487866163253784,0.9459390044212341,0.9239625930786133,0.9090645909309387,0.9097939729690552,0.8984294533729553
50,0.7970808744430542,0.8841860294342041,0.8992160558700562,0.8927515149116516,0.9219875931739807,0.937766432762146,0.9425187706947327,0.9623982906341553,0.9634330868721008,0.97501540184021,0.9999998211860657,0.9652082920074463,0.9483857154846191,0.9279145002365112,0.9345420002937317,0.8981343507766724,0.9074333310127258,0.894402801990509,0.8776207566261292,0.8243703246116638,0.8261125087738037,0.8021033406257629,0.7453557848930359,0.6642246246337891,0.6445224285125732,0.5473783016204834,0.4983162581920624,0.4185557961463928,0.3425772786140442,0.3347575068473816,0.34191712737083435,0.3697826862335205,0.3359326720237732,0.3098324239253998,0.300631582736969,0.26487475633621216,0.23998837172985077,0.2521059513092041,0.26601308584213257,0.3079563081264496,0.35426095128059387,0.39781010150909424,0.33858948945999146,0.40790122747421265,0.3580467104911804,0.4635005295276642,0.527063250541687,0.5865722298622131,0.618274450302124,0.6786225438117981,0.7426730394363403,0.8200619220733643,0.8273113965988159,0.863476037979126,0.8770355582237244,0.8610745072364807,0.9150934219360352,0.9207651615142822,0.9206183552742004,0.9363244771957397,0.9373180866241455,0.9412616491317749,0.9569742679595947,0.9638550281524658,0.9616469144821167,0.9494107365608215,0.9402044415473938,0.9340121150016785,0.9118801355361938,0.8916113376617432,0.8936498165130615,0.8856930732727051
55,0.7983687520027161,0.8835369348526001,0.8887017965316772,0.8949300050735474,0.9282459020614624,0.9409910440444946,0.9502468109130859,0.9566929340362549,0.9455515742301941,0.9653337001800537,0.9652082920074463,1.0,0.9696642160415649,0.9564661979675293,0.9549864530563354,0.9368765354156494,0.9140526056289673,0.8984357714653015,0.8864059448242188,0.834126353263855,0.8333210945129395,0.8148493766784668,0.7656967639923096,0.6694781184196472,0.6621073484420776,0.5472259521484375,0.49848634004592896,0.40604013204574585,0.33486130833625793,0.3276453912258148,0.3376195430755615,0.3537124991416931,0.3198191523551941,0.2976129353046417,0.29084932804107666,0.26220232248306274,0.23846176266670227,0.2490430474281311,0.2573753893375397,0.30141642689704895,0.34164589643478394,0.3877016305923462,0.3335816264152527,0.4071734547615051,0.3557600975036621,0.4702097475528717,0.5264439582824707,0.5897173881530762,0.6246639490127563,0.6864975690841675,0.7477293014526367,0.8240053057670593,0.8356227278709412,0.8701345324516296,0.890883207321167,0.8774334192276001,0.933826208114624,0.9248781204223633,0.933449923992157,0.9426225423812866,0.9402036070823669,0.9320462942123413,0.9371311068534851,0.95293790102005,0.9613451361656189,0.9437931776046753,0.9334666728973389,0.9371569156646729,0.9144892692565918,0.894442081451416,0.8885084986686707,0.8830732703208923
60,0.7974677681922913,0.8769254088401794,0.8778661489486694,0.8880153894424438,0.9152755737304688,0.9253037571907043,0.9343724250793457,0.9348799586296082,0.9349056482315063,0.9523535370826721,0.9483857154846191,0.9696642160415649,1.0,0.9718597531318665,0.9593530893325806,0.945693850517273,0.9380763173103333,0.9059093594551086,0.9034421443939209,0.8470763564109802,0.8494966626167297,0.8410831689834595,0.7891483306884766,0.6898719072341919,0.6867222785949707,0.5594528317451477,0.510883092880249,0.41631412506103516,0.3522624373435974,0.3382973074913025,0.35500478744506836,0.3707371652126312,0.33099573850631714,0.306915283203125,0.29384005069732666,0.26867401599884033,0.2439030408859253,0.2565018832683563,0.26020124554634094,0.3060373365879059,0.3595193028450012,0.4110867977142334,0.35002219676971436,0.4269716441631317,0.37056583166122437,0.4983205795288086,0.5501284003257751,0.6191561222076416,0.6517574191093445,0.713497519493103,0.7721189856529236,0.8477201461791992,0.860419511795044,0.8866358399391174,0.9052881002426147,0.896736741065979,0.9502630233764648,0.9435588717460632,0.9569134712219238,0.965410590171814,0.9489700198173523,0.9246650338172913,0.9279463291168213,0.9417405128479004,0.9542043209075928,0.9358286261558533,0.9214398264884949,0.9304410219192505,0.9079481363296509,0.8846628069877625,0.8775091171264648,0.8788243532180786
65,0.7468990087509155,0.8497297167778015,0.8603452444076538,0.8765649795532227,0.9104017019271851,0.9093312621116638,0.9269481897354126,0.9181308150291443,0.9155433773994446,0.9351773262023926,0.9279145002365112,0.9564661979675293,0.9718597531318665,0.9999999403953552,0.9747095108032227,0.9465628862380981,0.9337183237075806,0.9078212976455688,0.897722601890564,0.8526948690414429,0.8544578552246094,0.8455546498298645,0.7901487946510315,0.6942664384841919,0.6875084042549133,0.5599007606506348,0.5185492038726807,0.4307589530944824,0.3675272762775421,0.354138046503067,0.36927708983421326,0.37408819794654846,0.3322243094444275,0.3080139458179474,0.2909531593322754,0.2687600255012512,0.25312328338623047,0.26257580518722534,0.26698625087738037,0.31204915046691895,0.3727016746997833,0.42092597484588623,0.3671753406524658,0.44272321462631226,0.3941340744495392,0.5073546171188354,0.5509228110313416,0.6157405376434326,0.6456172466278076,0.7110395431518555,0.7558103799819946,0.8357096910476685,0.8399190306663513,0.8796932697296143,0.8921475410461426,0.8810703754425049,0.9340121746063232,0.9324420690536499,0.9476116299629211,0.9572495818138123,0.9163899421691895,0.8950306177139282,0.894993245601654,0.9142835736274719,0.9227867126464844,0.9133954644203186,0.8969858288764954,0.8997253179550171,0.8922231793403625,0.8687795996665955,0.8643155694007874,0.8517328500747681
70,0.7439836263656616,0.845008909702301,0.8600285649299622,0.8671928644180298,0.9057183265686035,0.9120893478393555,0.924687385559082,0.9208419919013977,0.9164825677871704,0.9295327663421631,0.9345420002937317,0.9549864530563354,0.9593530893325806,0.9747095108032227,0.9999998807907104,0.9649187326431274,0.9456734657287598,0.9252201318740845,0.9111843705177307,0.861563503742218,0.8678122162818909,0.8480835556983948,0.8002455234527588,0.7120656967163086,0.6990920305252075,0.5844631195068359,0.5423914194107056,0.45658445358276367,0.39030420780181885,0.3793063163757324,0.40153929591178894,0.4077710509300232,0.37097617983818054,0.3478282690048218,0.3269200325012207,0.2981216311454773,0.2823878526687622,0.29889199137687683,0.30915403366088867,0.35347723960876465,0.40497055649757385,0.45089977979660034,0.39564889669418335,0.4646589457988739,0.41191422939300537,0.5209301710128784,0.5666863918304443,0.6249553561210632,0.6674625873565674,0.7287786602973938,0.7772215008735657,0.8496344685554504,0.8527780771255493,0.8958954811096191,0.9085552096366882,0.8954416513442993,0.9449477195739746,0.9440900087356567,0.9625463485717773,0.9593144655227661,0.9238712787628174,0.9061081409454346,0.9143875241279602,0.9157550930976868,0.9286144971847534,0.9203454256057739,0.9002571105957031,0.9030067324638367,0.8883347511291504,0.8651344776153564,0.8613677024841309,0.8465848565101624
75,0.7453804016113281,0.8291319608688354,0.8197349309921265,0.8348692655563354,0.8717029094696045,0.8894037008285522,0.9018465280532837,0.8890451192855835,0.875785768032074,0.8997064828872681,0.8981343507766724,0.9368765354156494,0.945693850517273,0.9465628862380981,0.9649187326431274,1.0,0.9337791204452515,0.9133495688438416,0.9153196811676025,0.8635659217834473,0.8554102778434753,0.8399141430854797,0.8028123378753662,0.6999747157096863,0.709392249584198,0.5804377794265747,0.5355604887008667,0.4412400424480438,0.38625746965408325,0.36382976174354553,0.3808552622795105,0.3890678584575653,0.34818926453590393,0.3214271068572998,0.30651023983955383,0.2783983647823334,0.26489928364753723,0.277679979801178,0.28152933716773987,0.3301438093185425,0.3791869282722473,0.43161481618881226,0.37674206495285034,0.45263898372650146,0.4025948643684387,0.5210906267166138,0.5641257762908936,0.6209480166435242,0.6702015399932861,0.7261925339698792,0.7743173837661743,0.8350575566291809,0.8480941653251648,0.8930119276046753,0.9079480171203613,0.8975957632064819,0.9471302032470703,0.9421226978302002,0.9451915621757507,0.9440996646881104,0.9188153147697449,0.8901196718215942,0.895876944065094,0.8955777287483215,0.9175173044204712,0.8936479091644287,0.8694216012954712,0.8976296782493591,0.8613711595535278,0.837225079536438,0.8217048645019531,0.8259627819061279
80,0.760927677154541,0.8151469826698303,0.826236367225647,0.8326733112335205,0.8607866168022156,0.8616828918457031,0.8797436952590942,0.8821946978569031,0.8870301246643066,0.8990969061851501,0.9074333310127258,0.9140526056289673,0.9380763173103333,0.9337183237075806,0.9456734657287598,0.9337791204452515,1.000000238418579,0.9498502016067505,0.9332423210144043,0.8957045078277588,0.9041315913200378,0.890650749206543,0.8486748933792114,0.7636884450912476,0.7475137710571289,0.6344057321548462,0.5889104008674622,0.5114966630935669,0.44028037786483765,0.4290120005607605,0.44626790285110474,0.4451323449611664,0.4008323550224304,0.3760918378829956,0.34954866766929626,0.3181483745574951,0.2963736653327942,0.30895233154296875,0.3262837529182434,0.3748229146003723,0.4381394386291504,0.4822165071964264,0.4337502717971802,0.5081092715263367,0.4541613459587097,0.5746604204177856,0.6155926585197449,0.6694926619529724,0.7178340554237366,0.7741063833236694,0.8323654532432556,0.901145875453949,0.90138179063797,0.9285310506820679,0.936121940612793,0.9375704526901245,0.9527204036712646,0.9394972324371338,0.9492637515068054,0.9413750171661377,0.9164279699325562,0.9040158987045288,0.8946415185928345,0.8964345455169678,0.8930215239524841,0.8774502277374268,0.8625739812850952,0.8758738040924072,0.8585891723632812,0.8320127725601196,0.8241063952445984,0.818169891834259
85,0.7446368336677551,0.7983276844024658,0.8060401678085327,0.8000085353851318,0.8285985589027405,0.8364314436912537,0.8485628366470337,0.854422926902771,0.8619049787521362,0.8778591752052307,0.894402801990509,0.8984357714653015,0.9059093594551086,0.9078212976455688,0.9252201318740845,0.9133495688438416,0.9498502016067505,1.0,0.9750069975852966,0.9383825063705444,0.9326322078704834,0.9109225869178772,0.8678370714187622,0.7918449640274048,0.7802994251251221,0.6684718132019043,0.6162588000297546,0.5325746536254883,0.4587325155735016,0.4448821544647217,0.45424991846084595,0.4617461562156677,0.4167539179325104,0.38178956508636475,0.3706520199775696,0.33764395117759705,0.31650015711784363,0.3212830722332001,0.334430068731308,0.3870924711227417,0.439626544713974,0.4887336194515228,0.449066162109375,0.5170024037361145,0.4711521863937378,0.5839210152626038,0.641623854637146,0.6954139471054077,0.7420644164085388,0.7999645471572876,0.8556605577468872,0.909717857837677,0.9079270362854004,0.9470775127410889,0.9547526836395264,0.9546644687652588,0.9379969835281372,0.9304766654968262,0.9246991872787476,0.9197986125946045,0.9079360961914062,0.9072986841201782,0.8983027935028076,0.8801238536834717,0.868304431438446,0.8413894176483154,0.8221055865287781,0.845159649848938,0.8176261782646179,0.7944513559341431,0.8012283444404602,0.7996315956115723
90,0.7615606188774109,0.7986338138580322,0.7896810173988342,0.7898292541503906,0.8136361837387085,0.8262847661972046,0.8354058861732483,0.836862325668335,0.8422120809555054,0.8599874377250671,0.8776207566261292,0.8864059448242188,0.9034421443939209,0.897722601890564,0.9111843705177307,0.9153196811676025,0.9332423210144043,0.9750069975852966,1.0000001192092896,0.9598623514175415,0.9439219236373901,0.9294157028198242,0.8789854049682617,0.8016185164451599,0.7994303703308105,0.6846446990966797,0.6340328454971313,0.5490463972091675,0.47140371799468994,0.45893076062202454,0.4660739302635193,0.4749221205711365,0.434231162071228,0.3915448784828186,0.393572598695755,0.35568103194236755,0.33506157994270325,0.3366585969924927,0.3458566665649414,0.4003413915634155,0.45246461033821106,0.5057160258293152,0.46205320954322815,0.5387185215950012,0.48398154973983765,0.6048782467842102,0.6655004024505615,0.7181501984596252,0.772680938243866,0.8239380717277527,0.8853404521942139,0.9257693290710449,0.9291223287582397,0.9581977725028992,0.9583352208137512,0.9505413770675659,0.9367393851280212,0.9308260083198547,0.9166134595870972,0.9136918187141418,0.9091857671737671,0.9018422961235046,0.8925179243087769,0.866557240486145,0.8618254661560059,0.830750048160553,0.8060073852539062,0.8397274017333984,0.8048290014266968,0.7851284742355347,0.7859340906143188,0.7941572070121765
95,0.734623372554779,0.7510617971420288,0.7487613558769226,0.7549481391906738,0.7729185819625854,0.7804141640663147,0.7909572124481201,0.7901002168655396,0.7928763031959534,0.8065151572227478,0.8243703246116638,0.834126353263855,0.8470763564109802,0.8526948690414429,0.861563503742218,0.8635659217834473,0.8957045078277588,0.9383825063705444,0.9598623514175415,1.0000001192092896,0.9642261266708374,0.9426124095916748,0.8932774066925049,0.8297680020332336,0.8253162503242493,0.7180956602096558,0.6636757254600525,0.5791668891906738,0.5013726949691772,0.4963228106498718,0.49464139342308044,0.5017716884613037,0.4619644582271576,0.4171401560306549,0.42273736000061035,0.37894219160079956,0.3584687113761902,0.3577480614185333,0.37582412362098694,0.43213915824890137,0.4798814058303833,0.5274641513824463,0.4913853406906128,0.5703880190849304,0.5205500721931458,0.6330620050430298,0.6871086955070496,0.7334644198417664,0.7950665950775146,0.8385740518569946,0.892793595790863,0.9248640537261963,0.930701732635498,0.9571897387504578,0.9399816393852234,0.9245631098747253,0.9020612835884094,0.8900813460350037,0.8722535967826843,0.8655734062194824,0.8567659854888916,0.854073166847229,0.8342677354812622,0.8212988972663879,0.8056241869926453,0.7804027795791626,0.7588455677032471,0.7979990839958191,0.7662633657455444,0.7541576623916626,0.7461793422698975,0.7509965300559998
100,0.7170959115028381,0.7346668839454651,0.7433709502220154,0.7445034384727478,0.7681976556777954,0.7729052901268005,0.7853997349739075,0.7926551103591919,0.8012505769729614,0.8055869340896606,0.8261125087738037,0.8333210945129395,0.8494966626167297,0.8544578552246094,0.8678122162818909,0.8554102778434753,0.9041315913200378,0.9326322078704834,0.9439219236373901,0.9642261266708374,1.0000001192092896,0.9675618410110474,0.9339697360992432,0.8744701147079468,0.8583557605743408,0.748691737651825,0.6929614543914795,0.6020286679267883,0.5181328654289246,0.5138839483261108,0.5175719857215881,0.5068744421005249,0.46061667799949646,0.4141904413700104,0.40974748134613037,0.3767523467540741,0.3529147505760193,0.35392528772354126,0.3736487329006195,0.4293966293334961,0.49458715319633484,0.5388897657394409,0.5148009657859802,0.5933483242988586,0.5469215512275696,0.6585931777954102,0.7238645553588867,0.7680618762969971,0.819369912147522,0.8738734722137451,0.9104844331741333,0.9466685056686401,0.941616415977478,0.9430136680603027,0.9335809946060181,0.9207981824874878,0.9015505313873291,0.8844941854476929,0.8746558427810669,0.8675988912582397,0.8448842167854309,0.8449751734733582,0.8289520144462585,0.8183257579803467,0.8016844987869263,0.7779933214187622,0.7618619203567505,0.7931579351425171,0.7682476043701172,0.7419418096542358,0.7415579557418823,0.7419177293777466
105,0.6972485780715942,0.7178542613983154,0.7233847975730896,0.7260953187942505,0.7546436786651611,0.7561900019645691,0.7692358493804932,0.7739155888557434,0.7789870500564575,0.7884463667869568,0.8021033406257629,0.8148493766784668,0.8410831689834595,0.8455546498298645,0.8480835556983948,0.8399141430854797,0.890650749206543,0.9109225869178772,0.9294157028198242,0.9426124095916748,0.9675618410110474,1.000000238418579,0.9457717537879944,0.8802160024642944,0.8663180470466614,0.7516207098960876,0.6939394474029541,0.6134329438209534,0.5360761880874634,0.5291649103164673,0.5292600989341736,0.5098142623901367,0.45601916313171387,0.41110944747924805,0.39753246307373047,0.37120580673217773,0.35651353001594543,0.3522328734397888,0.3742539882659912,0.4303725063800812,0.501233696937561,0.5448707342147827,0.5309044122695923,0.6148293018341064,0.5720254182815552,0.6776049733161926,0.7260277271270752,0.780231237411499,0.8291084170341492,0.8780602812767029,0.9038642644882202,0.9332377910614014,0.9179913997650146,0.9252795577049255,0.912763237953186,0.9103454351425171,0.8844016790390015,0.8663715124130249,0.8578715324401855,0.8530926704406738,0.8249625563621521,0.8160511255264282,0.8025144338607788,0.8010241985321045,0.7808133363723755,0.7577106952667236,0.7405824661254883,0.7730705738067627,0.7477498054504395,0.7211283445358276,0.7213142514228821,0.7239627242088318
110,0.6184283494949341,0.6402117013931274,0.6468040943145752,0.6478984355926514,0.6886346340179443,0.6957199573516846,0.707724928855896,0.7132276892662048,0.7215278148651123,0.7323271036148071,0.7453557848930359,0.7656967639923096,0.7891483306884766,0.7901487946510315,0.8002455234527588,0.8028123378753662,0.8486748933792114,0.8678370714187622,0.8789854049682617,0.8932774066925049,0.9339697360992432,0.9457717537879944,1.000000238418579,0.9375709891319275,0.9189118146896362,0.8137408494949341,0.7496390342712402,0.6672483682632446,0.6083139777183533,0.5874683260917664,0.5836547017097473,0.5735264420509338,0.5214983224868774,0.469761461019516,0.45064690709114075,0.42679363489151,0.39882880449295044,0.40404295921325684,0.4279231131076813,0.4822236895561218,0.5678728222846985,0.6030516624450684,0.5901241898536682,0.6748577952384949,0.6291586756706238,0.7369208931922913,0.7881704568862915,0.8289724588394165,0.869499683380127,0.9222705364227295,0.9166550636291504,0.9081488847732544,0.8932591676712036,0.8857077360153198,0.8851559162139893,0.8893353343009949,0.8497461080551147,0.8142966032028198,0.80940181016922,0.8032763004302979,0.7754812836647034,0.7735946178436279,0.7612748146057129,0.7492544651031494,0.7238594889640808,0.6986832022666931,0.6796712875366211,0.7174830436706543,0.6816855072975159,0.6435900926589966,0.642699122428894,0.6487670540809631
115,0.5392745137214661,0.5553048253059387,0.5711666345596313,0.5751089453697205,0.6051780581474304,0.6129835247993469,0.6201856136322021,0.6279877424240112,0.6463704109191895,0.651107668876648,0.6642246246337891,0.6694781184196472,0.6898719072341919,0.6942664384841919,0.7120656967163086,0.6999747157096863,0.7636884450912476,0.7918449640274048,0.8016185164451599,0.8297680020332336,0.8744701147079468,0.8802160024642944,0.9375709891319275,1.0,0.9217836856842041,0.866747260093689,0.8217467665672302,0.726394534111023,0.6771821975708008,0.665907084941864,0.6482865810394287,0.622791051864624,0.5786824226379395,0.5040239095687866,0.482656866312027,0.4578370153903961,0.43820929527282715,0.4416714012622833,0.4677787125110626,0.5082756280899048,0.6214346885681152,0.6434264779090881,0.6549280881881714,0.7339309453964233,0.7138019800186157,0.7817344665527344,0.8352369070053101,0.8575320839881897,0.8866909146308899,0.922404408454895,0.8762392997741699,0.8611855506896973,0.8370840549468994,0.8142239451408386,0.8104027509689331,0.8013520240783691,0.7626757621765137,0.730497419834137,0.724838376045227,0.7072570323944092,0.6879123449325562,0.6894641518592834,0.6823733448982239,0.6619940996170044,0.6372690200805664,0.6175605654716492,0.604402482509613,0.6290347576141357,0.6060004830360413,0.5692233443260193,0.5740718841552734,0.5658249855041504
120,0.5319756269454956,0.5272266864776611,0.5324054956436157,0.5362589955329895,0.5874552130699158,0.5920893549919128,0.6043905019760132,0.6088812351226807,0.6097992658615112,0.63193279504776,0.6445224285125732,0.6621073484420776,0.6867222785949707,0.6875084042549133,0.6990920305252075,0.709392249584198,0.7475137710571289,0.7802994251251221,0.7994303703308105,0.8253162503242493,0.8583557605743408,0.8663180470466614,0.9189118146896362,0.9217836856842041,1.000000238418579,0.92933189868927,0.8751395344734192,0.7821994423866272,0.723111629486084,0.6787864565849304,0.6697788834571838,0.6626057028770447,0.6169257164001465,0.5388068556785583,0.5189216136932373,0.4856010675430298,0.4600524306297302,0.47338682413101196,0.49697059392929077,0.546842098236084,0.643744170665741,0.6898053884506226,0.6805517673492432,0.7495036721229553,0.6971324682235718,0.8245119452476501,0.8881866931915283,0.8976709246635437,0.9253964424133301,0.9317944049835205,0.8881785869598389,0.846954345703125,0.826727569103241,0.7962809205055237,0.7991287708282471,0.802277147769928,0.753324031829834,0.7154682874679565,0.7222156524658203,0.7061668634414673,0.6942378878593445,0.6804423332214355,0.6672546863555908,0.6405996084213257,0.6296731233596802,0.6131902933120728,0.5802748203277588,0.613740861415863,0.5760694146156311,0.5379912853240967,0.5269300937652588,0.5315965414047241
125,0.43712642788887024,0.4182277321815491,0.4239022731781006,0.43139779567718506,0.4808560907840729,0.48431432247161865,0.4959656596183777,0.5058884620666504,0.512211799621582,0.5249906182289124,0.5473783016204834,0.5472259521484375,0.5594528317451477,0.5599007606506348,0.5844631195068359,0.5804377794265747,0.6344057321548462,0.6684718132019043,0.6846446990966797,0.7180956602096558,0.748691737651825,0.7516207098960876,0.8137408494949341,0.866747260093689,0.92933189868927,1.000000238418579,0.9555761814117432,0.8747962117195129,0.8152735829353333,0.787169337272644,0.7647830247879028,0.7565500736236572,0.7246598601341248,0.6266334652900696,0.6121411323547363,0.5645869970321655,0.5440627336502075,0.5496489405632019,0.5890031456947327,0.6327230334281921,0.7237309217453003,0.7522752285003662,0.7706920504570007,0.8180086612701416,0.7866801023483276,0.8638249635696411,0.9201186895370483,0.9120925664901733,0.9048683643341064,0.8766782283782959,0.8191083669662476,0.7470194101333618,0.7275089025497437,0.689264178276062,0.6844102740287781,0.6850898265838623,0.6293153166770935,0.5971701145172119,0.6155800223350525,0.5882924795150757,0.5856620669364929,0.5772280097007751,0.5624874830245972,0.529672384262085,0.5165385007858276,0.5145100355148315,0.48111841082572937,0.4920702576637268,0.45880183577537537,0.433931440114975,0.4231186807155609,0.41645023226737976
130,0.3828844428062439,0.3785550594329834,0.3931009769439697,0.3978797197341919,0.44447243213653564,0.4478200674057007,0.4540376663208008,0.46220535039901733,0.4682081937789917,0.4787960648536682,0.4983162581920624,0.49848634004592896,0.510883092880249,0.5185492038726807,0.5423914194107056,0.5355604887008667,0.5889104008674622,0.6162588000297546,0.6340328454971313,0.6636757254600525,0.6929614543914795,0.6939394474029541,0.7496390342712402,0.8217467665672302,0.8751395344734192,0.9555761814117432,1.0,0.9249355792999268,0.8565625548362732,0.8318749666213989,0.8104274272918701,0.7610137462615967,0.7412357330322266,0.6492068767547607,0.6310339570045471,0.5871841907501221,0.5796496272087097,0.5799869298934937,0.615297794342041,0.652024507522583,0.7447324991226196,0.7672274708747864,0.8066412806510925,0.8458219766616821,0.832439661026001,0.8916345834732056,0.9277694225311279,0.8904660940170288,0.8578174114227295,0.8309019207954407,0.7551124691963196,0.696540117263794,0.6692628860473633,0.637891948223114,0.6278942823410034,0.6313415169715881,0.5791898965835571,0.5522730946540833,0.567131519317627,0.5394732356071472,0.5351532697677612,0.5205111503601074,0.5098465085029602,0.4746846556663513,0.4652499258518219,0.4703243672847748,0.4370695948600769,0.4414607286453247,0.4190617501735687,0.3947499096393585,0.3912079334259033,0.3757081627845764
135,0.3038926124572754,0.30484190583229065,0.3257199227809906,0.3160080015659332,0.3679215908050537,0.3572499752044678,0.3701930344104767,0.3818208575248718,0.39425814151763916,0.40124404430389404,0.4185557961463928,0.40604013204574585,0.41631412506103516,0.4307589530944824,0.45658445358276367,0.4412400424480438,0.5114966630935669,0.5325746536254883,0.5490463972091675,0.5791668891906738,0.6020286679267883,0.6134329438209534,0.6672483682632446,0.726394534111023,0.7821994423866272,0.8747962117195129,0.9249355792999268,1.0,0.9353480935096741,0.8854421973228455,0.8754709959030151,0.8430444598197937,0.8207579255104065,0.7367712259292603,0.6896665096282959,0.638904333114624,0.6462059617042542,0.6578047275543213,0.7092016935348511,0.746065080165863,0.8450717926025391,0.8519125580787659,0.866138219833374,0.8949694037437439,0.8803366422653198,0.9156848192214966,0.8869584202766418,0.8266458511352539,0.7824664115905762,0.7429675459861755,0.6882250308990479,0.6193316578865051,0.5834947824478149,0.554680347442627,0.5395300984382629,0.5477625727653503,0.48201221227645874,0.4647551476955414,0.47666704654693604,0.4425848722457886,0.43608367443084717,0.43387386202812195,0.4291384816169739,0.39647525548934937,0.3832032084465027,0.39271649718284607,0.355251669883728,0.35026681423187256,0.3349810242652893,0.3170287609100342,0.3248845338821411,0.30122607946395874
140,0.22996099293231964,0.2443145215511322,0.25934988260269165,0.25067374110221863,0.3022584915161133,0.2944139242172241,0.30351442098617554,0.3140977919101715,0.32692304253578186,0.33424341678619385,0.3425772786140442,0.33486130833625793,0.3522624373435974,0.3675272762775421,0.39030420780181885,0.38625746965408325,0.44028037786483765,0.4587325155735016,0.47140371799468994,0.5013726949691772,0.5181328654289246,0.5360761880874634,0.6083139777183533,0.6771821975708008,0.723111629486084,0.8152735829353333,0.8565625548362732,0.9353480935096741,1.0,0.9270682334899902,0.8911256790161133,0.862280547618866,0.8249726295471191,0.7267095446586609,0.6667286157608032,0.633631706237793,0.6456349492073059,0.6595011949539185,0.707385778427124,0.7231705188751221,0.8633503913879395,0.8568457961082458,0.8971554636955261,0.9204134345054626,0.9185142517089844,0.913333535194397,0.8358348608016968,0.7747710943222046,0.7183846235275269,0.676559329032898,0.5959928035736084,0.5274074077606201,0.5068292021751404,0.479106068611145,0.4681317210197449,0.48010969161987305,0.4143404960632324,0.39525049924850464,0.41347214579582214,0.37646785378456116,0.3614409565925598,0.3625921607017517,0.35531947016716003,0.3288065195083618,0.3146683871746063,0.3227638304233551,0.2839536666870117,0.2844906747341156,0.2701576352119446,0.24896343052387238,0.2630956768989563,0.2407277673482895
