,0,5,10,15,20,25,30,35,40,45,50,55,60,65,70,75,80,85,90,95,100,105,110,115,120,125,130,135,140,145,150,155,160,165,170,175,180,185,190,195,200,205,210,215,220,225,230,235,240,245,250,255,260,265,270,275,280,285,290,295,300,305,310,315,320,325,330,335,340,345,350,355
0,1.000000238418579,0.9906478524208069,0.9858585596084595,0.9797011613845825,0.9736214280128479,0.9672465920448303,0.9564495086669922,0.953353762626648,0.9467195272445679,0.934394121170044,0.9251286387443542,0.9316556453704834,0.924544095993042,0.914331316947937,0.8993898034095764,0.9021065831184387,0.900957465171814,0.8957592844963074,0.8912235498428345,0.8928848505020142,0.874833345413208,0.8689906001091003,0.8727017641067505,0.8638848662376404,0.8456315994262695,0.8199834823608398,0.7090624570846558,0.6599134802818298,0.6417345404624939,0.6022206544876099,0.6583229899406433,0.5913639068603516,0.5366191864013672,0.46933963894844055,0.4381280541419983,0.4951566159725189,0.48597609996795654,0.4976173937320709,0.46401309967041016,0.5227890610694885,0.5358343124389648,0.5767225623130798,0.6627283096313477,0.5821565985679626,0.5998204350471497,0.6610634326934814,0.7336767911911011,0.8222834467887878,0.8474186658859253,0.8398170471191406,0.8658989071846008,0.8774703741073608,0.878569483757019,0.8897464275360107,0.895448625087738,0.9063041806221008,0.9065098762512207,0.9049950838088989,0.8991916179656982,0.9119918942451477,0.9140329360961914,0.9196038842201233,0.9135882258415222,0.9311081767082214,0.9455038905143738,0.9464718103408813,0.9552965760231018,0.9645639657974243,0.9678681492805481,0.9771004319190979,0.9846106767654419,0.9908021688461304
5,0.9906478524208069,1.0000001192092896,0.9901525974273682,0.9846357107162476,0.979111909866333,0.9689438343048096,0.9579209685325623,0.947253406047821,0.9418090581893921,0.9289618730545044,0.9173294305801392,0.9251076579093933,0.9194394946098328,0.9050352573394775,0.8876305818557739,0.8943842649459839,0.8904539346694946,0.8871269226074219,0.8822577595710754,0.8860170245170593,0.8687808513641357,0.8631054162979126,0.8673475980758667,0.8598663806915283,0.8402626514434814,0.8124313950538635,0.7005020380020142,0.6553026437759399,0.6322305202484131,0.5950335264205933,0.646140456199646,0.5770214796066284,0.524532675743103,0.4523056745529175,0.4184521436691284,0.4716757833957672,0.45919540524482727,0.47207868099212646,0.4423747658729553,0.5051423907279968,0.5196095705032349,0.5592783689498901,0.6488556265830994,0.5770002603530884,0.5908792018890381,0.6537797451019287,0.720363438129425,0.8122401237487793,0.8412797451019287,0.8343967199325562,0.8608055114746094,0.8711336255073547,0.8733673095703125,0.8867288827896118,0.8893799781799316,0.898017406463623,0.8978581428527832,0.897159218788147,0.8874654769897461,0.9044884443283081,0.9078026413917542,0.9114477634429932,0.9070523977279663,0.9243546724319458,0.9421217441558838,0.9414451122283936,0.954280436038971,0.9659602046012878,0.9693116545677185,0.978870689868927,0.9861531257629395,0.9944126605987549
10,0.9858585596084595,0.9901525974273682,1.0000001192092896,0.9937204122543335,0.9877216219902039,0.981895923614502,0.9662623405456543,0.9617511034011841,0.9549478888511658,0.941908061504364,0.9322189688682556,0.9400687217712402,0.9337059855461121,0.9214625358581543,0.9054979681968689,0.9090543389320374,0.9062926769256592,0.9026626348495483,0.8952965140342712,0.8959996104240417,0.8785765767097473,0.8727651834487915,0.8766010999679565,0.865190863609314,0.8494107723236084,0.821779191493988,0.7102503776550293,0.6616988778114319,0.6447229385375977,0.6051546931266785,0.6586037874221802,0.5922853350639343,0.538057804107666,0.46702468395233154,0.43021315336227417,0.4784699082374573,0.45684224367141724,0.47712233662605286,0.4536031484603882,0.5192439556121826,0.536156415939331,0.574272871017456,0.6607556939125061,0.5868919491767883,0.6054385900497437,0.6590365767478943,0.7293866872787476,0.8199257850646973,0.8485003709793091,0.8374944925308228,0.8663455247879028,0.8792768716812134,0.8795473575592041,0.8938170671463013,0.8986579179763794,0.9088348746299744,0.9097042679786682,0.9089816212654114,0.9015596508979797,0.9151021242141724,0.920911967754364,0.9245015382766724,0.9179102182388306,0.9364224672317505,0.9534735679626465,0.9554252624511719,0.9671553373336792,0.9771949052810669,0.9803693890571594,0.9888640642166138,0.993882417678833,0.9896869659423828
15,0.9797011613845825,0.9846357107162476,0.9937204122543335,1.0000001192092896,0.9922605752944946,0.9872329235076904,0.9731147289276123,0.9697899222373962,0.9627760648727417,0.9508622288703918,0.9416891932487488,0.9459842443466187,0.9393708109855652,0.9281078577041626,0.9102766513824463,0.9146265983581543,0.9124007821083069,0.909144401550293,0.904066264629364,0.9053390026092529,0.8870767951011658,0.8819679617881775,0.8837602734565735,0.8716222643852234,0.8539469838142395,0.8272672295570374,0.7126586437225342,0.6661122441291809,0.6458715796470642,0.6066306233406067,0.6597274541854858,0.5930712819099426,0.5410038828849792,0.4675218462944031,0.4305887818336487,0.47661593556404114,0.45591509342193604,0.4745504558086395,0.45283225178718567,0.5202964544296265,0.5369542241096497,0.5760892629623413,0.6635547876358032,0.5869534611701965,0.6071614027023315,0.663640558719635,0.7323405742645264,0.8219727277755737,0.8509343862533569,0.8423867225646973,0.8712868690490723,0.8857158422470093,0.8855925798416138,0.8995863795280457,0.9045290946960449,0.9143744707107544,0.9150171875953674,0.9137527346611023,0.908180832862854,0.9227966070175171,0.9288284778594971,0.9323995113372803,0.9278678297996521,0.9456800818443298,0.9606162309646606,0.9628479480743408,0.9727219939231873,0.9812532067298889,0.9845868945121765,0.9906885027885437,0.9905626177787781,0.984736979007721
20,0.9736214280128479,0.979111909866333,0.9877216219902039,0.9922605752944946,1.0,0.9909367561340332,0.9821510910987854,0.9736778140068054,0.9665343165397644,0.9565871357917786,0.9451729655265808,0.9472988247871399,0.9402477741241455,0.9275538921356201,0.9076660871505737,0.9153057336807251,0.9135087728500366,0.9107929468154907,0.9067541360855103,0.9095420837402344,0.8918095231056213,0.8868197202682495,0.8879663944244385,0.8748042583465576,0.8560327291488647,0.8286449313163757,0.7082739472389221,0.6614946126937866,0.6377450227737427,0.5996931791305542,0.6521047353744507,0.5841363072395325,0.5302479863166809,0.4560161530971527,0.4168861210346222,0.46446457505226135,0.4461413025856018,0.46115642786026,0.4378066062927246,0.5050488710403442,0.5245133638381958,0.5677806735038757,0.6560060977935791,0.5806472301483154,0.5996825098991394,0.6609697341918945,0.7295902371406555,0.8246156573295593,0.8552987575531006,0.8448501229286194,0.8736181259155273,0.8894836902618408,0.8911356329917908,0.906501829624176,0.9103289842605591,0.9178962111473083,0.9184739589691162,0.9161842465400696,0.9087803959846497,0.9275627732276917,0.9302588701248169,0.9335873126983643,0.9322956800460815,0.948830246925354,0.9644570350646973,0.965553879737854,0.9745709896087646,0.9868192076683044,0.9891543984413147,0.9877789616584778,0.9854587912559509,0.9779752492904663
25,0.9672465920448303,0.9689438343048096,0.981895923614502,0.9872329235076904,0.9909367561340332,1.0000001192092896,0.9848263263702393,0.9862713813781738,0.9785891771316528,0.971623957157135,0.9623510837554932,0.9621801376342773,0.9554029107093811,0.9452195167541504,0.9300830960273743,0.9346950650215149,0.9329277276992798,0.9313434958457947,0.9249165058135986,0.9258447885513306,0.9077225923538208,0.900849461555481,0.8980849385261536,0.8856024742126465,0.871836245059967,0.8474688529968262,0.7321146726608276,0.6832903623580933,0.6644647717475891,0.6237679719924927,0.6800007820129395,0.6114538908004761,0.5565038919448853,0.4804014265537262,0.4388565421104431,0.48619145154953003,0.4636879563331604,0.48217135667800903,0.4623650312423706,0.5318794250488281,0.5536596775054932,0.5981597900390625,0.6831669807434082,0.6052942872047424,0.6271430253982544,0.6823498010635376,0.7551321983337402,0.840930700302124,0.8701329827308655,0.8580922484397888,0.8873296976089478,0.9046218395233154,0.9051685929298401,0.9194958806037903,0.9268710017204285,0.9351786971092224,0.9360318183898926,0.9343684315681458,0.9306640625,0.9433194398880005,0.9475843906402588,0.950901210308075,0.9508522748947144,0.9651560187339783,0.9775862693786621,0.9799337387084961,0.9847686886787415,0.9905331134796143,0.9867113828659058,0.9821239709854126,0.9807479381561279,0.9712967276573181
30,0.9564495086669922,0.9579209685325623,0.9662623405456543,0.9731147289276123,0.9821510910987854,0.9848263263702393,0.9999998211860657,0.9800118803977966,0.9845201969146729,0.9783903360366821,0.9633039236068726,0.9622877836227417,0.9589385986328125,0.9430477619171143,0.9190958738327026,0.929844081401825,0.9310117959976196,0.9284341931343079,0.93233323097229,0.9343762397766113,0.9213919043540955,0.918183445930481,0.9157520532608032,0.8968421816825867,0.8791818618774414,0.8530675172805786,0.7249364852905273,0.6769863367080688,0.6507986187934875,0.6120588779449463,0.6688166856765747,0.5995416641235352,0.5416665077209473,0.4635630249977112,0.42241138219833374,0.4673882722854614,0.44762149453163147,0.460918128490448,0.4424883723258972,0.5152705907821655,0.5335424542427063,0.579180121421814,0.6708374619483948,0.5914716124534607,0.6132243871688843,0.6781117916107178,0.7485347986221313,0.8461190462112427,0.8790481090545654,0.8641453385353088,0.8991479873657227,0.9158139228820801,0.924149751663208,0.9343620538711548,0.9369288682937622,0.9383234977722168,0.9387020468711853,0.9335200786590576,0.9229979515075684,0.9470850229263306,0.9497650861740112,0.9495670795440674,0.9533298015594482,0.9681079387664795,0.9785542488098145,0.9728752374649048,0.9761378169059753,0.9875874519348145,0.9856055974960327,0.9729318022727966,0.967775821685791,0.9562020301818848
35,0.953353762626648,0.947253406047821,0.9617511034011841,0.9697899222373962,0.9736778140068054,0.9862713813781738,0.9800118803977966,0.9999998211860657,0.990347146987915,0.9826714396476746,0.9776989221572876,0.9718471765518188,0.9644321203231812,0.9571229815483093,0.944739043712616,0.9456460475921631,0.9466565847396851,0.9420257806777954,0.9386081099510193,0.9371947050094604,0.9164313673973083,0.9112756252288818,0.9035518765449524,0.8890738487243652,0.8762779831886292,0.8561875820159912,0.7417637705802917,0.6895125508308411,0.6726349592208862,0.6321098804473877,0.6943449974060059,0.6293540596961975,0.5737313628196716,0.49558860063552856,0.4560277760028839,0.4989355206489563,0.47649210691452026,0.49417737126350403,0.47731998562812805,0.5466569066047668,0.5680854916572571,0.6155034303665161,0.696349024772644,0.6121037602424622,0.6376215815544128,0.6883805990219116,0.7696847915649414,0.8462122678756714,0.8763575553894043,0.8588534593582153,0.8912540674209595,0.9107189178466797,0.9141526222229004,0.9247469902038574,0.9367756843566895,0.9446569681167603,0.948047399520874,0.9460240006446838,0.9464154839515686,0.9553599953651428,0.959037184715271,0.966333270072937,0.9644116759300232,0.9784682989120483,0.9841068983078003,0.9889086484909058,0.9815711379051208,0.9809764623641968,0.9729568362236023,0.9646767377853394,0.9621522426605225,0.9512695074081421
40,0.9467195272445679,0.9418090581893921,0.9549478888511658,0.9627760648727417,0.9665343165397644,0.9785891771316528,0.9845201969146729,0.990347146987915,1.000000238418579,0.9919048547744751,0.9853689670562744,0.9816520810127258,0.977698802947998,0.96714848279953,0.9494651556015015,0.9512141942977905,0.9543185234069824,0.9500018954277039,0.9510526657104492,0.9483702778816223,0.9315411448478699,0.9281334280967712,0.924095630645752,0.9082655310630798,0.890542209148407,0.8675886392593384,0.7462068200111389,0.6918294429779053,0.6726205945014954,0.630918562412262,0.6933228969573975,0.6268594861030579,0.5676965713500977,0.48595917224884033,0.44721880555152893,0.4878863990306854,0.4643704891204834,0.480571985244751,0.46595683693885803,0.5373408794403076,0.5590324997901917,0.6076691150665283,0.6941781044006348,0.611278772354126,0.6360202431678772,0.6920196413993835,0.7744345664978027,0.8569381237030029,0.8894619345664978,0.8761051893234253,0.9105020761489868,0.9275904297828674,0.9324694871902466,0.94174724817276,0.949459433555603,0.9576548933982849,0.9584838151931763,0.9547799229621887,0.950798749923706,0.9650048017501831,0.9697633981704712,0.9732474088668823,0.9707479476928711,0.9854366779327393,0.9881219267845154,0.985664963722229,0.9792781472206116,0.9798137545585632,0.9739384651184082,0.961605429649353,0.9569479823112488,0.94451504945755
45,0.934394121170044,0.9289618730545044,0.941908061504364,0.9508622288703918,0.9565871357917786,0.971623957157135,0.9783903360366821,0.9826714396476746,0.9919048547744751,0.9999998807907104,0.99192214012146,0.9855413436889648,0.9815337657928467,0.9721778035163879,0.9536995887756348,0.9573429822921753,0.9625803232192993,0.9585776329040527,0.9546080827713013,0.9513397216796875,0.9342051148414612,0.9279883503913879,0.9226300716400146,0.9085277318954468,0.8920283317565918,0.8649263978004456,0.7434942722320557,0.6906630992889404,0.6698533892631531,0.6287948489189148,0.6896905303001404,0.6245697140693665,0.5636839866638184,0.4822636842727661,0.441648006439209,0.4793345332145691,0.4565686583518982,0.47247692942619324,0.4589672088623047,0.5339498519897461,0.554323673248291,0.6047970056533813,0.6899177432060242,0.6076809763908386,0.6318328380584717,0.6884969472885132,0.7724058628082275,0.8528708219528198,0.8870909810066223,0.8783680200576782,0.9096182584762573,0.9301308989524841,0.9329584240913391,0.9437330365180969,0.9535796642303467,0.9627337455749512,0.963981568813324,0.9611078500747681,0.9571166038513184,0.9711425304412842,0.9758132100105286,0.9770040512084961,0.9814323782920837,0.988724410533905,0.9867108464241028,0.9823074340820312,0.9728670716285706,0.972510814666748,0.9651480317115784,0.9495306611061096,0.9451218247413635,0.9328458309173584
50,0.9251286387443542,0.9173294305801392,0.9322189688682556,0.9416891932487488,0.9451729655265808,0.9623510837554932,0.9633039236068726,0.9776989221572876,0.9853689670562744,0.99192214012146,1.000000238418579,0.9924115538597107,0.9868613481521606,0.9817575216293335,0.9682767391204834,0.9689184427261353,0.9724622368812561,0.9656489491462708,0.9556554555892944,0.9492512345314026,0.9276297688484192,0.9225153923034668,0.9144800901412964,0.9032317399978638,0.884871244430542,0.8593275547027588,0.7396861910820007,0.6845746636390686,0.6678441762924194,0.628779411315918,0.691783607006073,0.6291199326515198,0.5689043998718262,0.4868396520614624,0.4512348473072052,0.48292598128318787,0.4573204517364502,0.47629842162132263,0.4675866365432739,0.5396450757980347,0.5602778196334839,0.608002781867981,0.690160870552063,0.606464147567749,0.6282649040222168,0.6825055480003357,0.769125759601593,0.8427321910858154,0.87785804271698,0.871762752532959,0.9019044637680054,0.9236958026885986,0.9229021668434143,0.9359323382377625,0.9498147368431091,0.9638564586639404,0.9690452814102173,0.9688695669174194,0.9673919677734375,0.9771819114685059,0.9826897382736206,0.9841873645782471,0.9867495894432068,0.9872687458992004,0.9823908805847168,0.9796048998832703,0.9673759937286377,0.9618547558784485,0.9539414048194885,0.940082311630249,0.9374695420265198,0.9238073229789734
55,0.9316556453704834,0.9251076579093933,0.9400687217712402,0.9459842443466187,0.9472988247871399,0.9621801376342773,0.9622877836227417,0.9718471765518188,0.9816520810127258,0.9855413436889648,0.9924115538597107,1.0000001192092896,0.9945963025093079,0.9899168610572815,0.9772909879684448,0.9773359894752502,0.9770320653915405,0.9712877869606018,0.959256112575531,0.9520017504692078,0.9320105314254761,0.9276957511901855,0.924133837223053,0.9138036370277405,0.8927248120307922,0.866726815700531,0.7482495307922363,0.6929388046264648,0.67673659324646,0.6395848989486694,0.6997077465057373,0.6377309560775757,0.5763226747512817,0.49477970600128174,0.46050286293029785,0.48975226283073425,0.4618135094642639,0.4837409555912018,0.4740522801876068,0.548008918762207,0.5671639442443848,0.6130205392837524,0.6945033073425293,0.6165309548377991,0.6366475224494934,0.6901708841323853,0.7751561999320984,0.8507319688796997,0.8830887079238892,0.8809797763824463,0.9121434688568115,0.9308472871780396,0.9277544021606445,0.9437644481658936,0.9547140598297119,0.9703164100646973,0.9749279022216797,0.9774672985076904,0.9728914499282837,0.9814860820770264,0.9880223274230957,0.9879617691040039,0.9810428619384766,0.9834908843040466,0.9796838760375977,0.9763278961181641,0.9679446220397949,0.9642546772956848,0.9577911496162415,0.9456630945205688,0.9441898465156555,0.9304989576339722
60,0.924544095993042,0.9194394946098328,0.9337059855461121,0.9393708109855652,0.9402477741241455,0.9554029107093811,0.9589385986328125,0.9644321203231812,0.977698802947998,0.9815337657928467,0.9868613481521606,0.9945963025093079,1.0,0.9914013147354126,0.9764478206634521,0.9773914813995361,0.9786015748977661,0.9735980033874512,0.9637894630432129,0.9561260342597961,0.9383612871170044,0.9348254203796387,0.9295545220375061,0.9189181327819824,0.8994124531745911,0.8736629486083984,0.7576392889022827,0.7039428949356079,0.6891911029815674,0.6516619324684143,0.7123168110847473,0.6493010520935059,0.5852693319320679,0.5025755763053894,0.4684717059135437,0.498207688331604,0.4661558270454407,0.48936471343040466,0.48242098093032837,0.5564292669296265,0.5785381197929382,0.6201239824295044,0.7052306532859802,0.6288867592811584,0.648428201675415,0.7021805644035339,0.7816667556762695,0.8573307991027832,0.890459418296814,0.8874371647834778,0.9198766350746155,0.9365319013595581,0.9338464140892029,0.9502071142196655,0.9604774713516235,0.9734253883361816,0.9772328734397888,0.979019284248352,0.972464382648468,0.983763575553894,0.991267740726471,0.986240804195404,0.9784732460975647,0.980079710483551,0.9761155247688293,0.9701476097106934,0.9630322456359863,0.9584568738937378,0.9522387981414795,0.9393205642700195,0.93777996301651,0.9237840175628662
65,0.914331316947937,0.9050352573394775,0.9214625358581543,0.9281078577041626,0.9275538921356201,0.9452195167541504,0.9430477619171143,0.9571229815483093,0.96714848279953,0.9721778035163879,0.9817575216293335,0.9899168610572815,0.9914013147354126,1.000000238418579,0.9862775802612305,0.9843766093254089,0.9834693670272827,0.9789271354675293,0.9662286043167114,0.9554784297943115,0.9354191422462463,0.932074785232544,0.929734468460083,0.9239809513092041,0.9059582352638245,0.8831050395965576,0.776141881942749,0.7204704284667969,0.708225667476654,0.6726117134094238,0.7317020297050476,0.6752288937568665,0.6114495396614075,0.5321227312088013,0.49610257148742676,0.5247313380241394,0.4926632344722748,0.5170266628265381,0.5089378952980042,0.5847665071487427,0.6089692115783691,0.6470757126808167,0.7250407934188843,0.6497033834457397,0.669425368309021,0.7217020392417908,0.8026005029678345,0.8653804063796997,0.8943472504615784,0.8922741413116455,0.9200206995010376,0.9364120960235596,0.928566038608551,0.9451038837432861,0.9605543613433838,0.974628210067749,0.9787591695785522,0.9836392998695374,0.9792608022689819,0.9851715564727783,0.9884072542190552,0.9834541082382202,0.971856951713562,0.9722164869308472,0.9641138315200806,0.961584210395813,0.9524897336959839,0.9462532997131348,0.9406161904335022,0.9294863343238831,0.9266576766967773,0.9119383096694946
70,0.8993898034095764,0.8876305818557739,0.9054979681968689,0.9102766513824463,0.9076660871505737,0.9300830960273743,0.9190958738327026,0.944739043712616,0.9494651556015015,0.9536995887756348,0.9682767391204834,0.9772909879684448,0.9764478206634521,0.9862775802612305,1.0,0.9905173778533936,0.9823458194732666,0.9819921255111694,0.964150071144104,0.952826976776123,0.9320710897445679,0.9253489971160889,0.9113374352455139,0.9066698551177979,0.8947086930274963,0.8793707489967346,0.7840684652328491,0.729280948638916,0.7234071493148804,0.6864041090011597,0.746302604675293,0.689637303352356,0.629879355430603,0.5508527755737305,0.5159628391265869,0.5418509244918823,0.510606050491333,0.5396096706390381,0.5329412221908569,0.6061903834342957,0.6285489797592163,0.6665117740631104,0.737966775894165,0.6613059043884277,0.683241605758667,0.7291799783706665,0.8086159229278564,0.8595526218414307,0.8827002048492432,0.8772569894790649,0.9069505929946899,0.9282652139663696,0.921576976776123,0.9369709491729736,0.9527011513710022,0.968629777431488,0.9742776155471802,0.9829384684562683,0.988165020942688,0.9768732190132141,0.9750714302062988,0.9747512340545654,0.9622119665145874,0.9596647024154663,0.9495319128036499,0.9487094879150391,0.9358507394790649,0.9268547296524048,0.9177398681640625,0.9074670076370239,0.9097123146057129,0.8956671357154846
75,0.9021065831184387,0.8943842649459839,0.9090543389320374,0.9146265983581543,0.9153057336807251,0.9346950650215149,0.929844081401825,0.9456460475921631,0.9512141942977905,0.9573429822921753,0.9689184427261353,0.9773359894752502,0.9773914813995361,0.9843766093254089,0.9905173778533936,1.0000001192092896,0.9876726865768433,0.9863786101341248,0.9692553877830505,0.9598342776298523,0.9406653046607971,0.9355834722518921,0.9208612442016602,0.9145517945289612,0.9011850357055664,0.884604811668396,0.7853153347969055,0.7333319187164307,0.7229456305503845,0.6851463913917542,0.7441936135292053,0.6869995594024658,0.6283470392227173,0.5462435483932495,0.5137110352516174,0.5379096269607544,0.5081084966659546,0.5343544483184814,0.529586136341095,0.6032213568687439,0.6215337514877319,0.6633706092834473,0.7389090061187744,0.6608864665031433,0.6817405819892883,0.7327434420585632,0.8099846839904785,0.8639242649078369,0.8897470235824585,0.8850096464157104,0.9158369302749634,0.9391105771064758,0.9329144954681396,0.9479759335517883,0.9617948532104492,0.9755987524986267,0.9811314344406128,0.988955020904541,0.9853242635726929,0.9814380407333374,0.9769447445869446,0.9736506938934326,0.9663236141204834,0.9607466459274292,0.9539818167686462,0.9489514827728271,0.9378955364227295,0.9325335025787354,0.9237712621688843,0.9119555950164795,0.9131526947021484,0.9004440903663635
80,0.900957465171814,0.8904539346694946,0.9062926769256592,0.9124007821083069,0.9135087728500366,0.9329277276992798,0.9310117959976196,0.9466565847396851,0.9543185234069824,0.9625803232192993,0.9724622368812561,0.9770320653915405,0.9786015748977661,0.9834693670272827,0.9823458194732666,0.9876726865768433,1.0000001192092896,0.9931174516677856,0.9811498522758484,0.9711385369300842,0.9527381062507629,0.9475153684616089,0.9362212419509888,0.9255295991897583,0.9109445810317993,0.890457034111023,0.7832191586494446,0.730737566947937,0.7205519676208496,0.6820133924484253,0.7433651089668274,0.6894000768661499,0.6291157007217407,0.545416533946991,0.5079907178878784,0.5337176322937012,0.5038701891899109,0.5266294479370117,0.5238085389137268,0.5997825860977173,0.6224915385246277,0.6633039712905884,0.7404924035072327,0.6595266461372375,0.6776074767112732,0.7300673723220825,0.8102744817733765,0.8705765008926392,0.9000740051269531,0.89589524269104,0.9278905391693115,0.9498753547668457,0.945160984992981,0.9560812711715698,0.9700639247894287,0.9832515716552734,0.9890531301498413,0.9861397743225098,0.9829356670379639,0.980137050151825,0.9786832928657532,0.9771808981895447,0.9678153991699219,0.9645257592201233,0.9557037353515625,0.9490841627120972,0.936604380607605,0.9312751889228821,0.9252292513847351,0.911310613155365,0.9104077816009521,0.8976448774337769
85,0.8957592844963074,0.8871269226074219,0.9026626348495483,0.909144401550293,0.9107929468154907,0.9313434958457947,0.9284341931343079,0.9420257806777954,0.9500018954277039,0.9585776329040527,0.9656489491462708,0.9712877869606018,0.9735980033874512,0.9789271354675293,0.9819921255111694,0.9863786101341248,0.9931174516677856,1.0,0.9872011542320251,0.9791765809059143,0.9621466398239136,0.9544123411178589,0.9444011449813843,0.9350804686546326,0.9231430292129517,0.9046664237976074,0.8025606870651245,0.7503160238265991,0.7423326373100281,0.7041640281677246,0.7624842524528503,0.7100077867507935,0.6454894542694092,0.5641030073165894,0.5273865461349487,0.5548384189605713,0.5240463018417358,0.5466490983963013,0.5425124168395996,0.619281530380249,0.6400802135467529,0.6848993301391602,0.7573922276496887,0.6822943687438965,0.699842095375061,0.7499797940254211,0.8272429704666138,0.8836144208908081,0.9096328020095825,0.9059934616088867,0.9353265762329102,0.957307755947113,0.9520013928413391,0.962478518486023,0.9754117727279663,0.9855890870094299,0.9866552948951721,0.9840977191925049,0.9817522764205933,0.9759559631347656,0.9733071327209473,0.9705734848976135,0.9618164300918579,0.95954430103302,0.9514318704605103,0.9438650608062744,0.9325147867202759,0.9280163645744324,0.9217825531959534,0.9062458276748657,0.9065146446228027,0.8935835361480713
90,0.8912235498428345,0.8822577595710754,0.8952965140342712,0.904066264629364,0.9067541360855103,0.9249165058135986,0.93233323097229,0.9386081099510193,0.9510526657104492,0.9546080827713013,0.9556554555892944,0.959256112575531,0.9637894630432129,0.9662286043167114,0.964150071144104,0.9692553877830505,0.9811498522758484,0.9872011542320251,1.0,0.9927434921264648,0.9840117692947388,0.9803861379623413,0.9664039015769958,0.9540695548057556,0.9423154592514038,0.9271664619445801,0.8217706084251404,0.7717926502227783,0.7566898465156555,0.7191822528839111,0.7769020795822144,0.7213567495346069,0.6600115895271301,0.5766082406044006,0.5369874238967896,0.5696982145309448,0.5442361235618591,0.5593408942222595,0.5515859723091125,0.6268995404243469,0.6498507261276245,0.6972768902778625,0.7753652930259705,0.6950022578239441,0.7146472334861755,0.7758809924125671,0.8456913232803345,0.9090883731842041,0.9333606958389282,0.9236636161804199,0.9568043947219849,0.9755539298057556,0.9763780832290649,0.9795267581939697,0.9867517948150635,0.9835138320922852,0.9805870056152344,0.9708470702171326,0.9662376642227173,0.9667656421661377,0.9623041749000549,0.9601333141326904,0.9533804655075073,0.9554130434989929,0.9466601610183716,0.9353470206260681,0.9241989254951477,0.924341082572937,0.9191088676452637,0.9007276296615601,0.8984527587890625,0.8850717544555664
95,0.8928848505020142,0.8860170245170593,0.8959996104240417,0.9053390026092529,0.9095420837402344,0.9258447885513306,0.9343762397766113,0.9371947050094604,0.9483702778816223,0.9513397216796875,0.9492512345314026,0.9520017504692078,0.9561260342597961,0.9554784297943115,0.952826976776123,0.9598342776298523,0.9711385369300842,0.9791765809059143,0.9927434921264648,1.0,0.988605260848999,0.9817529320716858,0.9714488387107849,0.9575192332267761,0.9485718011856079,0.9330576658248901,0.8281747698783875,0.7799814939498901,0.7624520063400269,0.7253400087356567,0.7807319164276123,0.7241064310073853,0.660266637802124,0.5784462690353394,0.5374130010604858,0.5741791129112244,0.5510660409927368,0.5623096823692322,0.5522670745849609,0.6318299770355225,0.6537504196166992,0.7010148167610168,0.777782678604126,0.701030969619751,0.7182474136352539,0.7811777591705322,0.8489892482757568,0.9167664051055908,0.9404824376106262,0.932265043258667,0.9606302380561829,0.9773134589195251,0.9812429547309875,0.9811725616455078,0.9854168891906738,0.9786814451217651,0.9748362302780151,0.9630465507507324,0.958834707736969,0.9595118165016174,0.9539989829063416,0.9533935785293579,0.9478647112846375,0.9517273902893066,0.9439691305160522,0.9326406121253967,0.923974871635437,0.9261361956596375,0.9217038154602051,0.901278018951416,0.8993997573852539,0.8869815468788147
100,0.874833345413208,0.8687808513641357,0.8785765767097473,0.8870767951011658,0.8918095231056213,0.9077225923538208,0.9213919043540955,0.9164313673973083,0.9315411448478699,0.9342051148414612,0.9276297688484192,0.9320105314254761,0.9383612871170044,0.9354191422462463,0.9320710897445679,0.9406653046607971,0.9527381062507629,0.9621466398239136,0.9840117692947388,0.988605260848999,1.0,0.9926317930221558,0.9750605821609497,0.9577641487121582,0.9562445878982544,0.9427573680877686,0.8384593725204468,0.7926260828971863,0.7712306976318359,0.7339909672737122,0.7834371328353882,0.722061276435852,0.6610226631164551,0.5766666531562805,0.5347868800163269,0.57600337266922,0.5551168918609619,0.5651165843009949,0.5494007468223572,0.6251528263092041,0.6501893401145935,0.7002907395362854,0.7800763249397278,0.7056519389152527,0.7276312112808228,0.7980753183364868,0.8569823503494263,0.92933589220047,0.9496655464172363,0.9337765574455261,0.9680626392364502,0.9832742810249329,0.990866482257843,0.9808729290962219,0.9774463176727295,0.9656721353530884,0.9573873281478882,0.9422444701194763,0.937114953994751,0.94195556640625,0.9338510632514954,0.9303845167160034,0.9294263124465942,0.9323127269744873,0.924079179763794,0.9080284237861633,0.900204598903656,0.9073559045791626,0.9049122929573059,0.8836454153060913,0.8805867433547974,0.8658792972564697
105,0.8689906001091003,0.8631054162979126,0.8727651834487915,0.8819679617881775,0.8868197202682495,0.900849461555481,0.918183445930481,0.9112756252288818,0.9281334280967712,0.9279883503913879,0.9225153923034668,0.9276957511901855,0.9348254203796387,0.932074785232544,0.9253489971160889,0.9355834722518921,0.9475153684616089,0.9544123411178589,0.9803861379623413,0.9817529320716858,0.9926317930221558,1.000000238418579,0.9797887802124023,0.9639047384262085,0.9607888460159302,0.9492310285568237,0.8507965803146362,0.8032281398773193,0.7816951274871826,0.7451032400131226,0.7902275919914246,0.7308583855628967,0.6695343255996704,0.585640549659729,0.5433099865913391,0.5806381702423096,0.5587671995162964,0.5672049522399902,0.5538371801376343,0.6297546625137329,0.6548935174942017,0.7056348323822021,0.7892598509788513,0.7199870944023132,0.7405290007591248,0.8093041777610779,0.8683539032936096,0.9346754550933838,0.9544074535369873,0.9393805265426636,0.9714258909225464,0.9855340719223022,0.9874448180198669,0.9779869318008423,0.9745965003967285,0.9601548910140991,0.9528501033782959,0.9376379251480103,0.9304990768432617,0.938955545425415,0.9306209087371826,0.9267252683639526,0.9237390756607056,0.9272918701171875,0.9188747406005859,0.9023078680038452,0.8943067789077759,0.9014943838119507,0.8987700939178467,0.8783013224601746,0.8742226362228394,0.8592525720596313
110,0.8727017641067505,0.8673475980758667,0.8766010999679565,0.8837602734565735,0.8879663944244385,0.8980849385261536,0.9157520532608032,0.9035518765449524,0.924095630645752,0.9226300716400146,0.9144800901412964,0.924133837223053,0.9295545220375061,0.929734468460083,0.9113374352455139,0.9208612442016602,0.9362212419509888,0.9444011449813843,0.9664039015769958,0.9714488387107849,0.9750605821609497,0.9797887802124023,1.000000238418579,0.9876436591148376,0.9736570119857788,0.9540882110595703,0.8523674011230469,0.8039578795433044,0.7813279628753662,0.745540201663971,0.7853467464447021,0.7337937951087952,0.6644370555877686,0.5889471769332886,0.5447052717208862,0.5840926766395569,0.5606521964073181,0.5671533346176147,0.5524115562438965,0.6325107216835022,0.6563906669616699,0.7054619193077087,0.7829093933105469,0.7286249399185181,0.7412902116775513,0.8119555711746216,0.8731534481048584,0.9444252252578735,0.9646785259246826,0.9649596810340881,0.9851365089416504,0.9813175201416016,0.9739059209823608,0.9699413776397705,0.9677838087081909,0.9531825184822083,0.9465088844299316,0.9299803376197815,0.9169639348983765,0.9288963079452515,0.9243347644805908,0.9191509485244751,0.9075661301612854,0.9184104204177856,0.9119198322296143,0.8976134657859802,0.8963245153427124,0.9036287069320679,0.9032531976699829,0.8842180371284485,0.8782020807266235,0.8645572066307068
115,0.8638848662376404,0.8598663806915283,0.865190863609314,0.8716222643852234,0.8748042583465576,0.8856024742126465,0.8968421816825867,0.8890738487243652,0.9082655310630798,0.9085277318954468,0.9032317399978638,0.9138036370277405,0.9189181327819824,0.9239809513092041,0.9066698551177979,0.9145517945289612,0.9255295991897583,0.9350804686546326,0.9540695548057556,0.9575192332267761,0.9577641487121582,0.9639047384262085,0.9876436591148376,1.0000001192092896,0.9796665906906128,0.9623095393180847,0.8749189376831055,0.8323837518692017,0.8044357895851135,0.7730180621147156,0.8076905012130737,0.7623029947280884,0.6941883563995361,0.6234400272369385,0.5734692215919495,0.6109098792076111,0.5895219445228577,0.5939608812332153,0.5801758766174316,0.6630650758743286,0.6862727999687195,0.7350952625274658,0.8055253624916077,0.7577888369560242,0.7636801600456238,0.837386965751648,0.8910312652587891,0.9513721466064453,0.966526448726654,0.9804650545120239,0.9817888736724854,0.9721430540084839,0.9563264846801758,0.9572901129722595,0.9585232138633728,0.9420692920684814,0.9359962940216064,0.9229558110237122,0.9105783700942993,0.9199453592300415,0.9155120849609375,0.9089744687080383,0.8976700901985168,0.9054086208343506,0.8981964588165283,0.8855369091033936,0.8859220147132874,0.8893828392028809,0.8884798288345337,0.8718656301498413,0.8671950101852417,0.8578510284423828
120,0.8456315994262695,0.8402626514434814,0.8494107723236084,0.8539469838142395,0.8560327291488647,0.871836245059967,0.8791818618774414,0.8762779831886292,0.890542209148407,0.8920283317565918,0.884871244430542,0.8927248120307922,0.8994124531745911,0.9059582352638245,0.8947086930274963,0.9011850357055664,0.9109445810317993,0.9231430292129517,0.9423154592514038,0.9485718011856079,0.9562445878982544,0.9607888460159302,0.9736570119857788,0.9796665906906128,1.0,0.98333340883255,0.918599009513855,0.8736580610275269,0.8555418252944946,0.8223888874053955,0.8539012670516968,0.803178608417511,0.7373577356338501,0.6646749377250671,0.612715482711792,0.6537683010101318,0.6297931671142578,0.6409302949905396,0.6250582933425903,0.7059440612792969,0.7347642779350281,0.7775297164916992,0.8446711301803589,0.8013895750045776,0.8164658546447754,0.8793795108795166,0.9272651076316833,0.97027987241745,0.9816080331802368,0.9721329212188721,0.9733554124832153,0.9652091264724731,0.9506350755691528,0.944801926612854,0.9456512928009033,0.9267299175262451,0.9175258278846741,0.9040924906730652,0.8958044052124023,0.9014933109283447,0.8952816128730774,0.8893117308616638,0.8830391764640808,0.8878818154335022,0.8773376941680908,0.8661752939224243,0.8665592670440674,0.8702340722084045,0.8679182529449463,0.8506616950035095,0.8493193984031677,0.8373014330863953
125,0.8199834823608398,0.8124313950538635,0.821779191493988,0.8272672295570374,0.8286449313163757,0.8474688529968262,0.8530675172805786,0.8561875820159912,0.8675886392593384,0.8649263978004456,0.8593275547027588,0.866726815700531,0.8736629486083984,0.8831050395965576,0.8793707489967346,0.884604811668396,0.890457034111023,0.9046664237976074,0.9271664619445801,0.9330576658248901,0.9427573680877686,0.9492310285568237,0.9540882110595703,0.9623095393180847,0.98333340883255,1.0000001192092896,0.9420530796051025,0.901099443435669,0.8868921995162964,0.8537929654121399,0.8825092315673828,0.8331637382507324,0.773911714553833,0.6968191862106323,0.6431717872619629,0.683570146560669,0.6595013737678528,0.6696114540100098,0.6537855267524719,0.734700620174408,0.7696871757507324,0.8124392032623291,0.8782894015312195,0.8284397721290588,0.8476501107215881,0.9083088636398315,0.9481210708618164,0.9801866412162781,0.9749259948730469,0.9552751779556274,0.9600427150726318,0.9490245580673218,0.9368011355400085,0.9279680252075195,0.9285706281661987,0.9074698090553284,0.8970038890838623,0.8844635486602783,0.8790491819381714,0.8802652359008789,0.8706153631210327,0.8669312596321106,0.8615261316299438,0.8638656139373779,0.8537076711654663,0.8433480858802795,0.8410072326660156,0.8435440063476562,0.839808464050293,0.8238880634307861,0.8217076063156128,0.8112287521362305
130,0.7090624570846558,0.7005020380020142,0.7102503776550293,0.7126586437225342,0.7082739472389221,0.7321146726608276,0.7249364852905273,0.7417637705802917,0.7462068200111389,0.7434942722320557,0.7396861910820007,0.7482495307922363,0.7576392889022827,0.776141881942749,0.7840684652328491,0.7853153347969055,0.7832191586494446,0.8025606870651245,0.8217706084251404,0.8281747698783875,0.8384593725204468,0.8507965803146362,0.8523674011230469,0.8749189376831055,0.918599009513855,0.9420530796051025,1.000000238418579,0.9518303871154785,0.9651806354522705,0.9391170740127563,0.9347600936889648,0.8862873911857605,0.8355016112327576,0.7661021947860718,0.7131098508834839,0.7508448958396912,0.7315531969070435,0.7452009916305542,0.7208548784255981,0.8027675151824951,0.84669429063797,0.8737608194351196,0.9116241931915283,0.9142407178878784,0.9392697811126709,0.9593839645385742,0.977531909942627,0.9242324829101562,0.9011088013648987,0.8858175277709961,0.8689172267913818,0.849702000617981,0.8272756934165955,0.8161457180976868,0.8212292194366455,0.7969940900802612,0.7860555648803711,0.778243362903595,0.778907835483551,0.7670331001281738,0.7555418014526367,0.7534542083740234,0.7468657493591309,0.7437596917152405,0.7296619415283203,0.7266095280647278,0.7232218980789185,0.7212588787078857,0.7138176560401917,0.7055171132087708,0.7086775302886963,0.7009375691413879
135,0.6599134802818298,0.6553026437759399,0.6616988778114319,0.6661122441291809,0.6614946126937866,0.6832903623580933,0.6769863367080688,0.6895125508308411,0.6918294429779053,0.6906630992889404,0.6845746636390686,0.6929388046264648,0.7039428949356079,0.7204704284667969,0.729280948638916,0.7333319187164307,0.730737566947937,0.7503160238265991,0.7717926502227783,0.7799814939498901,0.7926260828971863,0.8032281398773193,0.8039578795433044,0.8323837518692017,0.8736580610275269,0.901099443435669,0.9518303871154785,1.0,0.960054874420166,0.9512227773666382,0.9393031001091003,0.8999224305152893,0.8798916935920715,0.8098334074020386,0.7532477974891663,0.7736414670944214,0.754143238067627,0.7696325182914734,0.7591238021850586,0.8291559219360352,0.8648755550384521,0.8818824887275696,0.9348531365394592,0.9233536720275879,0.9238743782043457,0.9727290272712708,0.9287045001983643,0.883960485458374,0.8620850443840027,0.8468188047409058,0.8258569240570068,0.8067104816436768,0.7855614423751831,0.77889084815979,0.7760026454925537,0.74625563621521,0.7380411624908447,0.7285847663879395,0.7272129654884338,0.7179151773452759,0.7024946212768555,0.6995447874069214,0.6956446766853333,0.6917902231216431,0.6802520155906677,0.6743615865707397,0.67204350233078,0.6734609603881836,0.6640757918357849,0.6573233604431152,0.6603329181671143,0.6538177132606506
140,0.6417345404624939,0.6322305202484131,0.6447229385375977,0.6458715796470642,0.6377450227737427,0.6644647717475891,0.6507986187934875,0.6726349592208862,0.6726205945014954,0.6698533892631531,0.6678441762924194,0.67673659324646,0.6891911029815674,0.708225667476654,0.7234071493148804,0.7229456305503845,0.7205519676208496,0.7423326373100281,0.7566898465156555,0.7624520063400269,0.7712306976318359,0.7816951274871826,0.7813279628753662,0.8044357895851135,0.8555418252944946,0.8868921995162964,0.9651806354522705,0.960054874420166,1.0000001192092896,0.97945636510849,0.9633540511131287,0.9266723394393921,0.8851508498191833,0.8258219957351685,0.77358478307724,0.8066630363464355,0.7788682579994202,0.79936683177948,0.7840934991836548,0.854661762714386,0.9013199806213379,0.912004828453064,0.9386450052261353,0.9578648209571838,0.9725185036659241,0.9593043327331543,0.9404509663581848,0.8707861304283142,0.8435558080673218,0.8202316164970398,0.8040013313293457,0.7811439633369446,0.7582800388336182,0.7472788691520691,0.7534756660461426,0.731204092502594,0.7204337120056152,0.7146688103675842,0.7175233364105225,0.7002957463264465,0.6877254247665405,0.6856144666671753,0.6758326292037964,0.6726894378662109,0.6567655205726624,0.6576696038246155,0.655319333076477,0.6515580415725708,0.64173823595047,0.6354434490203857,0.6425701379776001,0.6347205638885498
