,0,5,10,15,20,25,30,35,40,45,50,55,60,65,70,75,80,85,90,95,100,105,110,115,120,125,130,135,140,145,150,155,160,165,170,175,180,185,190,195,200,205,210,215,220,225,230,235,240,245,250,255,260,265,270,275,280,285,290,295,300,305,310,315,320,325,330,335,340,345,350,355
0,0.9999999403953552,0.9842575192451477,0.947134792804718,0.9350484609603882,0.9132299423217773,0.8915626406669617,0.8633072972297668,0.8637418150901794,0.8760991096496582,0.880740225315094,0.8827131986618042,0.8880252242088318,0.8807398080825806,0.8689255118370056,0.8695970177650452,0.863799512386322,0.8563896417617798,0.8579026460647583,0.8597910404205322,0.8543700575828552,0.8577149510383606,0.8556920289993286,0.8601148724555969,0.8641461730003357,0.8843894600868225,0.8797110319137573,0.8806477785110474,0.8716180920600891,0.872252881526947,0.8913483619689941,0.9139291644096375,0.9302785992622375,0.9295282363891602,0.9324773550033569,0.9228314161300659,0.9134626388549805,0.9143946766853333,0.9050279855728149,0.918893039226532,0.9308904409408569,0.9324061274528503,0.9231774806976318,0.9121084213256836,0.9019662737846375,0.8917372226715088,0.8760780692100525,0.8834816813468933,0.8765788674354553,0.8748196959495544,0.8566399812698364,0.8639407157897949,0.8645979166030884,0.8676932454109192,0.8615539073944092,0.8569765686988831,0.8572335839271545,0.8596075177192688,0.8539167046546936,0.8618430495262146,0.8651997447013855,0.855938196182251,0.8688313364982605,0.8766807913780212,0.8806135058403015,0.8680071234703064,0.8691341876983643,0.8667733073234558,0.8823233842849731,0.9171727299690247,0.9334832429885864,0.9544618725776672,0.9779914021492004
5,0.9842575192451477,1.0000003576278687,0.9686028361320496,0.946571409702301,0.9180132150650024,0.8948377966880798,0.8678709268569946,0.8633673787117004,0.8755230903625488,0.8795842528343201,0.882890522480011,0.8890801668167114,0.8831436634063721,0.870787501335144,0.8720859289169312,0.8665968179702759,0.8623490333557129,0.8590998649597168,0.8616796731948853,0.8573994040489197,0.8616188764572144,0.8615837693214417,0.864590048789978,0.8683386445045471,0.8897890448570251,0.8879650235176086,0.8913504481315613,0.8840860724449158,0.8847329020500183,0.9013744592666626,0.9176517128944397,0.9327216744422913,0.9357373118400574,0.9429510235786438,0.935320258140564,0.9358076453208923,0.9346751570701599,0.9278172850608826,0.9342719316482544,0.9400753974914551,0.934611439704895,0.9243432283401489,0.9193967580795288,0.911969780921936,0.9023572206497192,0.885517418384552,0.8922474384307861,0.8843998312950134,0.8821051716804504,0.8637927174568176,0.8689557909965515,0.8705624938011169,0.8743913769721985,0.8665278553962708,0.8618165254592896,0.8607446551322937,0.8680469393730164,0.8566616773605347,0.8630955219268799,0.8683388233184814,0.8587291240692139,0.8706498146057129,0.8796574473381042,0.8833180665969849,0.8728678226470947,0.8774845600128174,0.8750581741333008,0.8894418478012085,0.9250391721725464,0.9507186412811279,0.9769711494445801,0.9945265054702759
10,0.947134792804718,0.9686028361320496,1.0000001192092896,0.9696427583694458,0.9160786271095276,0.8820623755455017,0.8528313636779785,0.8490198254585266,0.8621841073036194,0.8770657777786255,0.8835622072219849,0.8955382108688354,0.8888429403305054,0.8754085302352905,0.869564414024353,0.8632553815841675,0.8660584688186646,0.8615395426750183,0.866849422454834,0.8657075762748718,0.8709702491760254,0.8722693920135498,0.8689256310462952,0.8790530562400818,0.9049272537231445,0.9164491295814514,0.9160971641540527,0.9188539385795593,0.9183451533317566,0.9272271394729614,0.9294731616973877,0.9241669178009033,0.9269689917564392,0.9518395662307739,0.9208588600158691,0.924994707107544,0.9252681136131287,0.9145401120185852,0.9421341419219971,0.9545758962631226,0.9366992712020874,0.9289305806159973,0.926211953163147,0.93449866771698,0.9286434650421143,0.9174090623855591,0.9243263006210327,0.915363609790802,0.9069854617118835,0.8809526562690735,0.8774152994155884,0.8859482407569885,0.895230233669281,0.8832285404205322,0.8784507513046265,0.8719502687454224,0.8794201612472534,0.8621106147766113,0.8675533533096313,0.8803868293762207,0.8775817155838013,0.8852211833000183,0.8904058337211609,0.8866599798202515,0.8700544238090515,0.8716990351676941,0.8621402978897095,0.8707636594772339,0.9345389008522034,0.9790565967559814,0.9912866950035095,0.9669159650802612
15,0.9350484609603882,0.946571409702301,0.9696427583694458,1.000000238418579,0.9693677425384521,0.9335266947746277,0.9058809280395508,0.8946609497070312,0.9052315354347229,0.9098038673400879,0.9152283072471619,0.924296498298645,0.9158928990364075,0.9068522453308105,0.9069803953170776,0.891814649105072,0.8841792941093445,0.8865399360656738,0.8912315964698792,0.8906764388084412,0.8972432017326355,0.8967807292938232,0.9006859660148621,0.9076260328292847,0.9285591840744019,0.9239754676818848,0.9250836968421936,0.9253000020980835,0.9220839142799377,0.934152364730835,0.9360436797142029,0.9387609958648682,0.946451723575592,0.9581727385520935,0.9281296730041504,0.8994651436805725,0.8937683701515198,0.888068675994873,0.9386214017868042,0.9632233381271362,0.9564008712768555,0.9524726271629333,0.9511027932167053,0.949414074420929,0.9403723478317261,0.9283739328384399,0.9259922504425049,0.9139478802680969,0.9190565943717957,0.9039449095726013,0.9036523103713989,0.9089356064796448,0.9170926213264465,0.9065016508102417,0.9012289047241211,0.9007142782211304,0.8981994986534119,0.8933270573616028,0.90311199426651,0.9040008187294006,0.8999409675598145,0.9127834439277649,0.9169663190841675,0.9167848229408264,0.9145628809928894,0.9169402718544006,0.9156294465065002,0.9284103512763977,0.9744805097579956,0.9879359602928162,0.9696667790412903,0.9394427537918091
20,0.9132299423217773,0.9180132150650024,0.9160786271095276,0.9693677425384521,1.0000003576278687,0.9869030714035034,0.9674040079116821,0.9504775404930115,0.9478009939193726,0.9416514039039612,0.9436031579971313,0.9374885559082031,0.9297935962677002,0.9280153512954712,0.9317037463188171,0.9200825095176697,0.9069393873214722,0.9131316542625427,0.9172430038452148,0.9149839878082275,0.9203318953514099,0.9201197624206543,0.9289134740829468,0.9239437580108643,0.9327439665794373,0.9116269946098328,0.9118560552597046,0.9016208052635193,0.8942091464996338,0.9116610288619995,0.9271280765533447,0.9429448843002319,0.9543540477752686,0.9422326683998108,0.9311237335205078,0.8817174434661865,0.8712130188941956,0.8781681060791016,0.9269499778747559,0.9467213153839111,0.9568819403648376,0.9612761735916138,0.9591450691223145,0.9326728582382202,0.920854389667511,0.9015084505081177,0.9025334119796753,0.8888089656829834,0.9112921953201294,0.9124197959899902,0.9258810877799988,0.9199751019477844,0.9220792055130005,0.9179902076721191,0.9120985269546509,0.9164180755615234,0.909452497959137,0.9183754324913025,0.9269256591796875,0.9208463430404663,0.9122498035430908,0.9272767901420593,0.9363480806350708,0.9446114301681519,0.9556981921195984,0.9627244472503662,0.9703757762908936,0.9787625074386597,0.9869977235794067,0.9511157274246216,0.9205427765846252,0.9086952209472656
25,0.8915626406669617,0.8948377966880798,0.8820623755455017,0.9335266947746277,0.9869030714035034,1.0000005960464478,0.9890706539154053,0.9714112281799316,0.9585213661193848,0.947206974029541,0.948009729385376,0.9323625564575195,0.9257699847221375,0.9272586703300476,0.9330558180809021,0.9259667992591858,0.9132945537567139,0.918955385684967,0.9230823516845703,0.9206748008728027,0.924633264541626,0.9251631498336792,0.9355596303939819,0.9242427945137024,0.9259666800498962,0.8989930152893066,0.8976998925209045,0.881691038608551,0.8711938858032227,0.8906810283660889,0.9118396043777466,0.9317769408226013,0.9433212280273438,0.917495608329773,0.9172483682632446,0.8606293797492981,0.8487306237220764,0.8612657785415649,0.9087857007980347,0.9220571517944336,0.9400268793106079,0.9500826597213745,0.9491236209869385,0.9116418361663818,0.9002259969711304,0.8770677447319031,0.8831449747085571,0.8696954250335693,0.9006633162498474,0.909639298915863,0.9291154146194458,0.916654109954834,0.9144478440284729,0.9149690866470337,0.9096795320510864,0.9148868322372437,0.9081079959869385,0.9226455688476562,0.9279319047927856,0.9195336103439331,0.910192608833313,0.9250943064689636,0.9360604286193848,0.948298454284668,0.9654872417449951,0.9742426872253418,0.9834716320037842,0.9857478737831116,0.9737111330032349,0.916976273059845,0.887413501739502,0.8872325420379639
30,0.8633072972297668,0.8678709268569946,0.8528313636779785,0.9058809280395508,0.9674040079116821,0.9890706539154053,0.9999999403953552,0.986466109752655,0.9692963361740112,0.9527244567871094,0.950646698474884,0.9281403422355652,0.9240661263465881,0.9293819665908813,0.9357991218566895,0.9303328990936279,0.9185504913330078,0.9229878187179565,0.9265079498291016,0.9245675802230835,0.927118718624115,0.9287221431732178,0.9415447115898132,0.928202211856842,0.9240776300430298,0.892208456993103,0.8902923464775085,0.8709313273429871,0.8588855266571045,0.8767114877700806,0.8977648019790649,0.9162160754203796,0.930510938167572,0.8964351415634155,0.9015786051750183,0.8439539670944214,0.8320966958999634,0.8454955220222473,0.887935221195221,0.901921808719635,0.9235084056854248,0.9346242547035217,0.9378944635391235,0.8963348269462585,0.887636661529541,0.8649020195007324,0.8712012767791748,0.8595545291900635,0.8955131769180298,0.9106422066688538,0.9307281374931335,0.9149144291877747,0.9089981317520142,0.9126518368721008,0.9089576005935669,0.9150093793869019,0.9081627726554871,0.9265349507331848,0.9308606386184692,0.9201873540878296,0.9099795818328857,0.922734260559082,0.9358588457107544,0.9514878392219543,0.9755710363388062,0.984103262424469,0.9906148910522461,0.9761143922805786,0.9529343843460083,0.8898159265518188,0.8605545163154602,0.8616940379142761
35,0.8637418150901794,0.8633673787117004,0.8490198254585266,0.8946609497070312,0.9504775404930115,0.9714112281799316,0.986466109752655,0.9999998807907104,0.987739086151123,0.9776790142059326,0.9723342061042786,0.9460887908935547,0.9441335201263428,0.9525289535522461,0.9566788673400879,0.9557831883430481,0.9412060976028442,0.950751781463623,0.9517552852630615,0.9486799836158752,0.950752854347229,0.9491025805473328,0.9615985155105591,0.9498127698898315,0.9428629279136658,0.911213755607605,0.9073365926742554,0.8865020275115967,0.8730881214141846,0.8898129463195801,0.9131225347518921,0.9263984560966492,0.9366128444671631,0.897007167339325,0.9000459313392639,0.8386901021003723,0.8297888040542603,0.8387607336044312,0.8849799633026123,0.8995511531829834,0.9243447780609131,0.9351568818092346,0.9398312568664551,0.9053089022636414,0.9003211855888367,0.8793090581893921,0.8870389461517334,0.8794705867767334,0.9170984029769897,0.9320946931838989,0.951962411403656,0.9349780678749084,0.9262126684188843,0.9327324032783508,0.9305302500724792,0.9377963542938232,0.9271128177642822,0.9515334367752075,0.9551968574523926,0.9449018836021423,0.9335604310035706,0.9443389773368835,0.9585756659507751,0.9734931588172913,0.9875152111053467,0.9871670007705688,0.9784594178199768,0.9522557854652405,0.9422180652618408,0.8818321824073792,0.8565597534179688,0.8588271737098694
40,0.8760991096496582,0.8755230903625488,0.8621841073036194,0.9052315354347229,0.9478009939193726,0.9585213661193848,0.9692963361740112,0.987739086151123,1.0000003576278687,0.9914595484733582,0.9845200777053833,0.9661935567855835,0.9638816118240356,0.9697061777114868,0.9712867736816406,0.9700632691383362,0.9564855098724365,0.964880108833313,0.9646399617195129,0.9608684182167053,0.9616607427597046,0.9577282667160034,0.9685607552528381,0.9633544683456421,0.9633728265762329,0.9348942041397095,0.9335790276527405,0.914313793182373,0.9045532941818237,0.9201499223709106,0.9405438303947449,0.9486656188964844,0.9565894603729248,0.9198399782180786,0.9221774339675903,0.8610584139823914,0.8513531684875488,0.8555630445480347,0.9049749374389648,0.9165412783622742,0.9382910132408142,0.9464120268821716,0.9562407732009888,0.9329898953437805,0.9302378296852112,0.910605788230896,0.9145436882972717,0.9086850881576538,0.9402399063110352,0.9463415145874023,0.9603203535079956,0.9491318464279175,0.9443419575691223,0.9502289891242981,0.9476981163024902,0.9543357491493225,0.9478374123573303,0.964704692363739,0.9690004587173462,0.964011549949646,0.9513083100318909,0.9621511101722717,0.9737868309020996,0.9853905439376831,0.9880354404449463,0.9828717708587646,0.9658475518226624,0.9417515993118286,0.9444843530654907,0.8949726819992065,0.8726561069488525,0.8726930618286133
45,0.880740225315094,0.8795842528343201,0.8770657777786255,0.9098038673400879,0.9416514039039612,0.947206974029541,0.9527244567871094,0.9776790142059326,0.9914595484733582,1.000000238418579,0.9963934421539307,0.9827663898468018,0.9816097021102905,0.9844529628753662,0.9788935780525208,0.979541540145874,0.9707508683204651,0.9785503149032593,0.9791975021362305,0.9759237766265869,0.9776718616485596,0.974381685256958,0.9782688617706299,0.976246178150177,0.9745085835456848,0.9544370174407959,0.9488979578018188,0.9333449602127075,0.9225382208824158,0.934914767742157,0.9525220394134521,0.9470566511154175,0.9522920846939087,0.9243806004524231,0.91397625207901,0.8594796657562256,0.8532423377037048,0.8552742004394531,0.9062811732292175,0.9234762787818909,0.9399888515472412,0.9478203654289246,0.9596937298774719,0.9440634846687317,0.9432387948036194,0.9257402420043945,0.9343911409378052,0.9309810400009155,0.9597231149673462,0.9641637206077576,0.9735779762268066,0.9671143293380737,0.9635381102561951,0.9670888185501099,0.9655305743217468,0.9683828353881836,0.962489128112793,0.9764881730079651,0.9809768199920654,0.9823889136314392,0.9737533330917358,0.980981707572937,0.9895836114883423,0.9956849813461304,0.9860237240791321,0.9759403467178345,0.949907660484314,0.9218162298202515,0.9455080032348633,0.9023220539093018,0.879406213760376,0.8739166855812073
50,0.8827131986618042,0.882890522480011,0.8835622072219849,0.9152283072471619,0.9436031579971313,0.948009729385376,0.950646698474884,0.9723342061042786,0.9845200777053833,0.9963934421539307,1.000000238418579,0.9907147884368896,0.9882636070251465,0.9899488687515259,0.9835700988769531,0.9798605442047119,0.9696043133735657,0.9794552326202393,0.9816845655441284,0.9788635969161987,0.9826101064682007,0.9790987372398376,0.980733335018158,0.9776387214660645,0.9757211804389954,0.9575487375259399,0.9510607719421387,0.9380348324775696,0.9267908930778503,0.9389943480491638,0.9556312561035156,0.9466527700424194,0.9507308006286621,0.9256644248962402,0.90973961353302,0.8566965460777283,0.8511166572570801,0.8527769446372986,0.9046591520309448,0.9274890422821045,0.943901538848877,0.9532335996627808,0.966741681098938,0.9492624998092651,0.946434497833252,0.9297441840171814,0.9389045238494873,0.9346956014633179,0.9619418978691101,0.9672988057136536,0.9755837321281433,0.9724161624908447,0.9715464115142822,0.9726635813713074,0.9707536697387695,0.9722156524658203,0.9624743461608887,0.9788747429847717,0.984573483467102,0.9861426949501038,0.9805693626403809,0.9875073432922363,0.9916963577270508,0.9938031435012817,0.9848319888114929,0.9735685586929321,0.9480321407318115,0.9245849251747131,0.9495284557342529,0.9062299728393555,0.8838676810264587,0.8757528066635132
55,0.8880252242088318,0.8890801668167114,0.8955382108688354,0.924296498298645,0.9374885559082031,0.9323625564575195,0.9281403422355652,0.9460887908935547,0.9661935567855835,0.9827663898468018,0.9907147884368896,0.9999996423721313,0.9960864782333374,0.9923477172851562,0.9846252202987671,0.9761800765991211,0.9671834111213684,0.9744075536727905,0.9775844216346741,0.9755190014839172,0.9799148440361023,0.9765245914459229,0.9742053747177124,0.9766827821731567,0.9795787334442139,0.9695677757263184,0.9640336036682129,0.9563876986503601,0.9495935440063477,0.9579339623451233,0.9671285152435303,0.9461680054664612,0.9464142918586731,0.9301334619522095,0.9017242193222046,0.860719621181488,0.8578109741210938,0.8541370630264282,0.9004034996032715,0.9314547777175903,0.9458366632461548,0.9529321789741516,0.9708031415939331,0.9653998613357544,0.9624819755554199,0.9509434103965759,0.9574251770973206,0.9546815752983093,0.971671462059021,0.9714329242706299,0.9721777439117432,0.9774448871612549,0.9821917414665222,0.9792857766151428,0.9757131338119507,0.9748813509941101,0.9670112133026123,0.9762891530990601,0.9830614328384399,0.9870447516441345,0.9856048822402954,0.9925917387008667,0.9884668588638306,0.9834938049316406,0.9689961671829224,0.9559568166732788,0.929603636264801,0.913727879524231,0.94705730676651,0.9140033721923828,0.8958746790885925,0.8786184191703796
60,0.8807398080825806,0.8831436634063721,0.8888429403305054,0.9158928990364075,0.9297935962677002,0.9257699847221375,0.9240661263465881,0.9441335201263428,0.9638816118240356,0.9816097021102905,0.9882636070251465,0.9960864782333374,1.0000001192092896,0.9966802597045898,0.9900623559951782,0.9857582449913025,0.9776740074157715,0.9829139709472656,0.9839221239089966,0.982124924659729,0.98421311378479,0.9817437529563904,0.9758740067481995,0.9766571521759033,0.9753329157829285,0.9661123752593994,0.9619724154472351,0.9534826278686523,0.9465113282203674,0.9541870355606079,0.9608839750289917,0.9405380487442017,0.9398615956306458,0.9249779582023621,0.898373007774353,0.8586604595184326,0.8542343378067017,0.8517189025878906,0.8992476463317871,0.9257441759109497,0.9349799156188965,0.9432892799377441,0.964188814163208,0.9600210189819336,0.9600201845169067,0.9462860822677612,0.9533032178878784,0.950993537902832,0.9693046808242798,0.9737305045127869,0.9760470986366272,0.9824957847595215,0.9869590997695923,0.986168384552002,0.984941840171814,0.9839508533477783,0.9769948124885559,0.9851641654968262,0.989759087562561,0.9937329292297363,0.9921353459358215,0.9950652122497559,0.9913108348846436,0.9835370779037476,0.965304970741272,0.9545776844024658,0.9251675009727478,0.9033442735671997,0.9402686953544617,0.9109480977058411,0.8899308443069458,0.8744713068008423
65,0.8689255118370056,0.870787501335144,0.8754085302352905,0.9068522453308105,0.9280153512954712,0.9272586703300476,0.9293819665908813,0.9525289535522461,0.9697061777114868,0.9844529628753662,0.9899488687515259,0.9923477172851562,0.9966802597045898,1.000000238418579,0.9953954219818115,0.9900956153869629,0.9792441725730896,0.9880793690681458,0.9885001182556152,0.9869838953018188,0.9887388944625854,0.9854641556739807,0.9820424318313599,0.9794633984565735,0.9746296405792236,0.9608550071716309,0.9567925333976746,0.9461408853530884,0.9364578723907471,0.9443433284759521,0.9521734714508057,0.9346120357513428,0.9361528754234314,0.9167332053184509,0.8924529552459717,0.8478177785873413,0.8420857787132263,0.8401105999946594,0.8895609378814697,0.9170112609863281,0.9296940565109253,0.9385718107223511,0.9587689638137817,0.9515653848648071,0.9517687559127808,0.9390259385108948,0.9452217817306519,0.9430161714553833,0.9656215906143188,0.9749857187271118,0.9806737899780273,0.983656644821167,0.985490083694458,0.9869582056999207,0.9859217405319214,0.987219512462616,0.976319432258606,0.9907870888710022,0.9952334761619568,0.9942266941070557,0.9907439947128296,0.9926304221153259,0.9913874864578247,0.9854586124420166,0.9714916348457336,0.9600197076797485,0.9307170510292053,0.9054405093193054,0.9344372153282166,0.8998543620109558,0.877421498298645,0.8622089624404907
70,0.8695970177650452,0.8720859289169312,0.869564414024353,0.9069803953170776,0.9317037463188171,0.9330558180809021,0.9357991218566895,0.9566788673400879,0.9712867736816406,0.9788935780525208,0.9835700988769531,0.9846252202987671,0.9900623559951782,0.9953954219818115,1.000000238418579,0.9930189847946167,0.9777717590332031,0.9882605671882629,0.9877347350120544,0.9864502549171448,0.9866750240325928,0.9825042486190796,0.9809072017669678,0.9749689102172852,0.9684420824050903,0.950435996055603,0.9502108097076416,0.9381928443908691,0.9294351935386658,0.9375500679016113,0.9426695108413696,0.9331839680671692,0.9347493052482605,0.9116225242614746,0.8917618989944458,0.8457778692245483,0.8367705941200256,0.8368916511535645,0.885283350944519,0.9113471508026123,0.9256645441055298,0.9342694878578186,0.9547753930091858,0.9468846321105957,0.947239875793457,0.933656632900238,0.9353575706481934,0.9308276176452637,0.9556231498718262,0.9697847962379456,0.9793701171875,0.9812512993812561,0.9821221232414246,0.9858787655830383,0.9849106073379517,0.9889184236526489,0.9750902652740479,0.993045449256897,0.9958341717720032,0.9865989685058594,0.9816861152648926,0.9849998950958252,0.9857354760169983,0.9803285598754883,0.9718167781829834,0.963714063167572,0.9381891489028931,0.9150485396385193,0.935006320476532,0.8984091281890869,0.8774813413619995,0.8644089698791504
75,0.863799512386322,0.8665968179702759,0.8632553815841675,0.891814649105072,0.9200825095176697,0.9259667992591858,0.9303328990936279,0.9557831883430481,0.9700632691383362,0.979541540145874,0.9798605442047119,0.9761800765991211,0.9857582449913025,0.9900956153869629,0.9930189847946167,1.000000238418579,0.9915763735771179,0.9964346289634705,0.9938399791717529,0.9919602870941162,0.9885339736938477,0.9856967329978943,0.9813872575759888,0.9740625619888306,0.963628351688385,0.9469571113586426,0.9481109380722046,0.9332576990127563,0.9250968098640442,0.9333465099334717,0.9397145509719849,0.930147647857666,0.9292278289794922,0.9043880105018616,0.8898516297340393,0.8451254367828369,0.8347876071929932,0.8374507427215576,0.8848098516464233,0.9026051759719849,0.9132409691810608,0.9226424694061279,0.9454141855239868,0.9380367398262024,0.9417096972465515,0.9246659874916077,0.9299951195716858,0.9260894656181335,0.9522136449813843,0.9682497978210449,0.9818915128707886,0.9813514351844788,0.9786906838417053,0.9866230487823486,0.9874187707901001,0.9917968511581421,0.9854228496551514,0.9957836866378784,0.9921731948852539,0.9873635768890381,0.9815319776535034,0.9829975962638855,0.9875469207763672,0.9818572402000427,0.9668295979499817,0.9609395265579224,0.9306442141532898,0.9005423784255981,0.925520658493042,0.8907415270805359,0.8694950342178345,0.8619354367256165
80,0.8563896417617798,0.8623490333557129,0.8660584688186646,0.8841792941093445,0.9069393873214722,0.9132945537567139,0.9185504913330078,0.9412060976028442,0.9564855098724365,0.9707508683204651,0.9696043133735657,0.9671834111213684,0.9776740074157715,0.9792441725730896,0.9777717590332031,0.9915763735771179,1.0000001192092896,0.9918947815895081,0.9905207753181458,0.9896158576011658,0.984723687171936,0.9855462312698364,0.9778320789337158,0.9733705520629883,0.9620182514190674,0.9505767822265625,0.9508472681045532,0.9361993670463562,0.9270083904266357,0.9337387084960938,0.9376100897789001,0.9208943843841553,0.920830488204956,0.9030979871749878,0.8847504258155823,0.850949764251709,0.839452862739563,0.8445345163345337,0.8866830468177795,0.9013164043426514,0.9052943587303162,0.91419917345047,0.939168393611908,0.9341055750846863,0.939673900604248,0.9231297373771667,0.9331539869308472,0.930433988571167,0.9549172520637512,0.9699591398239136,0.9805852174758911,0.9803581833839417,0.9751776456832886,0.9830138683319092,0.9841336011886597,0.9854840040206909,0.9932331442832947,0.9877889156341553,0.9801751375198364,0.9828311204910278,0.9791198372840881,0.9772951006889343,0.9829625487327576,0.976352870464325,0.956341564655304,0.9531906843185425,0.919817328453064,0.8831729292869568,0.9165670275688171,0.889148473739624,0.8680675029754639,0.8577619791030884
85,0.8579026460647583,0.8590998649597168,0.8615395426750183,0.8865399360656738,0.9131316542625427,0.918955385684967,0.9229878187179565,0.950751781463623,0.964880108833313,0.9785503149032593,0.9794552326202393,0.9744075536727905,0.9829139709472656,0.9880793690681458,0.9882605671882629,0.9964346289634705,0.9918947815895081,1.0,0.9986299872398376,0.9973282814025879,0.9943111538887024,0.9911337494850159,0.9863633513450623,0.98012375831604,0.9670553207397461,0.9525521993637085,0.9532860517501831,0.9394668340682983,0.9289129376411438,0.9355278015136719,0.9396376609802246,0.9250109195709229,0.92364901304245,0.9015993475914001,0.8807930946350098,0.8393487930297852,0.8286970853805542,0.8316884636878967,0.8794000148773193,0.8999820947647095,0.9101793766021729,0.9203542470932007,0.9429388046264648,0.9386230111122131,0.9430575370788574,0.9283740520477295,0.935393750667572,0.931693971157074,0.9577881097793579,0.97491455078125,0.9875129461288452,0.9868324995040894,0.9821820855140686,0.9902601838111877,0.9910422563552856,0.9939905405044556,0.985405445098877,0.9955185055732727,0.990414023399353,0.9866200089454651,0.9831086993217468,0.9829673767089844,0.9881036281585693,0.9808774590492249,0.9639966487884521,0.9563829898834229,0.9240298271179199,0.8914041519165039,0.9204835295677185,0.8872061967849731,0.8650147914886475,0.8533754348754883
90,0.8597910404205322,0.8616796731948853,0.866849422454834,0.8912315964698792,0.9172430038452148,0.9230823516845703,0.9265079498291016,0.9517552852630615,0.9646399617195129,0.9791975021362305,0.9816845655441284,0.9775844216346741,0.9839221239089966,0.9885001182556152,0.9877347350120544,0.9938399791717529,0.9905207753181458,0.9986299872398376,1.0000001192092896,0.9990799427032471,0.9973033666610718,0.9949541091918945,0.990379810333252,0.9844590425491333,0.9718893766403198,0.9579692482948303,0.9576410055160522,0.9443737864494324,0.9331204891204834,0.9392699599266052,0.9429448843002319,0.9256559610366821,0.9246739149093628,0.9045833349227905,0.8814154863357544,0.8413804173469543,0.8308318257331848,0.8349379897117615,0.881378173828125,0.9039871096611023,0.9142124652862549,0.9251748919487,0.9482346773147583,0.9431536197662354,0.9462933540344238,0.9324986934661865,0.9406652450561523,0.936622679233551,0.9624440670013428,0.9791008234024048,0.9902451634407043,0.989762008190155,0.985123872756958,0.9918549060821533,0.9917200207710266,0.9932690262794495,0.9848578572273254,0.9943028688430786,0.9898854494094849,0.9871324896812439,0.9848716855049133,0.9850077629089355,0.9894434213638306,0.9825672507286072,0.9670071005821228,0.9591684341430664,0.9278589487075806,0.8960170149803162,0.9248894453048706,0.8908817172050476,0.8686965703964233,0.8551082611083984
95,0.8543700575828552,0.8573994040489197,0.8657075762748718,0.8906764388084412,0.9149839878082275,0.9206748008728027,0.9245675802230835,0.9486799836158752,0.9608684182167053,0.9759237766265869,0.9788635969161987,0.9755190014839172,0.982124924659729,0.9869838953018188,0.9864502549171448,0.9919602870941162,0.9896158576011658,0.9973282814025879,0.9990799427032471,1.000000238418579,0.9975181818008423,0.9958621263504028,0.9911758303642273,0.9849075078964233,0.9725572466850281,0.9596937298774719,0.9589182138442993,0.9463158249855042,0.9345448613166809,0.9397154450416565,0.9405263066291809,0.9216473698616028,0.9212262034416199,0.9018951654434204,0.87607741355896,0.8367623686790466,0.8259146213531494,0.8297387361526489,0.8781183362007141,0.903084397315979,0.912229061126709,0.922846794128418,0.9463275671005249,0.9432104229927063,0.9470434188842773,0.9344061017036438,0.942143440246582,0.9380972981452942,0.9636693596839905,0.9800925254821777,0.9905165433883667,0.9906429052352905,0.9862890243530273,0.9928562641143799,0.9927908778190613,0.9939566850662231,0.985054612159729,0.9939766526222229,0.9891208410263062,0.9860686659812927,0.9845892190933228,0.9838744401931763,0.9877824187278748,0.9806999564170837,0.9659934639930725,0.9582664966583252,0.9267503619194031,0.8937264680862427,0.9235543012619019,0.8899035453796387,0.8671081066131592,0.8506008386611938
100,0.8577149510383606,0.8616188764572144,0.8709702491760254,0.8972432017326355,0.9203318953514099,0.924633264541626,0.927118718624115,0.950752854347229,0.9616607427597046,0.9776718616485596,0.9826101064682007,0.9799148440361023,0.98421311378479,0.9887388944625854,0.9866750240325928,0.9885339736938477,0.984723687171936,0.9943111538887024,0.9973033666610718,0.9975181818008423,1.0000001192092896,0.9972768425941467,0.9927288293838501,0.987724244594574,0.9763983488082886,0.964126467704773,0.9625934362411499,0.9506149888038635,0.9379041194915771,0.9431552290916443,0.9452798962593079,0.9243239164352417,0.9236507415771484,0.9058138728141785,0.8774338960647583,0.8370133638381958,0.8276702165603638,0.8310049176216125,0.8789520859718323,0.906553328037262,0.9175916910171509,0.9293738007545471,0.9534137845039368,0.9485437870025635,0.9494624137878418,0.9376914501190186,0.9460716247558594,0.9420451521873474,0.9674117565155029,0.9825389981269836,0.9909783601760864,0.9915889501571655,0.9878695011138916,0.9917151927947998,0.990484356880188,0.9911102652549744,0.979716420173645,0.991477906703949,0.9889485836029053,0.9866102337837219,0.9860758781433105,0.9866116642951965,0.9889050126075745,0.9820474982261658,0.9680249691009521,0.9595119953155518,0.9286540746688843,0.8984247446060181,0.9280287623405457,0.8946053385734558,0.8708537220954895,0.8533526062965393
105,0.8556920289993286,0.8615837693214417,0.8722693920135498,0.8967807292938232,0.9201197624206543,0.9251631498336792,0.9287221431732178,0.9491025805473328,0.9577282667160034,0.974381685256958,0.9790987372398376,0.9765245914459229,0.9817437529563904,0.9854641556739807,0.9825042486190796,0.9856967329978943,0.9855462312698364,0.9911337494850159,0.9949541091918945,0.9958621263504028,0.9972768425941467,1.0000001192092896,0.9945648908615112,0.9889031648635864,0.9752563238143921,0.9620262384414673,0.9606759548187256,0.9479467272758484,0.9341313242912292,0.9391777515411377,0.9410821199417114,0.9189615249633789,0.9198469519615173,0.9040330648422241,0.8750355839729309,0.8393937945365906,0.8292475342750549,0.8346166014671326,0.8786957263946533,0.9050037264823914,0.9150388240814209,0.9269238114356995,0.9519583582878113,0.9450839757919312,0.9460029006004333,0.9334583282470703,0.9438876509666443,0.9397189021110535,0.9669324159622192,0.9857252836227417,0.9936329126358032,0.993218183517456,0.9868712425231934,0.9903102517127991,0.9895440340042114,0.9887346029281616,0.9813717007637024,0.9885628819465637,0.9851900339126587,0.9842762351036072,0.9847257137298584,0.9840956926345825,0.9874180555343628,0.981731653213501,0.9686856269836426,0.9622891545295715,0.9321861267089844,0.8989270925521851,0.9286865592002869,0.8945582509040833,0.8706727027893066,0.8525896668434143
110,0.8601148724555969,0.864590048789978,0.8689256310462952,0.9006859660148621,0.9289134740829468,0.9355596303939819,0.9415447115898132,0.9615985155105591,0.9685607552528381,0.9782688617706299,0.980733335018158,0.9742053747177124,0.9758740067481995,0.9820424318313599,0.9809072017669678,0.9813872575759888,0.9778320789337158,0.9863633513450623,0.990379810333252,0.9911758303642273,0.9927288293838501,0.9945648908615112,1.0000001192092896,0.99430251121521,0.9809662103652954,0.9596168994903564,0.9560778141021729,0.9408302903175354,0.9256083369255066,0.9331927299499512,0.9398855566978455,0.9247119426727295,0.9294465184211731,0.9051331877708435,0.8812615871429443,0.8390459418296814,0.8294711112976074,0.832464337348938,0.8797620534896851,0.9089024662971497,0.9236316084861755,0.9327547550201416,0.9534519910812378,0.9419869780540466,0.9409439563751221,0.9292511940002441,0.9380970597267151,0.9350816607475281,0.9658046364784241,0.9845432043075562,0.9928884506225586,0.9866616725921631,0.9783312082290649,0.9819970726966858,0.9800466299057007,0.9820155501365662,0.9710742235183716,0.9834226369857788,0.9826122522354126,0.9780052304267883,0.9749250411987305,0.9773635864257812,0.9830734729766846,0.9835851192474365,0.9789335131645203,0.9718000292778015,0.9470168352127075,0.9155439138412476,0.9348757266998291,0.894216775894165,0.871494710445404,0.856124997138977
115,0.8641461730003357,0.8683386445045471,0.8790530562400818,0.9076260328292847,0.9239437580108643,0.9242427945137024,0.928202211856842,0.9498127698898315,0.9633544683456421,0.976246178150177,0.9776387214660645,0.9766827821731567,0.9766571521759033,0.9794633984565735,0.9749689102172852,0.9740625619888306,0.9733705520629883,0.98012375831604,0.9844590425491333,0.9849075078964233,0.987724244594574,0.9889031648635864,0.99430251121521,1.0,0.990394651889801,0.9738513231277466,0.9693470001220703,0.955944836139679,0.9428950548171997,0.9492970705032349,0.9528079032897949,0.9298784136772156,0.933169424533844,0.9148172736167908,0.8827216029167175,0.8465842604637146,0.8377801179885864,0.8384115099906921,0.8843958377838135,0.9159322381019592,0.9288768768310547,0.9356949329376221,0.9575096368789673,0.9548501968383789,0.9548167586326599,0.945913553237915,0.9552894830703735,0.9542249441146851,0.9803935885429382,0.9923559427261353,0.990917444229126,0.9873928427696228,0.9800145626068115,0.9812172651290894,0.9790809750556946,0.9780665636062622,0.9707294702529907,0.9771377444267273,0.9782922267913818,0.9778997898101807,0.9768803715705872,0.9791185259819031,0.9829342365264893,0.9822671413421631,0.9728772640228271,0.963243842124939,0.9361735582351685,0.9040678143501282,0.9341588616371155,0.9019582867622375,0.8806133270263672,0.8588980436325073
120,0.8843894600868225,0.8897890448570251,0.9049272537231445,0.9285591840744019,0.9327439665794373,0.9259666800498962,0.9240776300430298,0.9428629279136658,0.9633728265762329,0.9745085835456848,0.9757211804389954,0.9795787334442139,0.9753329157829285,0.9746296405792236,0.9684420824050903,0.963628351688385,0.9620182514190674,0.9670553207397461,0.9718893766403198,0.9725572466850281,0.9763983488082886,0.9752563238143921,0.9809662103652954,0.990394651889801,1.0,0.9903669953346252,0.9846016764640808,0.9743252992630005,0.9638733863830566,0.97116619348526,0.9744851589202881,0.9536680579185486,0.9552894234657288,0.9409364461898804,0.9085653424263,0.8673267364501953,0.86104816198349,0.8573398590087891,0.9108826518058777,0.9412911534309387,0.9523549675941467,0.9567948579788208,0.9729717969894409,0.9766917824745178,0.9756157398223877,0.9687169194221497,0.9761295914649963,0.9750455021858215,0.9913612008094788,0.9830690622329712,0.9779080748558044,0.9785512685775757,0.9777365326881409,0.9746870994567871,0.9706283807754517,0.9688048958778381,0.9655576944351196,0.9666727185249329,0.9712772369384766,0.9753363132476807,0.9717981815338135,0.9765328764915466,0.9780848026275635,0.9784985184669495,0.9663558602333069,0.9566333293914795,0.9318341612815857,0.9083184599876404,0.9454611539840698,0.9232868552207947,0.9074257016181946,0.8815219402313232
125,0.8797110319137573,0.8879650235176086,0.9164491295814514,0.9239754676818848,0.9116269946098328,0.8989930152893066,0.892208456993103,0.911213755607605,0.9348942041397095,0.9544370174407959,0.9575487375259399,0.9695677757263184,0.9661123752593994,0.9608550071716309,0.950435996055603,0.9469571113586426,0.9505767822265625,0.9525521993637085,0.9579692482948303,0.9596937298774719,0.964126467704773,0.9620262384414673,0.9596168994903564,0.9738513231277466,0.9903669953346252,1.000000238418579,0.9938461184501648,0.9895526766777039,0.9819765090942383,0.9839906692504883,0.9791996479034424,0.9469572305679321,0.9416298866271973,0.9411729574203491,0.8979544639587402,0.8681821227073669,0.8642786741256714,0.8592263460159302,0.9097079634666443,0.9398531317710876,0.9431974291801453,0.948140025138855,0.9652808904647827,0.9834739565849304,0.9851281046867371,0.9831994771957397,0.9925240874290466,0.9923632740974426,0.9947876930236816,0.9745218753814697,0.9629198312759399,0.9710374474525452,0.9754515290260315,0.9689642190933228,0.9647371768951416,0.9589738845825195,0.9594415426254272,0.952311098575592,0.9558821320533752,0.9672166109085083,0.9674826860427856,0.9687855243682861,0.9662044644355774,0.9605419039726257,0.9376742839813232,0.9274945855140686,0.8988728523254395,0.8767335414886475,0.929058313369751,0.9247732162475586,0.9128081798553467,0.879695475101471
130,0.8806477785110474,0.8913504481315613,0.9160971641540527,0.9250836968421936,0.9118560552597046,0.8976998925209045,0.8902923464775085,0.9073365926742554,0.9335790276527405,0.9488979578018188,0.9510607719421387,0.9640336036682129,0.9619724154472351,0.9567925333976746,0.9502108097076416,0.9481109380722046,0.9508472681045532,0.9532860517501831,0.9576410055160522,0.9589182138442993,0.9625934362411499,0.9606759548187256,0.9560778141021729,0.9693470001220703,0.9846016764640808,0.9938461184501648,1.0000001192092896,0.9957066774368286,0.9895236492156982,0.9878811836242676,0.9761983156204224,0.9475858211517334,0.9407751560211182,0.9437534213066101,0.9027312994003296,0.8769319653511047,0.8697807788848877,0.8654879927635193,0.9111160039901733,0.9348714351654053,0.9380893707275391,0.9441020488739014,0.9647467732429504,0.9882113933563232,0.9912077784538269,0.989285945892334,0.9933425188064575,0.9891263246536255,0.9899958372116089,0.9728571176528931,0.9633756875991821,0.9721223711967468,0.9757133722305298,0.9707636833190918,0.9661428928375244,0.9615954756736755,0.962992787361145,0.9516691565513611,0.951528787612915,0.9601641297340393,0.9608588814735413,0.9633849859237671,0.9627218246459961,0.9542896747589111,0.931838870048523,0.9246875047683716,0.8968566060066223,0.8775225877761841,0.925625205039978,0.9284532070159912,0.9173116683959961,0.8838422894477844
135,0.8716180920600891,0.8840860724449158,0.9188539385795593,0.9253000020980835,0.9016208052635193,0.881691038608551,0.8709313273429871,0.8865020275115967,0.914313793182373,0.9333449602127075,0.9380348324775696,0.9563876986503601,0.9534826278686523,0.9461408853530884,0.9381928443908691,0.9332576990127563,0.9361993670463562,0.9394668340682983,0.9443737864494324,0.9463158249855042,0.9506149888038635,0.9479467272758484,0.9408302903175354,0.955944836139679,0.9743252992630005,0.9895526766777039,0.9957066774368286,1.000000238418579,0.9953192472457886,0.9905272126197815,0.9718896150588989,0.9383516311645508,0.9284350872039795,0.9387236833572388,0.8890302777290344,0.8701606392860413,0.8646038174629211,0.8574119806289673,0.9040175080299377,0.9302878975868225,0.9295128583908081,0.9359673857688904,0.9567664861679077,0.9884935617446899,0.992286741733551,0.9944210052490234,0.9946210384368896,0.9904358386993408,0.9851762056350708,0.9634572267532349,0.950019121170044,0.9630857706069946,0.9707029461860657,0.9628516435623169,0.9581500887870789,0.9523071050643921,0.9524322748184204,0.9390616416931152,0.9400252103805542,0.9497920274734497,0.9532840251922607,0.9557475447654724,0.9518533945083618,0.9394523501396179,0.915138840675354,0.9066622853279114,0.8784852027893066,0.8622184991836548,0.9176145195960999,0.9293329119682312,0.918728768825531,0.8767573237419128
140,0.872252881526947,0.8847329020500183,0.9183451533317566,0.9220839142799377,0.8942091464996338,0.8711938858032227,0.8588855266571045,0.8730881214141846,0.9045532941818237,0.9225382208824158,0.9267908930778503,0.9495935440063477,0.9465113282203674,0.9364578723907471,0.9294351935386658,0.9250968098640442,0.9270083904266357,0.9289129376411438,0.9331204891204834,0.9345448613166809,0.9379041194915771,0.9341313242912292,0.9256083369255066,0.9428950548171997,0.9638733863830566,0.9819765090942383,0.9895236492156982,0.9953192472457886,1.0,0.9948240518569946,0.973190426826477,0.9381237626075745,0.9255071878433228,0.9370942115783691,0.8875389099121094,0.8736908435821533,0.8688869476318359,0.8607946038246155,0.902143657207489,0.9267792701721191,0.925172746181488,0.929563581943512,0.9521921873092651,0.9886345267295837,0.9926684498786926,0.993319034576416,0.9906383752822876,0.9865768551826477,0.9748261570930481,0.9496033191680908,0.9356489181518555,0.9520779848098755,0.9622368812561035,0.9543367624282837,0.9494020342826843,0.9430640935897827,0.9459148049354553,0.928816020488739,0.929918110370636,0.9406805038452148,0.9448150396347046,0.9483653903007507,0.942592442035675,0.9285303950309753,0.9026563763618469,0.8938780426979065,0.8663605451583862,0.8534640073776245,0.9101758003234863,0.9258579611778259,0.9194761514663696,0.8778931498527527
