,0,5,10,15,20,25,30,35,40,45,50,55,60,65,70,75,80,85,90,95,100,105,110,115,120,125,130,135,140,145,150,155,160,165,170,175,180,185,190,195,200,205,210,215,220,225,230,235,240,245,250,255,260,265,270,275,280,285,290,295,300,305,310,315,320,325,330,335,340,345,350,355
0,1.0,0.7132083773612976,0.5796138048171997,0.6700810790061951,0.6099382638931274,0.5381213426589966,0.5283616781234741,0.49107474088668823,0.44499683380126953,0.43305790424346924,0.41945984959602356,0.38747450709342957,0.3733571767807007,0.36532196402549744,0.37146836519241333,0.3423449993133545,0.35826602578163147,0.36405691504478455,0.36911821365356445,0.3571506142616272,0.350196897983551,0.3430587649345398,0.3491177558898926,0.35930415987968445,0.37579208612442017,0.4163054823875427,0.41681212186813354,0.45708584785461426,0.4781354069709778,0.46567097306251526,0.4412464499473572,0.46976232528686523,0.4647201895713806,0.506556510925293,0.48904305696487427,0.5306791067123413,0.5428229570388794,0.5293071866035461,0.5269234776496887,0.4997902512550354,0.4895111322402954,0.4975246787071228,0.4891490638256073,0.491773784160614,0.46038398146629333,0.44531190395355225,0.40998587012290955,0.41797760128974915,0.40954267978668213,0.3816741108894348,0.36628732085227966,0.38388127088546753,0.37771838903427124,0.37555283308029175,0.36071085929870605,0.35412561893463135,0.3833576440811157,0.3620530962944031,0.3703114986419678,0.38110417127609253,0.3821013867855072,0.41389644145965576,0.4145873486995697,0.4443959593772888,0.4765987992286682,0.5141246318817139,0.5444433689117432,0.5870846509933472,0.6216650009155273,0.6387532949447632,0.6357725262641907,0.7842215299606323
5,0.7132083773612976,1.0,0.8456404209136963,0.784438967704773,0.783220648765564,0.687149167060852,0.5949787497520447,0.5543074607849121,0.4739530682563782,0.4308862090110779,0.43296489119529724,0.3945266902446747,0.37745657563209534,0.36178624629974365,0.36540287733078003,0.34834614396095276,0.3607402443885803,0.37109386920928955,0.3727806508541107,0.3678554892539978,0.34303027391433716,0.3386812210083008,0.35439467430114746,0.36092135310173035,0.3722441494464874,0.4166805148124695,0.4287044405937195,0.4292585253715515,0.45533138513565063,0.4538976550102234,0.50078284740448,0.5667681694030762,0.556134819984436,0.6101126074790955,0.5112038850784302,0.5115253925323486,0.4382747411727905,0.5179603099822998,0.5292607545852661,0.613105058670044,0.5563074350357056,0.5831583142280579,0.5431598424911499,0.500784158706665,0.44122371077537537,0.44059520959854126,0.426970511674881,0.4351654052734375,0.4038662910461426,0.36996692419052124,0.35358572006225586,0.3591386675834656,0.3689618408679962,0.39057138562202454,0.36955946683883667,0.37942203879356384,0.3797716498374939,0.3765159845352173,0.3753237724304199,0.3809599280357361,0.37787070870399475,0.4128452241420746,0.42128002643585205,0.44062340259552,0.48872286081314087,0.5777416825294495,0.6021443605422974,0.7208452820777893,0.7332472801208496,0.760399580001831,0.8436728715896606,0.9465951323509216
10,0.5796138048171997,0.8456404209136963,0.9999997615814209,0.8061518669128418,0.7955641150474548,0.6919776797294617,0.5721880197525024,0.5330440998077393,0.4695631265640259,0.4174933433532715,0.4388778805732727,0.4164963960647583,0.4023204743862152,0.3854431211948395,0.39700862765312195,0.38029879331588745,0.3903716206550598,0.4019414484500885,0.3915133476257324,0.3857709765434265,0.36399877071380615,0.35836631059646606,0.3679029941558838,0.3749660849571228,0.3752160668373108,0.4302385747432709,0.42880019545555115,0.44835585355758667,0.47399386763572693,0.4807051420211792,0.5061982274055481,0.5510702133178711,0.5499438047409058,0.6043421626091003,0.5228223204612732,0.5057569742202759,0.4467083513736725,0.5133114457130432,0.5255661606788635,0.618717610836029,0.5704408288002014,0.5563303232192993,0.541758120059967,0.5058389902114868,0.470138818025589,0.4547487497329712,0.4219539761543274,0.4413590133190155,0.40659916400909424,0.3942524790763855,0.3854636549949646,0.38150137662887573,0.3899027109146118,0.4111824035644531,0.38978657126426697,0.4041876792907715,0.4050391912460327,0.40426450967788696,0.39915546774864197,0.3989771902561188,0.40607309341430664,0.43053311109542847,0.4250946044921875,0.4328354597091675,0.48391857743263245,0.556614100933075,0.5806492567062378,0.7129401564598083,0.7111554145812988,0.756473183631897,0.9396729469299316,0.7776060104370117
15,0.6700810790061951,0.784438967704773,0.8061518669128418,1.0000001192092896,0.9135289788246155,0.8050938844680786,0.7127832174301147,0.671390175819397,0.5890849232673645,0.5332775712013245,0.5418558120727539,0.5080512166023254,0.5016274452209473,0.4844062924385071,0.5028839111328125,0.48979365825653076,0.4982225298881531,0.5067340135574341,0.5023353695869446,0.4962786138057709,0.4802449643611908,0.4598609209060669,0.4681857228279114,0.4770320653915405,0.48713505268096924,0.5288087129592896,0.5315700769424438,0.5477904081344604,0.5894280672073364,0.5910382270812988,0.5675684213638306,0.5866312384605408,0.5801469683647156,0.6138255000114441,0.5783271193504333,0.5643946528434753,0.464821457862854,0.5855808258056641,0.5979421138763428,0.6071717143058777,0.6126211881637573,0.5936088562011719,0.6326572299003601,0.6284992694854736,0.5927081108093262,0.5481966733932495,0.5363712906837463,0.5553107261657715,0.5287935137748718,0.5055426955223083,0.4927675127983093,0.4833284020423889,0.49608367681503296,0.5188180804252625,0.5039969682693481,0.5144520998001099,0.5180414915084839,0.5152179002761841,0.5107326507568359,0.512440025806427,0.507264256477356,0.5391994714736938,0.5401926636695862,0.545926034450531,0.6023291349411011,0.6828750371932983,0.7094746828079224,0.834052562713623,0.8988699913024902,0.9446265697479248,0.8614065647125244,0.8017086982727051
20,0.6099382638931274,0.783220648765564,0.7955641150474548,0.9135289788246155,1.0,0.8838088512420654,0.7774579524993896,0.7521911859512329,0.6693418622016907,0.6059331893920898,0.6196209192276001,0.5889882445335388,0.5814365148544312,0.5525141954421997,0.5627317428588867,0.547193706035614,0.5542552471160889,0.5641406774520874,0.5515539646148682,0.5485983490943909,0.5288752913475037,0.5173926949501038,0.5254594087600708,0.5308381915092468,0.5432895421981812,0.5977654457092285,0.5952776074409485,0.6103724837303162,0.6511159539222717,0.6469193696975708,0.622337281703949,0.6517289876937866,0.638245701789856,0.6693521738052368,0.5950140953063965,0.533886730670929,0.44204190373420715,0.5628737211227417,0.60675448179245,0.6571497917175293,0.6521090269088745,0.6610243916511536,0.689842164516449,0.6867117881774902,0.6490341424942017,0.6104412078857422,0.5951013565063477,0.6183537244796753,0.5800668597221375,0.5609758496284485,0.5532515645027161,0.5434824228286743,0.5499224662780762,0.5693843364715576,0.5509992837905884,0.5633279085159302,0.5706076622009277,0.5708627104759216,0.5737333297729492,0.5782493352890015,0.5792992115020752,0.6075552105903625,0.6041204333305359,0.612048864364624,0.6638596057891846,0.748948335647583,0.7620739340782166,0.8803238868713379,0.9251070022583008,0.8852768540382385,0.8153166770935059,0.779887855052948
25,0.5381213426589966,0.687149167060852,0.6919776797294617,0.8050938844680786,0.8838088512420654,1.0,0.9225965738296509,0.9001306891441345,0.8216645121574402,0.7727688550949097,0.7925236225128174,0.7637633085250854,0.7590596675872803,0.7337344884872437,0.7384354472160339,0.7198888063430786,0.7257176637649536,0.7319060564041138,0.7088881731033325,0.7080766558647156,0.6900243759155273,0.6762275695800781,0.6792068481445312,0.6805431842803955,0.6789610385894775,0.7194167375564575,0.7270333766937256,0.7098745107650757,0.7192400693893433,0.6956913471221924,0.6060851812362671,0.6070621609687805,0.5741226673126221,0.5785590410232544,0.4830538034439087,0.44702470302581787,0.36752355098724365,0.4504457712173462,0.49007758498191833,0.5536920428276062,0.5628746151924133,0.6084602475166321,0.6948298811912537,0.7527449131011963,0.7211214303970337,0.7049805521965027,0.7065318822860718,0.7336009740829468,0.7197973728179932,0.7197952270507812,0.7061082720756531,0.6835964918136597,0.7079875469207764,0.7173754572868347,0.7057844400405884,0.7231386303901672,0.7316716313362122,0.7352653741836548,0.750121533870697,0.7487948536872864,0.7573297023773193,0.7722165584564209,0.7798318266868591,0.7872315645217896,0.8194630146026611,0.8908007740974426,0.8981102705001831,0.9014266729354858,0.8491533994674683,0.7655787467956543,0.7247575521469116,0.6879972219467163
30,0.5283616781234741,0.5949787497520447,0.5721880197525024,0.7127832174301147,0.7774579524993896,0.9225965738296509,1.0,0.9607503414154053,0.9096580743789673,0.8823298215866089,0.8839255571365356,0.846505880355835,0.8376593589782715,0.812375009059906,0.8046896457672119,0.7762707471847534,0.7800350189208984,0.7858872413635254,0.7715193033218384,0.7735742330551147,0.7602428793907166,0.7365465760231018,0.7359239459037781,0.7259092926979065,0.732014536857605,0.7679380178451538,0.7579165101051331,0.751950740814209,0.7658127546310425,0.7280245423316956,0.6171154379844666,0.5861843228340149,0.5418387055397034,0.5304833054542542,0.4578202962875366,0.3901436924934387,0.3261193633079529,0.3950454592704773,0.4658660888671875,0.49872177839279175,0.5181986093521118,0.5735453963279724,0.6884629726409912,0.7721168398857117,0.7553472518920898,0.7197381258010864,0.7253193259239197,0.7690179944038391,0.7698445916175842,0.769317626953125,0.7657349109649658,0.7534402012825012,0.7701237797737122,0.7746440768241882,0.7564677596092224,0.766970694065094,0.7799292206764221,0.7900078296661377,0.8088653683662415,0.8223315477371216,0.839662492275238,0.8602156043052673,0.866376519203186,0.887146532535553,0.9139824509620667,0.9403774738311768,0.9460121989250183,0.797921359539032,0.7350200414657593,0.6565002202987671,0.6175088882446289,0.6076803803443909
35,0.49107474088668823,0.5543074607849121,0.5330440998077393,0.671390175819397,0.7521911859512329,0.9001306891441345,0.9607503414154053,1.0,0.9502110481262207,0.9115403890609741,0.9253591299057007,0.8909617066383362,0.8847198486328125,0.8552807569503784,0.8450968861579895,0.8178684711456299,0.8209559917449951,0.8188153505325317,0.7911846041679382,0.7971959114074707,0.7816425561904907,0.7702367901802063,0.7715281248092651,0.7639610171318054,0.7609585523605347,0.7904404401779175,0.7861985564231873,0.7620916366577148,0.7654826641082764,0.7243965268135071,0.5888768434524536,0.554667055606842,0.4999077320098877,0.48028311133384705,0.4150112271308899,0.3595830798149109,0.294599324464798,0.3558772802352905,0.4139765501022339,0.4542752504348755,0.4771268963813782,0.533147931098938,0.6620092391967773,0.7659165859222412,0.7626591920852661,0.7258034348487854,0.7469662427902222,0.7889790534973145,0.7945490479469299,0.8058184385299683,0.8053725957870483,0.776976466178894,0.7885438203811646,0.7873735427856445,0.7731599807739258,0.7898740172386169,0.8087297677993774,0.8258472084999084,0.8503357172012329,0.8555831909179688,0.8791444301605225,0.8958536386489868,0.8990431427955627,0.9113167524337769,0.9282711744308472,0.9471501708030701,0.9116834402084351,0.7543491721153259,0.7076947689056396,0.615829586982727,0.5558003783226013,0.5655428171157837
40,0.44499683380126953,0.4739530682563782,0.4695631265640259,0.5890849232673645,0.6693418622016907,0.8216645121574402,0.9096580743789673,0.9502110481262207,0.9999998807907104,0.9699450731277466,0.9648450613021851,0.9450898766517639,0.9367659091949463,0.9116038084030151,0.8978936076164246,0.8664915561676025,0.8583558797836304,0.8502156138420105,0.8214019536972046,0.8300470113754272,0.8041168451309204,0.7839709520339966,0.7753188610076904,0.7602747678756714,0.7471458315849304,0.7617897391319275,0.7416747212409973,0.7185827493667603,0.7080503702163696,0.660717785358429,0.5194700956344604,0.4828951060771942,0.43235668540000916,0.4123697876930237,0.35969221591949463,0.29340749979019165,0.25534361600875854,0.296487033367157,0.35917770862579346,0.38522109389305115,0.4054702818393707,0.4658057987689972,0.5902022123336792,0.7009594440460205,0.7001372575759888,0.6947665214538574,0.72422856092453,0.7738763689994812,0.779069721698761,0.7996123433113098,0.802538275718689,0.7764807939529419,0.8087954521179199,0.8039220571517944,0.7921387553215027,0.8089859485626221,0.8341464400291443,0.8611572980880737,0.8955137133598328,0.8965458273887634,0.9186519384384155,0.9276620149612427,0.9468414187431335,0.9542436599731445,0.9512926340103149,0.9154749512672424,0.8755308389663696,0.6548687219619751,0.6181711554527283,0.5260446071624756,0.4885548949241638,0.4998776316642761
45,0.43305790424346924,0.4308862090110779,0.4174933433532715,0.5332775712013245,0.6059331893920898,0.7727688550949097,0.8823298215866089,0.9115403890609741,0.9699450731277466,1.0000001192092896,0.9775494337081909,0.965175211429596,0.9508079886436462,0.9345423579216003,0.9133133292198181,0.8832074403762817,0.873845636844635,0.8641805648803711,0.8445963859558105,0.8482253551483154,0.8274013996124268,0.8038108944892883,0.7933962941169739,0.7809714078903198,0.7740188837051392,0.777165412902832,0.7505751848220825,0.7328453063964844,0.7195218801498413,0.6701760292053223,0.5287827253341675,0.48651790618896484,0.4283905625343323,0.39969947934150696,0.3538922369480133,0.2804061770439148,0.2524813115596771,0.27791520953178406,0.35171031951904297,0.3667055070400238,0.3978763818740845,0.4722859859466553,0.5967572331428528,0.7090365886688232,0.7042912244796753,0.7143115997314453,0.7375985980033875,0.7835245132446289,0.8000423312187195,0.8179652690887451,0.8173801898956299,0.8004969358444214,0.8350149393081665,0.8262380361557007,0.814711332321167,0.8242274522781372,0.8551901578903198,0.8743791580200195,0.9057228565216064,0.9178463220596313,0.9422662258148193,0.9511318206787109,0.9683998823165894,0.973668098449707,0.9460767507553101,0.8933718204498291,0.8632367849349976,0.6179707050323486,0.5692739486694336,0.48192912340164185,0.44009870290756226,0.4619494676589966
50,0.41945984959602356,0.43296489119529724,0.4388778805732727,0.5418558120727539,0.6196209192276001,0.7925236225128174,0.8839255571365356,0.9253591299057007,0.9648450613021851,0.9775494337081909,1.0000001192092896,0.9809966087341309,0.9676332473754883,0.9515463709831238,0.9332208633422852,0.9028026461601257,0.8985818028450012,0.8897421956062317,0.8624518513679504,0.8684876561164856,0.8487406969070435,0.832554817199707,0.8241271376609802,0.8081218600273132,0.7955687046051025,0.806594729423523,0.7833057641983032,0.7595252990722656,0.7381728887557983,0.6846373677253723,0.5382980108261108,0.49655306339263916,0.441109836101532,0.41194286942481995,0.36128273606300354,0.28994619846343994,0.2525283694267273,0.2886195182800293,0.35519126057624817,0.38122209906578064,0.41123542189598083,0.47669127583503723,0.6066066026687622,0.718420147895813,0.7278652191162109,0.7235922813415527,0.7517310380935669,0.8001275062561035,0.8158358335494995,0.8419395685195923,0.8494981527328491,0.829365611076355,0.8531858921051025,0.8432561159133911,0.8310015797615051,0.8447495698928833,0.8761402368545532,0.8924198150634766,0.9202526211738586,0.9260279536247253,0.9533367156982422,0.967839241027832,0.9722814559936523,0.9557481408119202,0.9289470911026001,0.8846042156219482,0.8420780897140503,0.6282202005386353,0.5796309113502502,0.4910544753074646,0.4532257914543152,0.4562724232673645
55,0.38747450709342957,0.3945266902446747,0.4164963960647583,0.5080512166023254,0.5889882445335388,0.7637633085250854,0.846505880355835,0.8909617066383362,0.9450898766517639,0.965175211429596,0.9809966087341309,0.9999998807907104,0.9851983189582825,0.9688963890075684,0.9556453227996826,0.9262580871582031,0.9179558753967285,0.90521240234375,0.8733856678009033,0.8766345977783203,0.8564608693122864,0.8414307832717896,0.8260395526885986,0.8119980692863464,0.797768235206604,0.8000136613845825,0.7702270150184631,0.7510271668434143,0.7230185270309448,0.6684461832046509,0.5132018327713013,0.4695097804069519,0.41782206296920776,0.384663850069046,0.34064868092536926,0.2788617014884949,0.24748866260051727,0.2753312587738037,0.33522263169288635,0.34916526079177856,0.38759613037109375,0.4534446597099304,0.5856806039810181,0.7046738862991333,0.7173386812210083,0.7316564321517944,0.7581068277359009,0.8037291765213013,0.817326545715332,0.8515241146087646,0.8587566614151001,0.842866063117981,0.8657207489013672,0.856570839881897,0.8507038354873657,0.8654590845108032,0.9033726453781128,0.9167324304580688,0.9408736228942871,0.9430407285690308,0.9737905263900757,0.9780257344245911,0.9648370146751404,0.938791811466217,0.9044928550720215,0.8551066517829895,0.8067049980163574,0.5992564558982849,0.546926736831665,0.46654748916625977,0.4281507134437561,0.41848519444465637
60,0.3733571767807007,0.37745657563209534,0.4023204743862152,0.5016274452209473,0.5814365148544312,0.7590596675872803,0.8376593589782715,0.8847198486328125,0.9367659091949463,0.9508079886436462,0.9676332473754883,0.9851983189582825,1.000000238418579,0.9862268567085266,0.9736316204071045,0.951020359992981,0.9420251846313477,0.9301732778549194,0.8969781398773193,0.8998340964317322,0.881900429725647,0.8698809146881104,0.85231614112854,0.8378885984420776,0.8233489990234375,0.8206906318664551,0.7938631772994995,0.7647039294242859,0.7335145473480225,0.6763750314712524,0.5070970058441162,0.45842400193214417,0.4056384265422821,0.3764495253562927,0.3288813829421997,0.2709149122238159,0.23547443747520447,0.2680874466896057,0.32535722851753235,0.3415229320526123,0.3761274218559265,0.4433332681655884,0.5836552381515503,0.7139232158660889,0.7289091348648071,0.7460042834281921,0.7794837951660156,0.8232710957527161,0.8405683040618896,0.8738347291946411,0.8795153498649597,0.8618377447128296,0.8856642842292786,0.876954197883606,0.87554532289505,0.89298415184021,0.9249447584152222,0.9356203079223633,0.9601267576217651,0.9576313495635986,0.976413369178772,0.9617102742195129,0.954229474067688,0.9251105785369873,0.8850937485694885,0.8382308483123779,0.7941656112670898,0.5869975686073303,0.5419902801513672,0.4581731855869293,0.4187820255756378,0.40324437618255615
65,0.36532196402549744,0.36178624629974365,0.3854431211948395,0.4844062924385071,0.5525141954421997,0.7337344884872437,0.812375009059906,0.8552807569503784,0.9116038084030151,0.9345423579216003,0.9515463709831238,0.9688963890075684,0.9862268567085266,1.0,0.9869792461395264,0.9734392166137695,0.9634050726890564,0.9537229537963867,0.9264501333236694,0.9262659549713135,0.9088752269744873,0.895488977432251,0.8779678344726562,0.8618725538253784,0.846419095993042,0.8335274457931519,0.8068264722824097,0.7675026059150696,0.7319026589393616,0.6671786308288574,0.4939635992050171,0.4424794912338257,0.39002397656440735,0.35756537318229675,0.3125930428504944,0.26560747623443604,0.22376646101474762,0.2618681490421295,0.3111688196659088,0.32432734966278076,0.3607481122016907,0.43218499422073364,0.5710218548774719,0.7037143707275391,0.7216759920120239,0.745848536491394,0.7871825098991394,0.8263378143310547,0.8548761606216431,0.8863405585289001,0.8910150527954102,0.8778133392333984,0.9097159504890442,0.9012351036071777,0.9024040699005127,0.9183437824249268,0.9418010711669922,0.951567530632019,0.9690514802932739,0.9618750810623169,0.9660924673080444,0.9460186958312988,0.9469473958015442,0.9099726676940918,0.8699288964271545,0.8158456087112427,0.7789891958236694,0.5667303204536438,0.5227718353271484,0.4449999928474426,0.4044979214668274,0.39302924275398254
70,0.37146836519241333,0.36540287733078003,0.39700862765312195,0.5028839111328125,0.5627317428588867,0.7384354472160339,0.8046896457672119,0.8450968861579895,0.8978936076164246,0.9133133292198181,0.9332208633422852,0.9556453227996826,0.9736316204071045,0.9869792461395264,1.0,0.9835314154624939,0.9699618816375732,0.9565732479095459,0.9265886545181274,0.9269853830337524,0.9152091145515442,0.901777982711792,0.8848880529403687,0.867314338684082,0.8462142944335938,0.8297897577285767,0.8067216873168945,0.7683367729187012,0.7302200198173523,0.6658529043197632,0.4802079498767853,0.42950624227523804,0.3748342990875244,0.34917759895324707,0.31075841188430786,0.2794923186302185,0.22857266664505005,0.2733514606952667,0.3114849925041199,0.3155500590801239,0.3512468934059143,0.42155972123146057,0.56514573097229,0.7030721306800842,0.7224293351173401,0.7503912448883057,0.791809618473053,0.8271973133087158,0.8551461696624756,0.8897703886032104,0.8944015502929688,0.8793001174926758,0.9099910259246826,0.9022780656814575,0.9034600257873535,0.9221513271331787,0.9502499103546143,0.9571871757507324,0.9695800542831421,0.952321469783783,0.9521141052246094,0.9328259229660034,0.9302911162376404,0.8929212093353271,0.8561058640480042,0.8077535629272461,0.7715590596199036,0.5711427927017212,0.5294597744941711,0.4625115394592285,0.4160676896572113,0.3967093229293823
75,0.3423449993133545,0.34834614396095276,0.38029879331588745,0.48979365825653076,0.547193706035614,0.7198888063430786,0.7762707471847534,0.8178684711456299,0.8664915561676025,0.8832074403762817,0.9028026461601257,0.9262580871582031,0.951020359992981,0.9734392166137695,0.9835314154624939,0.9999998211860657,0.9850660562515259,0.9727803468704224,0.9467430114746094,0.9472174644470215,0.9351078271865845,0.922936201095581,0.907890260219574,0.8910771608352661,0.8686640858650208,0.8381711840629578,0.8241075277328491,0.7710026502609253,0.7302495241165161,0.6610445976257324,0.4729677140712738,0.4226742386817932,0.36685776710510254,0.3346751034259796,0.2960648536682129,0.2650538384914398,0.21131238341331482,0.265945702791214,0.2980746030807495,0.3043256998062134,0.34071987867355347,0.41421547532081604,0.5543872117996216,0.6997510194778442,0.7200703024864197,0.7508575916290283,0.8060603141784668,0.8355981111526489,0.8675088286399841,0.8983829021453857,0.9075655937194824,0.8924742937088013,0.9257321357727051,0.9226925373077393,0.9250227212905884,0.9415964484214783,0.9558833837509155,0.9679326415061951,0.9666279554367065,0.9401242136955261,0.9304523468017578,0.9088027477264404,0.9132466316223145,0.8696715831756592,0.8279703855514526,0.7792746424674988,0.7506124377250671,0.5583102703094482,0.5213246941566467,0.45153161883354187,0.4027947783470154,0.381643146276474
80,0.35826602578163147,0.3607402443885803,0.3903716206550598,0.4982225298881531,0.5542552471160889,0.7257176637649536,0.7800350189208984,0.8209559917449951,0.8583558797836304,0.873845636844635,0.8985818028450012,0.9179558753967285,0.9420251846313477,0.9634050726890564,0.9699618816375732,0.9850660562515259,0.9999997019767761,0.9844086766242981,0.9650797843933105,0.9630078077316284,0.9521088004112244,0.9420932531356812,0.9261921644210815,0.9071545004844666,0.8821004033088684,0.8571169376373291,0.8548786640167236,0.7968839406967163,0.7533370852470398,0.6829519867897034,0.49575501680374146,0.44490060210227966,0.38914668560028076,0.354403555393219,0.30502089858055115,0.2645031809806824,0.20839083194732666,0.271020770072937,0.3080834746360779,0.3233000636100769,0.3586159944534302,0.4326561391353607,0.5712864398956299,0.7167872190475464,0.7385924458503723,0.7629491090774536,0.8151553869247437,0.8444237112998962,0.8771804571151733,0.9048184752464294,0.9201899766921997,0.9105249047279358,0.9387056231498718,0.9356445074081421,0.9411542415618896,0.9489237666130066,0.9636551141738892,0.9530876278877258,0.9560819268226624,0.9307475090026855,0.9206328392028809,0.905708372592926,0.9085816144943237,0.8634955883026123,0.8262768387794495,0.7755016684532166,0.7530229687690735,0.5668151378631592,0.5301077961921692,0.4577043652534485,0.41032499074935913,0.39252281188964844
85,0.36405691504478455,0.37109386920928955,0.4019414484500885,0.5067340135574341,0.5641406774520874,0.7319060564041138,0.7858872413635254,0.8188153505325317,0.8502156138420105,0.8641805648803711,0.8897421956062317,0.90521240234375,0.9301732778549194,0.9537229537963867,0.9565732479095459,0.9727803468704224,0.9844086766242981,0.9999998807907104,0.985457181930542,0.9820764660835266,0.9690064191818237,0.9556863307952881,0.9421255588531494,0.9212332963943481,0.8982360363006592,0.8737374544143677,0.8602439165115356,0.800268292427063,0.7620479464530945,0.6924824714660645,0.513646125793457,0.46657365560531616,0.4086723029613495,0.3667496144771576,0.32741284370422363,0.2885466516017914,0.22643014788627625,0.2945651113986969,0.32914185523986816,0.3317459225654602,0.37444621324539185,0.4522715210914612,0.5859732031822205,0.7226462364196777,0.7436076402664185,0.7564559578895569,0.8061404228210449,0.851061999797821,0.8937215805053711,0.9157290458679199,0.929806113243103,0.9216189384460449,0.9570930004119873,0.9554357528686523,0.9592334032058716,0.9649455547332764,0.9541968107223511,0.9468645453453064,0.9452616572380066,0.9265218377113342,0.9117517471313477,0.8975253105163574,0.9013420939445496,0.8541914820671082,0.8255852460861206,0.7819833159446716,0.7580273747444153,0.5783060193061829,0.5423277616500854,0.47103965282440186,0.42219114303588867,0.3980444669723511
90,0.36911821365356445,0.3727806508541107,0.3915133476257324,0.5023353695869446,0.5515539646148682,0.7088881731033325,0.7715193033218384,0.7911846041679382,0.8214019536972046,0.8445963859558105,0.8624518513679504,0.8733856678009033,0.8969781398773193,0.9264501333236694,0.9265886545181274,0.9467430114746094,0.9650797843933105,0.985457181930542,1.0000001192092896,0.9916390776634216,0.9792900681495667,0.9612745642662048,0.9473574757575989,0.9178789854049683,0.8948718905448914,0.8716009855270386,0.8597386479377747,0.8019079566001892,0.7672806978225708,0.7028707265853882,0.5397453308105469,0.4935228228569031,0.43841609358787537,0.3904344439506531,0.34625309705734253,0.29184505343437195,0.22022788226604462,0.3024691641330719,0.3488566279411316,0.35136881470680237,0.39995241165161133,0.47947368025779724,0.6024056077003479,0.7298458814620972,0.7426798939704895,0.7533407211303711,0.7984615564346313,0.8415811061859131,0.8878440260887146,0.9014589786529541,0.9226992726325989,0.9243738651275635,0.9646409749984741,0.9690873026847839,0.971603274345398,0.9584004282951355,0.9360616207122803,0.9207984805107117,0.9175252318382263,0.9003810882568359,0.8820598125457764,0.8721826076507568,0.8804015517234802,0.8332375288009644,0.8135688304901123,0.7662434577941895,0.7541496753692627,0.5705438852310181,0.5355114340782166,0.4672999083995819,0.4140392541885376,0.40020886063575745
95,0.3571506142616272,0.3678554892539978,0.3857709765434265,0.4962786138057709,0.5485983490943909,0.7080766558647156,0.7735742330551147,0.7971959114074707,0.8300470113754272,0.8482253551483154,0.8684876561164856,0.8766345977783203,0.8998340964317322,0.9262659549713135,0.9269853830337524,0.9472174644470215,0.9630078077316284,0.9820764660835266,0.9916390776634216,1.0,0.9871337413787842,0.9703909158706665,0.9590981006622314,0.9306783080101013,0.9056421518325806,0.8805204033851624,0.869090735912323,0.8074568510055542,0.7738387584686279,0.705385684967041,0.5372164249420166,0.4956361949443817,0.43643975257873535,0.3873034715652466,0.339350163936615,0.2843821048736572,0.21397621929645538,0.2939561903476715,0.34029802680015564,0.34488558769226074,0.3933574855327606,0.47666892409324646,0.6022802591323853,0.7337565422058105,0.7459173798561096,0.7551056146621704,0.8072009682655334,0.8497719764709473,0.8921719789505005,0.9082192182540894,0.9295512437820435,0.9274013042449951,0.967267632484436,0.9697917699813843,0.9643955230712891,0.9541444778442383,0.9328189492225647,0.9208186268806458,0.9178485870361328,0.8985532522201538,0.8822919130325317,0.8742535710334778,0.8840810060501099,0.8375699520111084,0.8132286667823792,0.766048014163971,0.7502124905586243,0.5650759935379028,0.5300800800323486,0.4582720696926117,0.4079694449901581,0.39326974749565125
100,0.350196897983551,0.34303027391433716,0.36399877071380615,0.4802449643611908,0.5288752913475037,0.6900243759155273,0.7602428793907166,0.7816425561904907,0.8041168451309204,0.8274013996124268,0.8487406969070435,0.8564608693122864,0.881900429725647,0.9088752269744873,0.9152091145515442,0.9351078271865845,0.9521088004112244,0.9690064191818237,0.9792900681495667,0.9871337413787842,1.0,0.982308030128479,0.9732692241668701,0.9438889026641846,0.923710823059082,0.8981481790542603,0.8887069225311279,0.8371579647064209,0.800093412399292,0.7315865755081177,0.5475580096244812,0.4961979389190674,0.4299675226211548,0.37585321068763733,0.3423387408256531,0.2853168845176697,0.20543172955513,0.2904110550880432,0.34239286184310913,0.3320269286632538,0.39011406898498535,0.4771542549133301,0.6155407428741455,0.7586133480072021,0.7777736783027649,0.7732350826263428,0.8163205981254578,0.8582804799079895,0.9072899222373962,0.9211585521697998,0.9474554657936096,0.9465787410736084,0.97232985496521,0.9629094004631042,0.9507887363433838,0.9374884963035583,0.9223687648773193,0.9028981328010559,0.9020536541938782,0.884177029132843,0.8671717047691345,0.8614356517791748,0.8625337481498718,0.8224408626556396,0.794630229473114,0.7481240630149841,0.7382863759994507,0.5502017736434937,0.5140566825866699,0.44423598051071167,0.3901561498641968,0.3714250326156616
105,0.3430587649345398,0.3386812210083008,0.35836631059646606,0.4598609209060669,0.5173926949501038,0.6762275695800781,0.7365465760231018,0.7702367901802063,0.7839709520339966,0.8038108944892883,0.832554817199707,0.8414307832717896,0.8698809146881104,0.895488977432251,0.901777982711792,0.922936201095581,0.9420932531356812,0.9556863307952881,0.9612745642662048,0.9703909158706665,0.982308030128479,1.0,0.9867702722549438,0.9613329172134399,0.935429036617279,0.9082492589950562,0.9034551382064819,0.8412160277366638,0.8019219040870667,0.7255477905273438,0.537362813949585,0.49195194244384766,0.4232010841369629,0.371552437543869,0.3374488353729248,0.2778989374637604,0.19840869307518005,0.28479665517807007,0.33477598428726196,0.3285917043685913,0.3873066008090973,0.4761197566986084,0.6126672029495239,0.7599887847900391,0.7841759324073792,0.783657968044281,0.8286105394363403,0.8674294948577881,0.9169445633888245,0.9343045949935913,0.9586383104324341,0.9549413323402405,0.9577584266662598,0.9463401436805725,0.9383441209793091,0.9248860478401184,0.9102042317390442,0.8862842321395874,0.883558452129364,0.8652522563934326,0.8511544466018677,0.8411989212036133,0.8396284580230713,0.7956726551055908,0.7654006481170654,0.7258933782577515,0.7100892663002014,0.542464554309845,0.5027022361755371,0.4305686950683594,0.3751400411128998,0.3656321167945862
110,0.3491177558898926,0.35439467430114746,0.3679029941558838,0.4681857228279114,0.5254594087600708,0.6792068481445312,0.7359239459037781,0.7715281248092651,0.7753188610076904,0.7933962941169739,0.8241271376609802,0.8260395526885986,0.85231614112854,0.8779678344726562,0.8848880529403687,0.907890260219574,0.9261921644210815,0.9421255588531494,0.9473574757575989,0.9590981006622314,0.9732692241668701,0.9867702722549438,1.0,0.9791540503501892,0.9569980502128601,0.9213480353355408,0.9182837009429932,0.8422898054122925,0.8061745166778564,0.7294888496398926,0.5453602075576782,0.5022927522659302,0.4307374656200409,0.3794260025024414,0.33819445967674255,0.282333105802536,0.20145872235298157,0.2900603413581848,0.3370307385921478,0.338405966758728,0.39280998706817627,0.48226410150527954,0.6142092347145081,0.7611663341522217,0.782374918460846,0.7767244577407837,0.8302295207977295,0.8717431426048279,0.9286885261535645,0.941084623336792,0.9643465280532837,0.9436416029930115,0.9425545930862427,0.9310799241065979,0.9176860451698303,0.9093363881111145,0.8915822505950928,0.8712685704231262,0.8663163185119629,0.8478388786315918,0.8318781852722168,0.8290686011314392,0.8295726776123047,0.7892594933509827,0.7566814422607422,0.7250230312347412,0.7085846662521362,0.5464000701904297,0.5130273103713989,0.43929246068000793,0.3837444484233856,0.37986910343170166
115,0.35930415987968445,0.36092135310173035,0.3749660849571228,0.4770320653915405,0.5308381915092468,0.6805431842803955,0.7259092926979065,0.7639610171318054,0.7602747678756714,0.7809714078903198,0.8081218600273132,0.8119980692863464,0.8378885984420776,0.8618725538253784,0.867314338684082,0.8910771608352661,0.9071545004844666,0.9212332963943481,0.9178789854049683,0.9306783080101013,0.9438889026641846,0.9613329172134399,0.9791540503501892,1.0,0.9811355471611023,0.9364466667175293,0.9274523258209229,0.840294361114502,0.8134007453918457,0.7413257360458374,0.5617936849594116,0.5278739929199219,0.4502883851528168,0.39758068323135376,0.3563169836997986,0.29463815689086914,0.21860790252685547,0.30069106817245483,0.35530582070350647,0.34886133670806885,0.40871289372444153,0.5039995908737183,0.6328607201576233,0.7734520435333252,0.7881011962890625,0.7832474708557129,0.8453361988067627,0.8914299607276917,0.9526240825653076,0.9618924856185913,0.9519374966621399,0.9229742288589478,0.920128583908081,0.9062512516975403,0.8948392271995544,0.8959280252456665,0.8802478313446045,0.8650485277175903,0.8567830324172974,0.842307984828949,0.8236713409423828,0.8190395832061768,0.8189392685890198,0.7813465595245361,0.742344856262207,0.7230917811393738,0.7053395509719849,0.5535150766372681,0.5235399603843689,0.4485779404640198,0.39206209778785706,0.38958266377449036
120,0.37579208612442017,0.3722441494464874,0.3752160668373108,0.48713505268096924,0.5432895421981812,0.6789610385894775,0.732014536857605,0.7609585523605347,0.7471458315849304,0.7740188837051392,0.7955687046051025,0.797768235206604,0.8233489990234375,0.846419095993042,0.8462142944335938,0.8686640858650208,0.8821004033088684,0.8982360363006592,0.8948718905448914,0.9056421518325806,0.923710823059082,0.935429036617279,0.9569980502128601,0.9811355471611023,1.0,0.9632608294487,0.9416021108627319,0.8542013168334961,0.8398273587226868,0.7700797319412231,0.59354567527771,0.5527441501617432,0.46964171528816223,0.41855233907699585,0.3841652274131775,0.3163864314556122,0.23761940002441406,0.3165504038333893,0.38668912649154663,0.370664119720459,0.43326646089553833,0.5306766033172607,0.6643139123916626,0.7957504391670227,0.8132602572441101,0.7950515747070312,0.855456531047821,0.9080201387405396,0.9705314040184021,0.9626497030258179,0.9437020421028137,0.9161688685417175,0.9096437692642212,0.892066478729248,0.8748141527175903,0.8766955137252808,0.8606945276260376,0.8500827550888062,0.8428937792778015,0.8336883187294006,0.8148696422576904,0.8104110360145569,0.8046788573265076,0.7727947235107422,0.732384443283081,0.7182217836380005,0.7102161645889282,0.5606535077095032,0.538497805595398,0.45596230030059814,0.39506369829177856,0.39960551261901855
125,0.4163054823875427,0.4166805148124695,0.4302385747432709,0.5288087129592896,0.5977654457092285,0.7194167375564575,0.7679380178451538,0.7904404401779175,0.7617897391319275,0.777165412902832,0.806594729423523,0.8000136613845825,0.8206906318664551,0.8335274457931519,0.8297897577285767,0.8381711840629578,0.8571169376373291,0.8737374544143677,0.8716009855270386,0.8805204033851624,0.8981481790542603,0.9082492589950562,0.9213480353355408,0.9364466667175293,0.9632608294487,1.000000238418579,0.9634429216384888,0.9167152643203735,0.9021822214126587,0.8239738941192627,0.6545339226722717,0.5952768921852112,0.523097038269043,0.4756455719470978,0.45562154054641724,0.3636140823364258,0.26847097277641296,0.36093831062316895,0.4549398422241211,0.4294383227825165,0.49525344371795654,0.5781604051589966,0.7229001522064209,0.8444101810455322,0.8732354044914246,0.8544173836708069,0.8884105682373047,0.9450613260269165,0.959394097328186,0.9414392709732056,0.9328640103340149,0.9151827096939087,0.901178240776062,0.8821176886558533,0.8624233603477478,0.8614516854286194,0.8524253368377686,0.834703266620636,0.8337373733520508,0.8332975506782532,0.8233203291893005,0.8180621266365051,0.8041267395019531,0.7824841737747192,0.7556542158126831,0.7453478574752808,0.7413238883018494,0.6099365949630737,0.591284990310669,0.49086660146713257,0.4466129541397095,0.4327789545059204
130,0.41681212186813354,0.4287044405937195,0.42880019545555115,0.5315700769424438,0.5952776074409485,0.7270333766937256,0.7579165101051331,0.7861985564231873,0.7416747212409973,0.7505751848220825,0.7833057641983032,0.7702270150184631,0.7938631772994995,0.8068264722824097,0.8067216873168945,0.8241075277328491,0.8548786640167236,0.8602439165115356,0.8597386479377747,0.869090735912323,0.8887069225311279,0.9034551382064819,0.9182837009429932,0.9274523258209229,0.9416021108627319,0.9634429216384888,0.9999998211860657,0.9251421093940735,0.8917113542556763,0.8055823445320129,0.637100338935852,0.5900347232818604,0.5173039436340332,0.47470271587371826,0.41704684495925903,0.32410386204719543,0.23687830567359924,0.3333907127380371,0.4195515215396881,0.4362910985946655,0.4872722923755646,0.5648136138916016,0.7001343965530396,0.8356474041938782,0.8603468537330627,0.8566561341285706,0.8988513946533203,0.9193226099014282,0.9281875491142273,0.91294264793396,0.9163657426834106,0.8946192264556885,0.8765952587127686,0.8632902503013611,0.8449211120605469,0.8406796455383301,0.8335821032524109,0.8033441305160522,0.8112418055534363,0.792254626750946,0.7841655015945435,0.7881132364273071,0.7800014615058899,0.7595497369766235,0.7306317090988159,0.7224355340003967,0.7276825308799744,0.6132831573486328,0.5868214964866638,0.4842557907104492,0.44323885440826416,0.45149141550064087
135,0.45708584785461426,0.4292585253715515,0.44835585355758667,0.5477904081344604,0.6103724837303162,0.7098745107650757,0.751950740814209,0.7620916366577148,0.7185827493667603,0.7328453063964844,0.7595252990722656,0.7510271668434143,0.7647039294242859,0.7675026059150696,0.7683367729187012,0.7710026502609253,0.7968839406967163,0.800268292427063,0.8019079566001892,0.8074568510055542,0.8371579647064209,0.8412160277366638,0.8422898054122925,0.840294361114502,0.8542013168334961,0.9167152643203735,0.9251421093940735,1.0,0.9661697745323181,0.8985380530357361,0.7207397222518921,0.6310093998908997,0.5623975992202759,0.509850025177002,0.5001288652420044,0.38980841636657715,0.2786252498626709,0.38292208313941956,0.49998778104782104,0.4699053168296814,0.5478980541229248,0.630617618560791,0.7819424271583557,0.9047726392745972,0.9432910680770874,0.9323685765266418,0.8827944993972778,0.887305498123169,0.8578100800514221,0.8455541729927063,0.8703029751777649,0.873618483543396,0.8381240963935852,0.8158382177352905,0.7950311303138733,0.7788540124893188,0.803268551826477,0.7592980265617371,0.769767165184021,0.7730199098587036,0.7775760889053345,0.7822370529174805,0.7451071739196777,0.7434105277061462,0.7283376455307007,0.7054658532142639,0.7260235548019409,0.6241698265075684,0.6002181172370911,0.5022055506706238,0.4690394401550293,0.45462799072265625
140,0.4781354069709778,0.45533138513565063,0.47399386763572693,0.5894280672073364,0.6511159539222717,0.7192400693893433,0.7658127546310425,0.7654826641082764,0.7080503702163696,0.7195218801498413,0.7381728887557983,0.7230185270309448,0.7335145473480225,0.7319026589393616,0.7302200198173523,0.7302495241165161,0.7533370852470398,0.7620479464530945,0.7672806978225708,0.7738387584686279,0.800093412399292,0.8019219040870667,0.8061745166778564,0.8134007453918457,0.8398273587226868,0.9021822214126587,0.8917113542556763,0.9661697745323181,0.9999998807907104,0.9559396505355835,0.8106931447982788,0.7124531269073486,0.6352837085723877,0.5722118616104126,0.5729379057884216,0.4348174035549164,0.2993117868900299,0.42700403928756714,0.5707201957702637,0.5305041670799255,0.6254565715789795,0.7068380117416382,0.8544704914093018,0.9444717168807983,0.9681296348571777,0.8918268084526062,0.8358142375946045,0.8602043986320496,0.8482695817947388,0.8271610736846924,0.8403049111366272,0.8474159836769104,0.8119819760322571,0.7918187379837036,0.7657628059387207,0.7491358518600464,0.7689645290374756,0.7337581515312195,0.7392580509185791,0.7532716989517212,0.7539805173873901,0.7621638178825378,0.7262738347053528,0.7310848832130432,0.7271426916122437,0.7222726941108704,0.748292088508606,0.6491903066635132,0.6445170640945435,0.5452010631561279,0.49757716059684753,0.47500455379486084
