,0,5,10,15,20,25,30,35,40,45,50,55,60,65,70,75,80,85,90,95,100,105,110,115,120,125,130,135,140,145,150,155,160,165,170,175,180,185,190,195,200,205,210,215,220,225,230,235,240,245,250,255,260,265,270,275,280,285,290,295,300,305,310,315,320,325,330,335,340,345,350,355
0,1.0,0.9834671020507812,0.9669128656387329,0.9578076601028442,0.9489244818687439,0.938401460647583,0.9224569797515869,0.9119430184364319,0.8917867541313171,0.8747221231460571,0.8559693098068237,0.8518132567405701,0.8507662415504456,0.8484307527542114,0.8527714610099792,0.8603755235671997,0.8805961012840271,0.8783698678016663,0.8678752779960632,0.8793253302574158,0.8882952928543091,0.874529242515564,0.8584476709365845,0.8551729321479797,0.8595139384269714,0.866694986820221,0.8696275949478149,0.8855251669883728,0.9038137197494507,0.9089771509170532,0.9143878221511841,0.9188705682754517,0.9215706586837769,0.9281400442123413,0.9373751282691956,0.9482779502868652,0.945092499256134,0.9349866509437561,0.9262219667434692,0.9158841371536255,0.8963559865951538,0.8886443972587585,0.8739445209503174,0.869013249874115,0.8549331426620483,0.8558923006057739,0.8567007184028625,0.8856074810028076,0.8800680637359619,0.8940336108207703,0.889712393283844,0.898906946182251,0.902864933013916,0.904147744178772,0.9053571820259094,0.9102436304092407,0.9030040502548218,0.8985227942466736,0.9030179381370544,0.8791812658309937,0.8551671504974365,0.8496149778366089,0.8423640131950378,0.8473926186561584,0.8545994758605957,0.8655085563659668,0.8760618567466736,0.900005578994751,0.9185298681259155,0.9272217750549316,0.9461359977722168,0.9767132997512817
5,0.9834671020507812,1.0,0.9710204005241394,0.9689575433731079,0.9491122961044312,0.9271392822265625,0.906764030456543,0.8993914127349854,0.8764482736587524,0.8611292243003845,0.8379669785499573,0.8331520557403564,0.8324176073074341,0.82721346616745,0.834273099899292,0.8443378210067749,0.87111496925354,0.8733869791030884,0.8666757345199585,0.8685926198959351,0.8798202276229858,0.8625701069831848,0.8403725028038025,0.8358293175697327,0.8401238322257996,0.8505748510360718,0.8530361652374268,0.8723926544189453,0.8908758163452148,0.900000810623169,0.9007289409637451,0.9051668643951416,0.9101022481918335,0.9192701578140259,0.9302898049354553,0.9465098977088928,0.9316856861114502,0.925277590751648,0.9166867136955261,0.9043514728546143,0.8807950615882874,0.8667590618133545,0.8486014604568481,0.8461405634880066,0.8333768844604492,0.8349283933639526,0.8343573808670044,0.8693399429321289,0.8617281317710876,0.8818837404251099,0.8773708939552307,0.8871163725852966,0.8965274095535278,0.8984062075614929,0.9008592367172241,0.9047071933746338,0.8930832147598267,0.8892827033996582,0.8909010291099548,0.859190046787262,0.8354761004447937,0.833274245262146,0.8229330778121948,0.8253414034843445,0.8333355784416199,0.8419240713119507,0.8516095876693726,0.876224160194397,0.9029728174209595,0.9070829153060913,0.9276710152626038,0.9627752304077148
10,0.9669128656387329,0.9710204005241394,1.000000238418579,0.9848487377166748,0.9748389720916748,0.965986967086792,0.9527168273925781,0.9392481446266174,0.9200518131256104,0.9034609794616699,0.8846579790115356,0.8800312280654907,0.8784472942352295,0.8771039247512817,0.8770638704299927,0.8861631751060486,0.9045100212097168,0.8970271348953247,0.8875953555107117,0.9010375738143921,0.9104167819023132,0.901592493057251,0.887896716594696,0.88274085521698,0.8867620229721069,0.8979129791259766,0.9013247489929199,0.9162625074386597,0.9308768510818481,0.9333261251449585,0.9426989555358887,0.9476360082626343,0.9515451192855835,0.9559915065765381,0.958992063999176,0.961234986782074,0.9548193216323853,0.9491003751754761,0.9330959320068359,0.931380033493042,0.9189118146896362,0.9102942943572998,0.89313805103302,0.8911659717559814,0.87575364112854,0.8797081112861633,0.8757349848747253,0.9101908206939697,0.901492178440094,0.9125357270240784,0.9143837690353394,0.9214222431182861,0.9333035349845886,0.9315608739852905,0.9365297555923462,0.937830924987793,0.9294490814208984,0.9244037866592407,0.9251213669776917,0.8969408273696899,0.8733209371566772,0.8689897060394287,0.8600265979766846,0.8644689321517944,0.8744038939476013,0.8795301914215088,0.8891386389732361,0.9058302640914917,0.9272528886795044,0.936215341091156,0.9467084407806396,0.9674369692802429
15,0.9578076601028442,0.9689575433731079,0.9848487377166748,1.0000001192092896,0.98348468542099,0.9601919651031494,0.9451823830604553,0.933677077293396,0.9113664627075195,0.8964937329292297,0.8724370002746582,0.8701508045196533,0.8672431707382202,0.86434406042099,0.8682438135147095,0.8752843141555786,0.8968393802642822,0.8946446776390076,0.8901864290237427,0.8967757821083069,0.9034196138381958,0.8921562433242798,0.8781499862670898,0.8724921345710754,0.8739996552467346,0.8834789991378784,0.8903923034667969,0.9054769277572632,0.9204673171043396,0.9287325739860535,0.9331552982330322,0.9396671056747437,0.9449422359466553,0.9535437822341919,0.9521249532699585,0.9566598534584045,0.9431752562522888,0.9416060447692871,0.9281669855117798,0.9248563051223755,0.9095520377159119,0.8952856063842773,0.8773442506790161,0.8759269714355469,0.8643917441368103,0.8658729195594788,0.8617651462554932,0.8997870087623596,0.8923099040985107,0.9079377055168152,0.9070573449134827,0.9134319424629211,0.9314076900482178,0.9314542412757874,0.9352905750274658,0.9339762330055237,0.9244343042373657,0.9161220788955688,0.9162991046905518,0.8832647800445557,0.8594881296157837,0.8551912307739258,0.8446617722511292,0.847760796546936,0.8597166538238525,0.8653721809387207,0.8753254413604736,0.8957632780075073,0.923727810382843,0.9259861707687378,0.9367197751998901,0.9588906168937683
20,0.9489244818687439,0.9491122961044312,0.9748389720916748,0.98348468542099,0.9999998807907104,0.982108473777771,0.966484010219574,0.9563953280448914,0.9393203258514404,0.9255684018135071,0.9058271646499634,0.9034722447395325,0.8995317220687866,0.8970629572868347,0.9007987976074219,0.9080135226249695,0.9248747825622559,0.9218378663063049,0.9158731698989868,0.9270390272140503,0.9323604106903076,0.9214820861816406,0.9101985096931458,0.9056826829910278,0.9059960842132568,0.9151270985603333,0.9216494560241699,0.9329950213432312,0.9485641121864319,0.9542909860610962,0.9556812047958374,0.9586229920387268,0.9600191116333008,0.9630309343338013,0.9628071784973145,0.9609109163284302,0.9555211067199707,0.9589852094650269,0.9458168148994446,0.9453626871109009,0.9343189001083374,0.9204208850860596,0.9054911136627197,0.9057809710502625,0.8939759731292725,0.8975485563278198,0.893301248550415,0.9256973266601562,0.923393964767456,0.9323592185974121,0.9358370304107666,0.9393530488014221,0.9525880813598633,0.9531670808792114,0.9540645480155945,0.9533683061599731,0.9458253979682922,0.9372396469116211,0.9359022378921509,0.906596839427948,0.884162187576294,0.8814773559570312,0.8707690238952637,0.8720390796661377,0.8826952576637268,0.8904763460159302,0.9005297422409058,0.918631911277771,0.9412617683410645,0.9439647793769836,0.9490489959716797,0.964173436164856
25,0.938401460647583,0.9271392822265625,0.965986967086792,0.9601919651031494,0.982108473777771,0.9999999403953552,0.9918488264083862,0.9819758534431458,0.9711140990257263,0.9589753150939941,0.9462406039237976,0.9428943395614624,0.9400255084037781,0.9400862455368042,0.939588189125061,0.9435975551605225,0.9505577683448792,0.9429892897605896,0.9289441704750061,0.9539428949356079,0.9543737173080444,0.95263671875,0.9482414126396179,0.9430741667747498,0.9449720978736877,0.9513960480690002,0.9569070339202881,0.9646961688995361,0.9724745750427246,0.9749578237533569,0.9802367687225342,0.975972056388855,0.9726104736328125,0.9660168886184692,0.9616838693618774,0.9574029445648193,0.9599672555923462,0.9668644070625305,0.9578684568405151,0.9639332890510559,0.9611896276473999,0.9561537504196167,0.9474081993103027,0.946307897567749,0.936237096786499,0.9393445253372192,0.9346431493759155,0.9571719169616699,0.9561519622802734,0.956969678401947,0.9619179964065552,0.9630486369132996,0.9678357839584351,0.9644650220870972,0.9620472192764282,0.9658870697021484,0.9682267904281616,0.962022602558136,0.9628822803497314,0.9451146125793457,0.9218137264251709,0.9187209606170654,0.9147958159446716,0.915294349193573,0.9269550442695618,0.9320921301841736,0.9417478442192078,0.9521270990371704,0.9631193280220032,0.9687594175338745,0.9682947397232056,0.960405170917511
30,0.9224569797515869,0.906764030456543,0.9527168273925781,0.9451823830604553,0.966484010219574,0.9918488264083862,1.000000238418579,0.9905356168746948,0.9832144975662231,0.9685429334640503,0.9566711783409119,0.9523869156837463,0.9488402009010315,0.9512287378311157,0.9479172229766846,0.9482517838478088,0.9508820176124573,0.9415830373764038,0.9238585829734802,0.9534686803817749,0.9506763219833374,0.9530508518218994,0.9553791284561157,0.951433002948761,0.9523744583129883,0.9572883248329163,0.9648074507713318,0.9708667993545532,0.9726207852363586,0.9741231799125671,0.982485294342041,0.9735699892044067,0.9666022658348083,0.9564452171325684,0.9471571445465088,0.9426780939102173,0.9487149715423584,0.9562875032424927,0.951762855052948,0.9636853933334351,0.9637902975082397,0.9613381624221802,0.9539685249328613,0.9532693028450012,0.9456928372383118,0.9470016956329346,0.9425314664840698,0.9637067317962646,0.9626857042312622,0.9596302509307861,0.9641456604003906,0.9636201858520508,0.9664503335952759,0.9605380892753601,0.9560446739196777,0.9603775143623352,0.9656176567077637,0.9612563252449036,0.9634893536567688,0.9492990970611572,0.9269405603408813,0.9225116968154907,0.9214411973953247,0.9229993224143982,0.9361704587936401,0.9404197335243225,0.9509199857711792,0.9578911066055298,0.9642863273620605,0.9714163541793823,0.9670079946517944,0.9491859078407288
35,0.9119430184364319,0.8993914127349854,0.9392481446266174,0.933677077293396,0.9563953280448914,0.9819758534431458,0.9905356168746948,0.9999999403953552,0.9912823438644409,0.9800340533256531,0.967208981513977,0.9638190269470215,0.9606598019599915,0.9588587284088135,0.9565386772155762,0.9572088718414307,0.9603382349014282,0.9514133334159851,0.9327373504638672,0.957048773765564,0.9578300714492798,0.9618498086929321,0.9592726230621338,0.9575057029724121,0.9591339826583862,0.9644691348075867,0.9687693119049072,0.9753251075744629,0.9756377339363098,0.9764055609703064,0.9740667939186096,0.9589632749557495,0.9508134126663208,0.9396132230758667,0.934739887714386,0.9295814037322998,0.9343249201774597,0.9447652101516724,0.9484941959381104,0.9634724259376526,0.9646280407905579,0.9606090784072876,0.953672468662262,0.9539859294891357,0.9523524045944214,0.9547397494316101,0.9515019655227661,0.9674316048622131,0.9652445316314697,0.9646810293197632,0.9655452966690063,0.9651827812194824,0.9607056975364685,0.9529350996017456,0.9471735954284668,0.9522831439971924,0.9608423113822937,0.9614038467407227,0.9662632346153259,0.954930305480957,0.9343645572662354,0.9322257041931152,0.9330039620399475,0.9324570894241333,0.9427756071090698,0.9443022608757019,0.9559342265129089,0.9616146087646484,0.9686896800994873,0.9699828624725342,0.9641057252883911,0.9422684907913208
40,0.8917867541313171,0.8764482736587524,0.9200518131256104,0.9113664627075195,0.9393203258514404,0.9711140990257263,0.9832144975662231,0.9912823438644409,0.9999999403953552,0.991082489490509,0.9806908369064331,0.9755336046218872,0.9724451899528503,0.9721152782440186,0.9687595367431641,0.9668625593185425,0.9634224772453308,0.9516515731811523,0.9287785887718201,0.960069477558136,0.9603780508041382,0.9685100317001343,0.9701526165008545,0.9701958298683167,0.9708070755004883,0.9733372926712036,0.9768710136413574,0.979536771774292,0.9762988090515137,0.9735010266304016,0.9707478284835815,0.9525774121284485,0.9426140785217285,0.9282732009887695,0.921826183795929,0.9128443002700806,0.9201197028160095,0.9328187704086304,0.9356667995452881,0.9554417729377747,0.9623863697052002,0.9609549045562744,0.9581195712089539,0.9609789848327637,0.9618356823921204,0.9649156332015991,0.9619352221488953,0.9717438817024231,0.9726720452308655,0.9679061770439148,0.9671840667724609,0.9629581570625305,0.9556388854980469,0.9479460716247559,0.9416620135307312,0.9473747611045837,0.9573920965194702,0.9616521596908569,0.9690365791320801,0.9641356468200684,0.9470055103302002,0.9464423656463623,0.9479730725288391,0.9460294246673584,0.954100489616394,0.9547976851463318,0.9634182453155518,0.9635066986083984,0.9634984731674194,0.9646258354187012,0.9536774158477783,0.9254745244979858
45,0.8747221231460571,0.8611292243003845,0.9034609794616699,0.8964937329292297,0.9255684018135071,0.9589753150939941,0.9685429334640503,0.9800340533256531,0.991082489490509,1.0000001192092896,0.9907203912734985,0.9867610931396484,0.9849331378936768,0.9792864322662354,0.9762662649154663,0.9718480706214905,0.965650737285614,0.951224684715271,0.9263300895690918,0.9590965509414673,0.9634637832641602,0.9753801822662354,0.9755909442901611,0.9764436483383179,0.9790573120117188,0.9813687801361084,0.9821794033050537,0.9814302921295166,0.973678469657898,0.9672901630401611,0.9580283761024475,0.9381493926048279,0.9287799596786499,0.9129174947738647,0.9097015261650085,0.8971346616744995,0.9025896787643433,0.9186820983886719,0.9193726181983948,0.9427465200424194,0.9575873613357544,0.9584909677505493,0.9582821130752563,0.9640423655509949,0.9674295783042908,0.9695025086402893,0.9690656661987305,0.9718654155731201,0.9712187051773071,0.9668416380882263,0.9643002152442932,0.9563348293304443,0.943861722946167,0.9361399412155151,0.9302629232406616,0.9343185424804688,0.9466500282287598,0.9565982818603516,0.9677647352218628,0.9670277833938599,0.9577873945236206,0.9607192277908325,0.9606959819793701,0.9574900269508362,0.9620988368988037,0.9612237215042114,0.964611828327179,0.9600402116775513,0.9578299522399902,0.9536574482917786,0.9387393593788147,0.9081517457962036
50,0.8559693098068237,0.8379669785499573,0.8846579790115356,0.8724370002746582,0.9058271646499634,0.9462406039237976,0.9566711783409119,0.967208981513977,0.9806908369064331,0.9907203912734985,0.9999999403953552,0.9950864315032959,0.9913192391395569,0.9867970943450928,0.9835985898971558,0.9767800569534302,0.9637191891670227,0.9434767365455627,0.9175134897232056,0.9538151025772095,0.9584504961967468,0.9734823703765869,0.9774074554443359,0.9787439107894897,0.9834902286529541,0.9814125299453735,0.980334460735321,0.9763765335083008,0.9659643173217773,0.9557384848594666,0.9495536088943481,0.929104208946228,0.9214423298835754,0.9020091891288757,0.8971915245056152,0.8838149309158325,0.8913664817810059,0.9071521162986755,0.9076920747756958,0.9341523051261902,0.9527998566627502,0.957747220993042,0.9631139039993286,0.9675522446632385,0.970981776714325,0.9718530774116516,0.9747224450111389,0.9695963263511658,0.9700615406036377,0.9614489078521729,0.9602049589157104,0.9516854286193848,0.9362270832061768,0.9296183586120605,0.9240304231643677,0.9266934990882874,0.9417586326599121,0.9522414207458496,0.9645272493362427,0.9703119397163391,0.9652538299560547,0.9680898189544678,0.9680980443954468,0.9656397104263306,0.9690204858779907,0.9661023616790771,0.969325065612793,0.9601681232452393,0.949783444404602,0.9453824162483215,0.9269074201583862,0.8907626867294312
55,0.8518132567405701,0.8331520557403564,0.8800312280654907,0.8701508045196533,0.9034722447395325,0.9428943395614624,0.9523869156837463,0.9638190269470215,0.9755336046218872,0.9867610931396484,0.9950864315032959,1.000000238418579,0.9935108423233032,0.9897717833518982,0.9877181649208069,0.9807261824607849,0.9679648876190186,0.948098361492157,0.9228149652481079,0.958675742149353,0.9633541703224182,0.9773955941200256,0.982550323009491,0.9833585023880005,0.9851533770561218,0.9833177924156189,0.9798255562782288,0.9756895303726196,0.9653185606002808,0.9560673832893372,0.9486035704612732,0.929105281829834,0.9235277771949768,0.9050557613372803,0.8996671438217163,0.883987307548523,0.8904041051864624,0.9049749374389648,0.9037925004959106,0.9314102530479431,0.9519292116165161,0.9581872224807739,0.9667662382125854,0.9718946814537048,0.9750995635986328,0.9739396572113037,0.9777914881706238,0.9700995683670044,0.970384418964386,0.9601960182189941,0.9586977958679199,0.9500832557678223,0.9332582950592041,0.9284918308258057,0.9230751991271973,0.9247753620147705,0.9402788281440735,0.948436975479126,0.9619148969650269,0.9687681198120117,0.9647883772850037,0.9692174196243286,0.9711907505989075,0.9697400331497192,0.9721534252166748,0.9685299396514893,0.9701582789421082,0.9586310982704163,0.9477847218513489,0.942895770072937,0.9224698543548584,0.8857284188270569
60,0.8507662415504456,0.8324176073074341,0.8784472942352295,0.8672431707382202,0.8995317220687866,0.9400255084037781,0.9488402009010315,0.9606598019599915,0.9724451899528503,0.9849331378936768,0.9913192391395569,0.9935108423233032,1.0,0.992526650428772,0.9892284870147705,0.9836865663528442,0.9691759347915649,0.949905514717102,0.9219362735748291,0.9591162800788879,0.9643170237541199,0.9807063937187195,0.9819959402084351,0.9843161106109619,0.9863229393959045,0.9834597110748291,0.9811158776283264,0.9786335229873657,0.9659749269485474,0.9560163617134094,0.947437584400177,0.9276003241539001,0.9211655855178833,0.9014532566070557,0.897642195224762,0.8830263018608093,0.8885001540184021,0.9062062501907349,0.9069241285324097,0.933445394039154,0.9548543691635132,0.960081934928894,0.9653668403625488,0.9716663360595703,0.9751625657081604,0.973917543888092,0.975403904914856,0.9691156148910522,0.9688609838485718,0.9595390558242798,0.9583226442337036,0.9497624635696411,0.9336099028587341,0.9274231195449829,0.9212758541107178,0.9246646165847778,0.9410334229469299,0.9497791528701782,0.9638075232505798,0.96830153465271,0.9604347348213196,0.9659109711647034,0.9691998958587646,0.9661029577255249,0.9717920422554016,0.9688221216201782,0.969510018825531,0.960753321647644,0.9518715739250183,0.943778932094574,0.9235169291496277,0.8850907683372498
65,0.8484307527542114,0.82721346616745,0.8771039247512817,0.86434406042099,0.8970629572868347,0.9400862455368042,0.9512287378311157,0.9588587284088135,0.9721152782440186,0.9792864322662354,0.9867970943450928,0.9897717833518982,0.992526650428772,0.9999999403953552,0.9932903051376343,0.98838210105896,0.9696118831634521,0.9476897716522217,0.918631374835968,0.9612653255462646,0.9622264504432678,0.9800293445587158,0.9862301349639893,0.9859087467193604,0.984198808670044,0.9819846749305725,0.9809768795967102,0.977266252040863,0.9650910496711731,0.9560290575027466,0.9518142938613892,0.9337345361709595,0.9283485412597656,0.9083584547042847,0.9000433683395386,0.8867787718772888,0.8953449726104736,0.9093409776687622,0.9087441563606262,0.9362308979034424,0.9582152962684631,0.9656786322593689,0.9726492166519165,0.9763041734695435,0.9755182862281799,0.9733995199203491,0.9738593101501465,0.9683773517608643,0.9707666039466858,0.9580926895141602,0.9586467146873474,0.950485348701477,0.93655925989151,0.9326585531234741,0.9278552532196045,0.9295246005058289,0.9455171227455139,0.9506073594093323,0.9624595642089844,0.9686566591262817,0.9593685865402222,0.9641366600990295,0.9671002626419067,0.9652110934257507,0.9742447733879089,0.9721734523773193,0.9750173687934875,0.9625864624977112,0.9503418207168579,0.9464880228042603,0.9247287511825562,0.8835681676864624
70,0.8527714610099792,0.834273099899292,0.8770638704299927,0.8682438135147095,0.9007987976074219,0.939588189125061,0.9479172229766846,0.9565386772155762,0.9687595367431641,0.9762662649154663,0.9835985898971558,0.9877181649208069,0.9892284870147705,0.9932903051376343,1.0,0.9911395907402039,0.9751712083816528,0.9524616003036499,0.9244956374168396,0.9620676040649414,0.9633495807647705,0.979960024356842,0.9849767088890076,0.9847091436386108,0.9827182292938232,0.978290855884552,0.9774530529975891,0.9749432802200317,0.9645243287086487,0.9568263292312622,0.949973464012146,0.9346849918365479,0.928276538848877,0.9102679491043091,0.9022582769393921,0.8921911716461182,0.9006572365760803,0.9154312610626221,0.9161378741264343,0.93977290391922,0.9575258493423462,0.9611831903457642,0.96834397315979,0.9715780019760132,0.975231945514679,0.9738059043884277,0.9758484959602356,0.9696964621543884,0.9714484214782715,0.9592325687408447,0.9601212739944458,0.9516748189926147,0.9381752014160156,0.9353753328323364,0.9295368194580078,0.9307336807250977,0.9449046850204468,0.9522706270217896,0.9628095626831055,0.9692955613136292,0.9633044600486755,0.9663796424865723,0.9665162563323975,0.9659517407417297,0.9706500768661499,0.9675028920173645,0.9710124731063843,0.9605887532234192,0.949639081954956,0.9443339705467224,0.9263540506362915,0.8880631923675537
75,0.8603755235671997,0.8443378210067749,0.8861631751060486,0.8752843141555786,0.9080135226249695,0.9435975551605225,0.9482517838478088,0.9572088718414307,0.9668625593185425,0.9718480706214905,0.9767800569534302,0.9807261824607849,0.9836865663528442,0.98838210105896,0.9911395907402039,1.0000001192092896,0.9860517978668213,0.966376543045044,0.9408265352249146,0.9717720150947571,0.9733844995498657,0.9857398271560669,0.9816656112670898,0.9805683493614197,0.976277768611908,0.9744935631752014,0.9729065895080566,0.9741147756576538,0.9665453433990479,0.9613674283027649,0.9506374597549438,0.9367069005966187,0.9317330121994019,0.9157960414886475,0.911501407623291,0.9050184488296509,0.9096027612686157,0.9257345199584961,0.927267849445343,0.9489467740058899,0.9645525217056274,0.965662956237793,0.9668890237808228,0.9696495532989502,0.9692541360855103,0.9689325094223022,0.968657374382019,0.9661420583724976,0.968923807144165,0.9599016904830933,0.9621316194534302,0.956239640712738,0.9430805444717407,0.9407526254653931,0.9371616840362549,0.9361354112625122,0.9501445293426514,0.9553185105323792,0.9640237092971802,0.9619805216789246,0.9501577019691467,0.9545949697494507,0.954011857509613,0.9517720341682434,0.9620198607444763,0.9608341455459595,0.9675922393798828,0.9628380537033081,0.9571807384490967,0.9523975849151611,0.9345384836196899,0.8996403217315674
80,0.8805961012840271,0.87111496925354,0.9045100212097168,0.8968393802642822,0.9248747825622559,0.9505577683448792,0.9508820176124573,0.9603382349014282,0.9634224772453308,0.965650737285614,0.9637191891670227,0.9679648876190186,0.9691759347915649,0.9696118831634521,0.9751712083816528,0.9860517978668213,1.0000001192092896,0.9866935014724731,0.9713529944419861,0.9820948243141174,0.9849523305892944,0.982508659362793,0.9710423946380615,0.969304621219635,0.9629875421524048,0.9643349647521973,0.961367130279541,0.9696319699287415,0.9675480127334595,0.9658692479133606,0.9532023072242737,0.9409386515617371,0.935983419418335,0.9236479997634888,0.923454225063324,0.9186633825302124,0.9197185635566711,0.9371022582054138,0.937859296798706,0.9528417587280273,0.9611709117889404,0.9540515542030334,0.9505841732025146,0.9532648324966431,0.9512789249420166,0.9525686502456665,0.9529383778572083,0.9573317766189575,0.9577579498291016,0.9564409255981445,0.9597651958465576,0.9567087888717651,0.9463582038879395,0.9457704424858093,0.9427888989448547,0.9403373003005981,0.9497261047363281,0.9561506509780884,0.9616504907608032,0.9518637657165527,0.9368499517440796,0.9395032525062561,0.9370759725570679,0.936060905456543,0.9411136507987976,0.9404816031455994,0.9506199359893799,0.9529393911361694,0.9597856402397156,0.9546865820884705,0.9430303573608398,0.9195096492767334
85,0.8783698678016663,0.8733869791030884,0.8970271348953247,0.8946446776390076,0.9218378663063049,0.9429892897605896,0.9415830373764038,0.9514133334159851,0.9516515731811523,0.951224684715271,0.9434767365455627,0.948098361492157,0.949905514717102,0.9476897716522217,0.9524616003036499,0.966376543045044,0.9866935014724731,0.9999998807907104,0.986953854560852,0.9868625402450562,0.9850955009460449,0.9702227115631104,0.9536595940589905,0.9502698183059692,0.9422464966773987,0.9483113884925842,0.9438241124153137,0.959894061088562,0.958340585231781,0.9645119905471802,0.9470412731170654,0.9349485635757446,0.9302395582199097,0.9196719527244568,0.9216473698616028,0.9207830429077148,0.9163640141487122,0.9374203085899353,0.9418129920959473,0.9504051208496094,0.9557070732116699,0.9445167183876038,0.9369990229606628,0.9400719404220581,0.933769941329956,0.9347546100616455,0.9338734745979309,0.9427320957183838,0.943629264831543,0.9472367763519287,0.9518066644668579,0.9511363506317139,0.9388275146484375,0.9395536184310913,0.9359754920005798,0.9338337779045105,0.940396785736084,0.945258617401123,0.9460541605949402,0.9272125363349915,0.9055551290512085,0.9098238945007324,0.9091111421585083,0.9064040780067444,0.9163050651550293,0.9171704053878784,0.9304875731468201,0.9384438991546631,0.9525225162506104,0.947659969329834,0.9403285384178162,0.9186289310455322
90,0.8678752779960632,0.8666757345199585,0.8875953555107117,0.8901864290237427,0.9158731698989868,0.9289441704750061,0.9238585829734802,0.9327373504638672,0.9287785887718201,0.9263300895690918,0.9175134897232056,0.9228149652481079,0.9219362735748291,0.918631374835968,0.9244956374168396,0.9408265352249146,0.9713529944419861,0.986953854560852,1.000000238418579,0.9782875776290894,0.9694550037384033,0.9487810134887695,0.9303733110427856,0.9259255528450012,0.9165472984313965,0.9235219955444336,0.9180575013160706,0.9358766674995422,0.9377632141113281,0.946946382522583,0.9285653233528137,0.9176232218742371,0.9144628643989563,0.9083470106124878,0.9132370948791504,0.9100248217582703,0.90329909324646,0.9243061542510986,0.9245814085006714,0.9300540089607239,0.9307650327682495,0.9167235493659973,0.9085606336593628,0.9116472601890564,0.9052008390426636,0.9073283672332764,0.9088535904884338,0.9182009696960449,0.9169740676879883,0.923836886882782,0.9300740957260132,0.930777370929718,0.922453761100769,0.9285353422164917,0.9284447431564331,0.9231427907943726,0.9238560795783997,0.9264023303985596,0.9230321049690247,0.9017037153244019,0.879644513130188,0.8820803761482239,0.8785916566848755,0.8764932751655579,0.8822146654129028,0.8827179670333862,0.8981515765190125,0.9079031944274902,0.9274325966835022,0.9252645373344421,0.9234654307365417,0.909580647945404
95,0.8793253302574158,0.8685926198959351,0.9010375738143921,0.8967757821083069,0.9270390272140503,0.9539428949356079,0.9534686803817749,0.957048773765564,0.960069477558136,0.9590965509414673,0.9538151025772095,0.958675742149353,0.9591162800788879,0.9612653255462646,0.9620676040649414,0.9717720150947571,0.9820948243141174,0.9868625402450562,0.9782875776290894,0.9999998211860657,0.9903746843338013,0.9809930920600891,0.9734846949577332,0.967910885810852,0.959683895111084,0.9643911719322205,0.961610734462738,0.9696826934814453,0.9681590795516968,0.9711815714836121,0.961230993270874,0.948283314704895,0.9446709156036377,0.9325191378593445,0.9266555905342102,0.9208844304084778,0.9223673343658447,0.9428956508636475,0.943282961845398,0.9567013382911682,0.9652453660964966,0.9601819515228271,0.9569768309593201,0.9598786234855652,0.9538663029670715,0.951278805732727,0.95191890001297,0.9571564197540283,0.9578249454498291,0.9568147659301758,0.960537314414978,0.9563260674476624,0.9477381110191345,0.9504527449607849,0.9480711817741394,0.9466282725334167,0.9516623020172119,0.9523463845252991,0.9537855982780457,0.9407320022583008,0.9212178587913513,0.9253275394439697,0.9261065125465393,0.9248839616775513,0.9366777539253235,0.9377429485321045,0.9473426342010498,0.9492582082748413,0.956329345703125,0.9549024105072021,0.9462195634841919,0.9180038571357727
100,0.8882952928543091,0.8798202276229858,0.9104167819023132,0.9034196138381958,0.9323604106903076,0.9543737173080444,0.9506763219833374,0.9578300714492798,0.9603780508041382,0.9634637832641602,0.9584504961967468,0.9633541703224182,0.9643170237541199,0.9622264504432678,0.9633495807647705,0.9733844995498657,0.9849523305892944,0.9850955009460449,0.9694550037384033,0.9903746843338013,0.9999997019767761,0.9889364242553711,0.9753621816635132,0.9725593328475952,0.9670031666755676,0.9717813730239868,0.9677065014839172,0.9743913412094116,0.9745882749557495,0.9741731286048889,0.9600965976715088,0.9495163559913635,0.9449021816253662,0.9307147264480591,0.9298287034034729,0.9227942228317261,0.9226264357566833,0.941845715045929,0.9415052533149719,0.9548949003219604,0.9641256332397461,0.9586355686187744,0.9555836319923401,0.9600905179977417,0.9540053606033325,0.9532041549682617,0.9526265859603882,0.9604904651641846,0.9600943326950073,0.9589797258377075,0.9622395038604736,0.9584168195724487,0.9478704333305359,0.9456336498260498,0.9426758289337158,0.9408913254737854,0.947364866733551,0.951557993888855,0.9558139443397522,0.9424785375595093,0.9250813722610474,0.9332191348075867,0.9305443167686462,0.9302287101745605,0.9395313262939453,0.940716564655304,0.9480342864990234,0.9491949677467346,0.9573361873626709,0.9532241225242615,0.9430009722709656,0.9228578805923462
105,0.874529242515564,0.8625701069831848,0.901592493057251,0.8921562433242798,0.9214820861816406,0.95263671875,0.9530508518218994,0.9618498086929321,0.9685100317001343,0.9753801822662354,0.9734823703765869,0.9773955941200256,0.9807063937187195,0.9800293445587158,0.979960024356842,0.9857398271560669,0.982508659362793,0.9702227115631104,0.9487810134887695,0.9809930920600891,0.9889364242553711,1.0000001192092896,0.9905896186828613,0.9876066446304321,0.9840099811553955,0.9846086502075195,0.9821275472640991,0.9823852181434631,0.9783576130867004,0.9724750518798828,0.960956871509552,0.947391152381897,0.9411894679069519,0.9245514869689941,0.92055344581604,0.9110839366912842,0.9151453971862793,0.9321788549423218,0.9309905767440796,0.9498913884162903,0.9655482172966003,0.9651726484298706,0.9658013582229614,0.9710525274276733,0.9690490961074829,0.9684879779815674,0.9671937227249146,0.9705437421798706,0.9706324338912964,0.9640665650367737,0.9648331999778748,0.9581513404846191,0.9480799436569214,0.9430372714996338,0.9400647878646851,0.9401718974113464,0.9503443837165833,0.9556240439414978,0.9639589190483093,0.9593106508255005,0.9465339779853821,0.9538687467575073,0.951183557510376,0.9494660496711731,0.9587043523788452,0.9581276774406433,0.962036669254303,0.9588420391082764,0.9578925371170044,0.9515104293823242,0.9370477199554443,0.9090590476989746
110,0.8584476709365845,0.8403725028038025,0.887896716594696,0.8781499862670898,0.9101985096931458,0.9482414126396179,0.9553791284561157,0.9592726230621338,0.9701526165008545,0.9755909442901611,0.9774074554443359,0.982550323009491,0.9819959402084351,0.9862301349639893,0.9849767088890076,0.9816656112670898,0.9710423946380615,0.9536595940589905,0.9303733110427856,0.9734846949577332,0.9753621816635132,0.9905896186828613,1.0,0.9949297308921814,0.9893547892570496,0.986575722694397,0.9860692620277405,0.9815694689750671,0.9731215834617615,0.9649547338485718,0.9626453518867493,0.9475393295288086,0.9410353302955627,0.9228284358978271,0.9107158780097961,0.8981609344482422,0.9064285159111023,0.92078697681427,0.9171358346939087,0.9399173259735107,0.9594426155090332,0.9649579524993896,0.971643328666687,0.9773150086402893,0.9762961268424988,0.9733250737190247,0.9735339283943176,0.9719874858856201,0.9724780321121216,0.9594961404800415,0.9595895409584045,0.9502637982368469,0.9420880079269409,0.9386436939239502,0.9342737197875977,0.9356491565704346,0.9456796646118164,0.949539065361023,0.9582405686378479,0.9625235199928284,0.9526371359825134,0.95920729637146,0.9592399597167969,0.9603891372680664,0.9687381386756897,0.9659970998764038,0.9673504829406738,0.9565045237541199,0.9479978084564209,0.9456045627593994,0.9279959201812744,0.8920121192932129
115,0.8551729321479797,0.8358293175697327,0.88274085521698,0.8724921345710754,0.9056826829910278,0.9430741667747498,0.951433002948761,0.9575057029724121,0.9701958298683167,0.9764436483383179,0.9787439107894897,0.9833585023880005,0.9843161106109619,0.9859087467193604,0.9847091436386108,0.9805683493614197,0.969304621219635,0.9502698183059692,0.9259255528450012,0.967910885810852,0.9725593328475952,0.9876066446304321,0.9949297308921814,1.0000001192092896,0.9938933849334717,0.9881112575531006,0.9878016114234924,0.9831387996673584,0.9737604856491089,0.9648267030715942,0.9591468572616577,0.9431387186050415,0.9343599677085876,0.9152079820632935,0.9047123193740845,0.8915122151374817,0.8998571634292603,0.9140268564224243,0.9133280515670776,0.9378342628479004,0.9562773704528809,0.9606873393058777,0.9670553207397461,0.9741007685661316,0.9781531691551208,0.9734013676643372,0.975623369216919,0.973523736000061,0.9718713760375977,0.9586776494979858,0.9574429988861084,0.9472181797027588,0.9372079372406006,0.9318882822990417,0.9270897507667542,0.9285883903503418,0.9404582977294922,0.9469279646873474,0.9581004977226257,0.9629167318344116,0.9546197056770325,0.9624251127243042,0.9616916179656982,0.9634895324707031,0.9700814485549927,0.9669145345687866,0.9679638147354126,0.9580812454223633,0.9484671950340271,0.9444749355316162,0.9255681037902832,0.8896325826644897
120,0.8595139384269714,0.8401238322257996,0.8867620229721069,0.8739996552467346,0.9059960842132568,0.9449720978736877,0.9523744583129883,0.9591339826583862,0.9708070755004883,0.9790573120117188,0.9834902286529541,0.9851533770561218,0.9863229393959045,0.984198808670044,0.9827182292938232,0.976277768611908,0.9629875421524048,0.9422464966773987,0.9165472984313965,0.959683895111084,0.9670031666755676,0.9840099811553955,0.9893547892570496,0.9938933849334717,1.0,0.991330623626709,0.9907015562057495,0.9849628210067749,0.9751386046409607,0.9642632007598877,0.9576444625854492,0.9410418272018433,0.9323070049285889,0.9112918376922607,0.9038203954696655,0.8877009153366089,0.8965853452682495,0.9100962281227112,0.9094848036766052,0.9355303049087524,0.9547464847564697,0.9601667523384094,0.9651315212249756,0.971730649471283,0.9768456816673279,0.9730422496795654,0.9756519794464111,0.9735064506530762,0.9710625410079956,0.9572449922561646,0.9554662704467773,0.9455348253250122,0.933695375919342,0.9272204041481018,0.9234014749526978,0.9270225167274475,0.9382380247116089,0.9457778334617615,0.9591974020004272,0.9654541015625,0.9600676894187927,0.9670628309249878,0.9664158225059509,0.969444751739502,0.974198579788208,0.9704132080078125,0.9708683490753174,0.9598058462142944,0.9498590230941772,0.9437963962554932,0.9266214370727539,0.8911343812942505
125,0.866694986820221,0.8505748510360718,0.8979129791259766,0.8834789991378784,0.9151270985603333,0.9513960480690002,0.9572883248329163,0.9644691348075867,0.9733372926712036,0.9813687801361084,0.9814125299453735,0.9833177924156189,0.9834597110748291,0.9819846749305725,0.978290855884552,0.9744935631752014,0.9643349647521973,0.9483113884925842,0.9235219955444336,0.9643911719322205,0.9717813730239868,0.9846086502075195,0.986575722694397,0.9881112575531006,0.991330623626709,1.000000238418579,0.9932587742805481,0.9888308644294739,0.9836025238037109,0.9717184901237488,0.9624914526939392,0.9450280666351318,0.9381324052810669,0.9182554483413696,0.9156796932220459,0.8973475694656372,0.9042006731033325,0.9178502559661865,0.9141799807548523,0.9402417540550232,0.9584227204322815,0.963779628276825,0.9687484502792358,0.9765667915344238,0.9760198593139648,0.9762580990791321,0.9758149981498718,0.9784275889396667,0.9755976796150208,0.964892566204071,0.9643291234970093,0.9556046724319458,0.9396407604217529,0.9324420690536499,0.9291132688522339,0.9331653714179993,0.9454957842826843,0.9519785642623901,0.9609858393669128,0.9622998237609863,0.9557996988296509,0.9641925692558289,0.9618853330612183,0.9613269567489624,0.9669252634048462,0.967698872089386,0.9666070342063904,0.9544830322265625,0.9478079080581665,0.9456075429916382,0.9291596412658691,0.8980385065078735
130,0.8696275949478149,0.8530361652374268,0.9013247489929199,0.8903923034667969,0.9216494560241699,0.9569070339202881,0.9648074507713318,0.9687693119049072,0.9768710136413574,0.9821794033050537,0.980334460735321,0.9798255562782288,0.9811158776283264,0.9809768795967102,0.9774530529975891,0.9729065895080566,0.961367130279541,0.9438241124153137,0.9180575013160706,0.961610734462738,0.9677065014839172,0.9821275472640991,0.9860692620277405,0.9878016114234924,0.9907015562057495,0.9932587742805481,0.9999998807907104,0.9921281337738037,0.985561192035675,0.9740710258483887,0.9692208766937256,0.9533287882804871,0.9433883428573608,0.9248716831207275,0.9154588580131531,0.9019283056259155,0.9107638001441956,0.9225999712944031,0.918989896774292,0.945037841796875,0.9621467590332031,0.9671874642372131,0.9694467782974243,0.9746315479278564,0.975157618522644,0.9715874195098877,0.9717134833335876,0.9779190421104431,0.9758965373039246,0.9630697965621948,0.9628121256828308,0.9522911310195923,0.9451621174812317,0.9381797313690186,0.9342606067657471,0.9371978044509888,0.9478832483291626,0.9535853862762451,0.9638422727584839,0.9640191793441772,0.9576969146728516,0.9631941914558411,0.958564043045044,0.958998441696167,0.9667524695396423,0.967526912689209,0.9685782194137573,0.9595410823822021,0.952706515789032,0.949766993522644,0.932681679725647,0.9006299376487732
135,0.8855251669883728,0.8723926544189453,0.9162625074386597,0.9054769277572632,0.9329950213432312,0.9646961688995361,0.9708667993545532,0.9753251075744629,0.979536771774292,0.9814302921295166,0.9763765335083008,0.9756895303726196,0.9786335229873657,0.977266252040863,0.9749432802200317,0.9741147756576538,0.9696319699287415,0.959894061088562,0.9358766674995422,0.9696826934814453,0.9743913412094116,0.9823852181434631,0.9815694689750671,0.9831387996673584,0.9849628210067749,0.9888308644294739,0.9921281337738037,1.0000001192092896,0.9919524192810059,0.9853967428207397,0.978294849395752,0.9629319906234741,0.9540477991104126,0.9363088011741638,0.9299042820930481,0.9215223789215088,0.9262405633926392,0.9403141736984253,0.939608097076416,0.9592416286468506,0.9710161685943604,0.9702182412147522,0.9674122929573059,0.972511887550354,0.9708850383758545,0.9690978527069092,0.9681905508041382,0.9790112376213074,0.9774922132492065,0.9706965088844299,0.9731296896934509,0.965827226638794,0.957668662071228,0.9507648944854736,0.9459208250045776,0.9488919973373413,0.9589176774024963,0.964340329170227,0.9710534811019897,0.9634549617767334,0.9494087100028992,0.9544772505760193,0.9521326422691345,0.9510402083396912,0.9610444903373718,0.9607271552085876,0.9652184247970581,0.9624518752098083,0.9630239009857178,0.9611759185791016,0.9479669332504272,0.9195989370346069
140,0.9038137197494507,0.8908758163452148,0.9308768510818481,0.9204673171043396,0.9485641121864319,0.9724745750427246,0.9726207852363586,0.9756377339363098,0.9762988090515137,0.973678469657898,0.9659643173217773,0.9653185606002808,0.9659749269485474,0.9650910496711731,0.9645243287086487,0.9665453433990479,0.9675480127334595,0.958340585231781,0.9377632141113281,0.9681590795516968,0.9745882749557495,0.9783576130867004,0.9731215834617615,0.9737604856491089,0.9751386046409607,0.9836025238037109,0.985561192035675,0.9919524192810059,1.0000001192092896,0.991121768951416,0.9819669723510742,0.9687093496322632,0.9598410129547119,0.9451342821121216,0.9420336484909058,0.9335862398147583,0.9383367300033569,0.9499019980430603,0.94544917345047,0.961199164390564,0.9670574069023132,0.9633203744888306,0.9592364430427551,0.9631769061088562,0.958052396774292,0.9606563448905945,0.9598193168640137,0.9755256175994873,0.9740726947784424,0.9687661528587341,0.9714090824127197,0.965157151222229,0.9604731798171997,0.9548835754394531,0.9518048763275146,0.9538503885269165,0.9590491652488708,0.9626428484916687,0.9679825305938721,0.9564507603645325,0.9437827467918396,0.9472278952598572,0.940598726272583,0.9400076866149902,0.9477065205574036,0.9509881138801575,0.9558100700378418,0.958017885684967,0.9620584845542908,0.9617838859558105,0.9530810117721558,0.9342846274375916
