,0,5,10,15,20,25,30,35,40,45,50,55,60,65,70,75,80,85,90,95,100,105,110,115,120,125,130,135,140,145,150,155,160,165,170,175,180,185,190,195,200,205,210,215,220,225,230,235,240,245,250,255,260,265,270,275,280,285,290,295,300,305,310,315,320,325,330,335,340,345,350,355
0,1.000000238418579,0.990841805934906,0.9793232679367065,0.966215968132019,0.953079342842102,0.9138079881668091,0.9165672063827515,0.8951539397239685,0.8542127013206482,0.8334927558898926,0.8273965120315552,0.8024258017539978,0.7728314399719238,0.7938490509986877,0.738152801990509,0.7339717149734497,0.7631996273994446,0.7510625720024109,0.7588226795196533,0.7209922075271606,0.7207132577896118,0.7479833364486694,0.7551193237304688,0.7590739130973816,0.7690379023551941,0.7722350358963013,0.7834374308586121,0.7883561849594116,0.7836449146270752,0.7968485355377197,0.7946795225143433,0.7890490889549255,0.7946833372116089,0.8219236135482788,0.7954199910163879,0.8047025799751282,0.8029485940933228,0.8029290437698364,0.7901443243026733,0.7851742506027222,0.7782506942749023,0.7798576354980469,0.7952194213867188,0.7886426448822021,0.7889436483383179,0.7647109031677246,0.7713066339492798,0.7649010419845581,0.7496546506881714,0.7497198581695557,0.7366365194320679,0.707142174243927,0.7140768766403198,0.6985722184181213,0.6887363195419312,0.6889424324035645,0.7236325740814209,0.7343684434890747,0.7562276124954224,0.7534371018409729,0.8043667078018188,0.8053120374679565,0.8309221267700195,0.8921802639961243,0.9199599027633667,0.9237431287765503,0.9412901401519775,0.9534505009651184,0.9674457311630249,0.9815970063209534,0.9913608431816101,0.9956369996070862
5,0.990841805934906,1.0000001192092896,0.9913773536682129,0.9830183386802673,0.9710493087768555,0.9371514320373535,0.939549446105957,0.9170862436294556,0.8693227767944336,0.8497980833053589,0.8504077792167664,0.8215774297714233,0.7854185104370117,0.8053267002105713,0.7496066093444824,0.742748498916626,0.7690421938896179,0.7596029043197632,0.7668824195861816,0.7307363748550415,0.728559136390686,0.7552146911621094,0.7643821835517883,0.7656173706054688,0.7766947746276855,0.777775764465332,0.7915924787521362,0.7965184450149536,0.790024995803833,0.8043196201324463,0.8033390641212463,0.7970033884048462,0.8004759550094604,0.8274762034416199,0.8019375801086426,0.8106502294540405,0.8088006973266602,0.8105899691581726,0.798691987991333,0.7931694984436035,0.7871286273002625,0.7872223854064941,0.8039206266403198,0.7955263257026672,0.7954161167144775,0.7695316076278687,0.7757634520530701,0.7711567878723145,0.7552539110183716,0.7536237835884094,0.7389038801193237,0.7103350758552551,0.7173791527748108,0.7013178467750549,0.6948724985122681,0.6938092112541199,0.7276632189750671,0.7396637201309204,0.7648344039916992,0.7612699270248413,0.8099992871284485,0.8126116394996643,0.8370692133903503,0.8976717591285706,0.920319139957428,0.9286766052246094,0.9457039833068848,0.9564553499221802,0.9669480323791504,0.9771970510482788,0.9827885627746582,0.9852519035339355
10,0.9793232679367065,0.9913773536682129,1.0,0.9915989637374878,0.9797185659408569,0.949668824672699,0.9519476294517517,0.9285064935684204,0.883521318435669,0.8638815879821777,0.8674337863922119,0.8314763903617859,0.8021063208580017,0.8154904246330261,0.7618916034698486,0.7519581317901611,0.7797855138778687,0.7742156982421875,0.7819835543632507,0.7506392002105713,0.747908353805542,0.7721576690673828,0.780464768409729,0.7824865579605103,0.793034553527832,0.7927176356315613,0.8049301505088806,0.8098694682121277,0.8042142987251282,0.8174894452095032,0.8176127076148987,0.8102706074714661,0.8105215430259705,0.8348373174667358,0.8129086494445801,0.8201870322227478,0.8173018097877502,0.8204641938209534,0.8094288110733032,0.8043731451034546,0.7991629242897034,0.8001942038536072,0.8127200603485107,0.8053467869758606,0.8051328659057617,0.7809702754020691,0.7895975708961487,0.7879378795623779,0.7741583585739136,0.7717376947402954,0.7568085193634033,0.7271071076393127,0.7372401356697083,0.7182924747467041,0.7103345394134521,0.7115113139152527,0.7428535223007202,0.7600405216217041,0.784757137298584,0.7817913889884949,0.8268973231315613,0.828473687171936,0.8508583903312683,0.9055312275886536,0.9239245653152466,0.9240220785140991,0.9392319321632385,0.9499028921127319,0.9585468769073486,0.9657359719276428,0.9721040725708008,0.9732702374458313
15,0.966215968132019,0.9830183386802673,0.9915989637374878,0.9999998807907104,0.9888771772384644,0.965164303779602,0.9645854830741882,0.9385718703269958,0.893994152545929,0.8720888495445251,0.8767266869544983,0.8391175270080566,0.806714653968811,0.8216711282730103,0.7611868381500244,0.7546112537384033,0.78016197681427,0.7722400426864624,0.7790766954421997,0.7478296756744385,0.7452055811882019,0.7697901725769043,0.7791320085525513,0.780167281627655,0.7900028228759766,0.7884974479675293,0.8014838695526123,0.8080101609230042,0.8028184771537781,0.8158571720123291,0.8169875741004944,0.8128430843353271,0.8096330761909485,0.8347426652908325,0.8131890296936035,0.8187865614891052,0.8165158033370972,0.8202033042907715,0.8072748780250549,0.800387978553772,0.7943487167358398,0.7941919565200806,0.8075473308563232,0.7987061738967896,0.7993069291114807,0.7711929082870483,0.7832214832305908,0.77860426902771,0.7669165134429932,0.7587266564369202,0.7412065267562866,0.7145276069641113,0.7275443077087402,0.7123274803161621,0.7035864591598511,0.7002684473991394,0.7361949682235718,0.7532321214675903,0.7816410064697266,0.7799597382545471,0.8265458941459656,0.8297561407089233,0.8530552387237549,0.9072482585906982,0.9240900874137878,0.9296157360076904,0.9425091743469238,0.9513551592826843,0.9577654004096985,0.9610803127288818,0.9631597995758057,0.9622163772583008
20,0.953079342842102,0.9710493087768555,0.9797185659408569,0.9888771772384644,1.0,0.9788589477539062,0.9683810472488403,0.9412034749984741,0.9108156561851501,0.8857617378234863,0.8794423341751099,0.8504937291145325,0.8217104077339172,0.8331382274627686,0.7758266925811768,0.7651690244674683,0.7909529805183411,0.7845003604888916,0.7935333847999573,0.7662781476974487,0.7615916728973389,0.7861903309822083,0.7976217865943909,0.800085723400116,0.8083071112632751,0.806815505027771,0.8202380537986755,0.8232772350311279,0.8208626508712769,0.832521915435791,0.8346156477928162,0.8293172121047974,0.8218992948532104,0.848753809928894,0.8314893841743469,0.8381990790367126,0.8353329300880432,0.8358293771743774,0.8205498456954956,0.8118438720703125,0.8045934438705444,0.8016150593757629,0.8150414228439331,0.8062655925750732,0.8060001730918884,0.7736337184906006,0.7917830944061279,0.7855778932571411,0.7714570164680481,0.7595023512840271,0.7444405555725098,0.719933271408081,0.7354860305786133,0.7220293879508972,0.716179370880127,0.7070224285125732,0.7425030469894409,0.7606011629104614,0.7882834076881409,0.7931274771690369,0.8381170630455017,0.8422886729240417,0.8635145425796509,0.9081941843032837,0.9211655259132385,0.9225059747695923,0.9291010499000549,0.9278901815414429,0.9362807273864746,0.9414227604866028,0.9446064233779907,0.9451302289962769
25,0.9138079881668091,0.9371514320373535,0.949668824672699,0.965164303779602,0.9788589477539062,1.0000001192092896,0.9823081493377686,0.9508965611457825,0.9501662254333496,0.9257988929748535,0.9194345474243164,0.9000586271286011,0.8766017556190491,0.8823334574699402,0.8190472722053528,0.8024633526802063,0.8341980576515198,0.8266322612762451,0.8364520072937012,0.8142406940460205,0.8061065673828125,0.8285892009735107,0.8360415697097778,0.8375303745269775,0.8404395580291748,0.8388779163360596,0.8493562936782837,0.8534325957298279,0.8531069755554199,0.8599419593811035,0.8622685670852661,0.8607027530670166,0.8517073392868042,0.8737525343894958,0.8611627221107483,0.8644199967384338,0.8596196174621582,0.8591275215148926,0.8491142392158508,0.8408977389335632,0.8324321508407593,0.8283743858337402,0.8430861830711365,0.834423303604126,0.8329129219055176,0.7986879944801331,0.8208191394805908,0.8183495998382568,0.805164098739624,0.784135103225708,0.764442503452301,0.741538405418396,0.7624931335449219,0.749309778213501,0.7495762705802917,0.7324551939964294,0.7682163715362549,0.7923873662948608,0.8209803104400635,0.8371886014938354,0.8762896656990051,0.8820978999137878,0.896411120891571,0.9219851493835449,0.9198123216629028,0.900904655456543,0.8993313908576965,0.894914448261261,0.8987337946891785,0.902373731136322,0.9030497670173645,0.9031761884689331
30,0.9165672063827515,0.939549446105957,0.9519476294517517,0.9645854830741882,0.9683810472488403,0.9823081493377686,1.0,0.9783252477645874,0.9389491677284241,0.9292018413543701,0.9319552779197693,0.9033164381980896,0.8573669791221619,0.8727821111679077,0.8333490490913391,0.8181126117706299,0.8360490202903748,0.8263426423072815,0.8231111168861389,0.8086610436439514,0.8059439063072205,0.8196247816085815,0.8316953182220459,0.8291409015655518,0.8295903205871582,0.8286371231079102,0.8303014039993286,0.8407178521156311,0.8344252705574036,0.843420684337616,0.8470463752746582,0.8517138957977295,0.8500599265098572,0.8609845638275146,0.8541930317878723,0.8492697477340698,0.8412070274353027,0.8411645293235779,0.8320457935333252,0.8259115815162659,0.8199436664581299,0.8117513656616211,0.8211781978607178,0.8158448338508606,0.8172140121459961,0.7803057432174683,0.8102236986160278,0.8147282600402832,0.8047553300857544,0.7792924642562866,0.7645406723022461,0.7473605275154114,0.7638822197914124,0.7602284550666809,0.7607313990592957,0.7471529841423035,0.774899423122406,0.7904162406921387,0.8189553022384644,0.8287121653556824,0.8642961978912354,0.8562009930610657,0.8752837777137756,0.9102643132209778,0.9138807058334351,0.8910082578659058,0.8922297954559326,0.9031327366828918,0.9060330986976624,0.9072855710983276,0.9089595079421997,0.9080881476402283
35,0.8951539397239685,0.9170862436294556,0.9285064935684204,0.9385718703269958,0.9412034749984741,0.9508965611457825,0.9783252477645874,0.9999996423721313,0.9328929781913757,0.9415327906608582,0.9360187649726868,0.8954039812088013,0.8325259685516357,0.8511278629302979,0.843894362449646,0.8278442621231079,0.8290091753005981,0.8251649141311646,0.8148466348648071,0.8106875419616699,0.8178905248641968,0.828800618648529,0.8413512110710144,0.8369954228401184,0.8351093530654907,0.8365039229393005,0.828113853931427,0.841785728931427,0.830772340297699,0.8409345149993896,0.8440099358558655,0.8545936942100525,0.8615482449531555,0.8578234910964966,0.8645914793014526,0.8502527475357056,0.8432304263114929,0.8450171947479248,0.8406234383583069,0.8365387320518494,0.8343240022659302,0.8183895945549011,0.8187243342399597,0.8150539398193359,0.8202054500579834,0.7765716910362244,0.8162026405334473,0.8231773376464844,0.8179851770401001,0.7853944301605225,0.7809054851531982,0.7760222554206848,0.7795230150222778,0.7841414213180542,0.7869199514389038,0.7786192297935486,0.7958672046661377,0.7979322075843811,0.8224842548370361,0.8285788297653198,0.8623497486114502,0.8377587795257568,0.8609564900398254,0.9028460383415222,0.9079611301422119,0.8743438720703125,0.8752579092979431,0.8928388953208923,0.892706573009491,0.8890273571014404,0.8893243074417114,0.8873425126075745
40,0.8542127013206482,0.8693227767944336,0.883521318435669,0.893994152545929,0.9108156561851501,0.9501662254333496,0.9389491677284241,0.9328929781913757,0.9999999403953552,0.9697619676589966,0.9232072234153748,0.9412160515785217,0.9259373545646667,0.9237804412841797,0.8797887563705444,0.850878119468689,0.885762095451355,0.8822612166404724,0.8869035243988037,0.8734549880027771,0.8736955523490906,0.8910794854164124,0.9006158113479614,0.8979582786560059,0.8962584137916565,0.8951913714408875,0.893569827079773,0.8891852498054504,0.8881921768188477,0.8890083432197571,0.8964420557022095,0.8984458446502686,0.8979839086532593,0.9152446985244751,0.9156950116157532,0.9087260365486145,0.9153455495834351,0.9122716784477234,0.9068179130554199,0.9025747776031494,0.896579384803772,0.88841712474823,0.8958289623260498,0.8892728686332703,0.8893388509750366,0.8484743237495422,0.8761887550354004,0.8776936531066895,0.8724751472473145,0.8476114869117737,0.8349159359931946,0.8179593086242676,0.8335793018341064,0.8159194588661194,0.8146201372146606,0.8036741614341736,0.8352628946304321,0.8521670699119568,0.8773307800292969,0.8902702331542969,0.9115592241287231,0.9064127802848816,0.9132753014564514,0.9191851019859314,0.8943861126899719,0.8428303599357605,0.8364759087562561,0.8248699307441711,0.8246963024139404,0.8298840522766113,0.8349940776824951,0.8385938405990601
45,0.8334927558898926,0.8497980833053589,0.8638815879821777,0.8720888495445251,0.8857617378234863,0.9257988929748535,0.9292018413543701,0.9415327906608582,0.9697619676589966,0.9999998807907104,0.9541751146316528,0.9442150592803955,0.9046051502227783,0.9081593751907349,0.886789083480835,0.860417902469635,0.8731847405433655,0.8724903464317322,0.8672348260879517,0.8648885488510132,0.8710978031158447,0.8796886205673218,0.8889564275741577,0.8819075226783752,0.8807206749916077,0.8818960785865784,0.8691322207450867,0.8707863092422485,0.8663113713264465,0.8664080500602722,0.8713020086288452,0.880078911781311,0.8845422863960266,0.8824050426483154,0.8959826827049255,0.8790260553359985,0.8793937563896179,0.8801344037055969,0.8837230205535889,0.8828533291816711,0.8804298639297485,0.866629958152771,0.8695799112319946,0.8658528327941895,0.8706223964691162,0.8259572386741638,0.8658224940299988,0.8746463656425476,0.8678727149963379,0.8339473009109497,0.8259437084197998,0.8283224701881409,0.8371579051017761,0.8294773697853088,0.8330565690994263,0.8241081237792969,0.8453599810600281,0.8574808835983276,0.8778733015060425,0.891732931137085,0.9071336388587952,0.8807454109191895,0.8958417177200317,0.9053283333778381,0.8840005397796631,0.8213986158370972,0.8111848831176758,0.8115200996398926,0.8095043897628784,0.8106857538223267,0.8157626986503601,0.8190339207649231
50,0.8273965120315552,0.8504077792167664,0.8674337863922119,0.8767266869544983,0.8794423341751099,0.9194345474243164,0.9319552779197693,0.9360187649726868,0.9232072234153748,0.9541751146316528,1.0,0.9419078230857849,0.902432918548584,0.9005708694458008,0.8667752146720886,0.8369898200035095,0.8489359021186829,0.8519522547721863,0.8477670550346375,0.8394575715065002,0.8408068418502808,0.8446183800697327,0.8491352796554565,0.850579559803009,0.8511019945144653,0.8500204086303711,0.8395385146141052,0.8474878668785095,0.8420647978782654,0.8443478345870972,0.8450990915298462,0.8476800322532654,0.8497654795646667,0.8501309752464294,0.8544933795928955,0.850260853767395,0.8431147336959839,0.8438553214073181,0.8439399600028992,0.8451375365257263,0.8429755568504333,0.8377345204353333,0.8399475812911987,0.8389947414398193,0.8353599905967712,0.8013741374015808,0.8307380676269531,0.8372085690498352,0.8282181024551392,0.8006694316864014,0.7885515689849854,0.7827498316764832,0.7989940643310547,0.7912280559539795,0.792144775390625,0.790409505367279,0.8133572936058044,0.8327245116233826,0.8543261289596558,0.8683762550354004,0.8851658701896667,0.8719329237937927,0.8877076506614685,0.896955132484436,0.8822879791259766,0.8255046606063843,0.8207356929779053,0.8286426067352295,0.8219419717788696,0.8180941343307495,0.8166553378105164,0.8178902864456177
55,0.8024258017539978,0.8215774297714233,0.8314763903617859,0.8391175270080566,0.8504937291145325,0.9000586271286011,0.9033164381980896,0.8954039812088013,0.9412160515785217,0.9442150592803955,0.9419078230857849,1.0,0.9538127183914185,0.9576840996742249,0.9235890507698059,0.8812184929847717,0.917823314666748,0.9145769476890564,0.9036598205566406,0.890268087387085,0.891455888748169,0.8886935710906982,0.8928706049919128,0.882083535194397,0.8734723925590515,0.8722461462020874,0.8620259165763855,0.8593012690544128,0.8577901124954224,0.8559365272521973,0.8613184690475464,0.8610955476760864,0.85878586769104,0.8658841848373413,0.8763440847396851,0.8707737922668457,0.8663289546966553,0.8563664555549622,0.8543086647987366,0.8559741973876953,0.8517963886260986,0.8438719511032104,0.8530450463294983,0.8488588333129883,0.8471783399581909,0.8100290298461914,0.8392443656921387,0.8414283394813538,0.8362516164779663,0.8075375556945801,0.795038104057312,0.7937475442886353,0.8097395896911621,0.8036185503005981,0.8088774681091309,0.7995069026947021,0.82861328125,0.8496676683425903,0.88347327709198,0.9029403328895569,0.90633225440979,0.8971043825149536,0.8975003957748413,0.8907766342163086,0.8576527833938599,0.7983223795890808,0.7864376306533813,0.7861223816871643,0.7832874059677124,0.7819975018501282,0.7870542407035828,0.7897824048995972
60,0.7728314399719238,0.7854185104370117,0.8021063208580017,0.806714653968811,0.8217104077339172,0.8766017556190491,0.8573669791221619,0.8325259685516357,0.9259373545646667,0.9046051502227783,0.902432918548584,0.9538127183914185,0.9999999403953552,0.9759413003921509,0.8962885141372681,0.8606317043304443,0.9225144386291504,0.9185183644294739,0.9245361685752869,0.8913695216178894,0.8820604085922241,0.8856906890869141,0.8841589093208313,0.8834260702133179,0.877515435218811,0.8779041767120361,0.8762016892433167,0.8686228394508362,0.8711971044540405,0.8659998178482056,0.8714854717254639,0.8614949584007263,0.854433000087738,0.8735146522521973,0.8677571415901184,0.8764649629592896,0.8769193887710571,0.8631252646446228,0.8671697378158569,0.8650016784667969,0.8550626039505005,0.8644081354141235,0.8710952997207642,0.8694636821746826,0.8627563118934631,0.8469671010971069,0.8526703715324402,0.8487370014190674,0.8479278087615967,0.8308306336402893,0.8066961169242859,0.7834100723266602,0.8107019066810608,0.7806520462036133,0.7785615921020508,0.7751579284667969,0.8135238885879517,0.8532991409301758,0.8733937740325928,0.8899306058883667,0.9006112813949585,0.9139232635498047,0.9069806337356567,0.8787864446640015,0.8411681652069092,0.7703346014022827,0.7556949853897095,0.7410359978675842,0.7383790016174316,0.7422547340393066,0.750665545463562,0.7569234371185303
65,0.7938490509986877,0.8053267002105713,0.8154904246330261,0.8216711282730103,0.8331382274627686,0.8823334574699402,0.8727821111679077,0.8511278629302979,0.9237804412841797,0.9081593751907349,0.9005708694458008,0.9576840996742249,0.9759413003921509,1.0,0.9285123348236084,0.8945568799972534,0.9363850951194763,0.9266482591629028,0.9263368248939514,0.8904634714126587,0.8872528672218323,0.8854820132255554,0.8850098848342896,0.8793305158615112,0.8694490194320679,0.8700117468833923,0.8694232106208801,0.8691284656524658,0.8674183487892151,0.863865077495575,0.8680765628814697,0.8607004880905151,0.8552277088165283,0.86883944272995,0.868412435054779,0.8750513792037964,0.8703606724739075,0.8561127185821533,0.8594340682029724,0.8582016825675964,0.8523470163345337,0.8555856943130493,0.8667774200439453,0.8636599183082581,0.8600988984107971,0.8367843627929688,0.8502252101898193,0.8456608057022095,0.8442479372024536,0.8208538889884949,0.7982690334320068,0.7841881513595581,0.8052710294723511,0.7888126969337463,0.7896281480789185,0.7794535160064697,0.8150156736373901,0.8451888561248779,0.8718538880348206,0.890174388885498,0.9079230427742004,0.9094467759132385,0.9067429304122925,0.8953272700309753,0.8599516749382019,0.7968932390213013,0.7800823450088501,0.7728186845779419,0.770444393157959,0.7699891328811646,0.7761520743370056,0.7813520431518555
70,0.738152801990509,0.7496066093444824,0.7618916034698486,0.7611868381500244,0.7758266925811768,0.8190472722053528,0.8333490490913391,0.843894362449646,0.8797887563705444,0.886789083480835,0.8667752146720886,0.9235890507698059,0.8962885141372681,0.9285123348236084,1.0000001192092896,0.9688540697097778,0.9517054557800293,0.9419270157814026,0.923822820186615,0.9314699172973633,0.9362415671348572,0.9102159738540649,0.9164854884147644,0.9051698446273804,0.8861232399940491,0.8866531848907471,0.8709086179733276,0.8788726925849915,0.8737320899963379,0.8729018568992615,0.8762302994728088,0.8833767771720886,0.8797469735145569,0.8553219437599182,0.8816567659378052,0.8707326054573059,0.8519026637077332,0.8407650589942932,0.8384432196617126,0.8372101187705994,0.8354923725128174,0.82173752784729,0.8232750296592712,0.8185185790061951,0.8273028135299683,0.7749120593070984,0.8179828524589539,0.832937479019165,0.8426802158355713,0.7895429134368896,0.7883560061454773,0.8100266456604004,0.8301161527633667,0.8403893113136292,0.8555507063865662,0.8321794867515564,0.8386837244033813,0.8457590341567993,0.8602755069732666,0.8918573260307312,0.8929082155227661,0.8596751093864441,0.8581016659736633,0.8504825830459595,0.8166441917419434,0.7358181476593018,0.7189096808433533,0.7267901301383972,0.7214781045913696,0.7156643867492676,0.7230098843574524,0.7227175235748291
75,0.7339717149734497,0.742748498916626,0.7519581317901611,0.7546112537384033,0.7651690244674683,0.8024633526802063,0.8181126117706299,0.8278442621231079,0.850878119468689,0.860417902469635,0.8369898200035095,0.8812184929847717,0.8606317043304443,0.8945568799972534,0.9688540697097778,1.0000003576278687,0.9561998248100281,0.9136377573013306,0.8974099159240723,0.9050753712654114,0.9107840061187744,0.8910627961158752,0.9000630378723145,0.8890854716300964,0.8687174320220947,0.8689810037612915,0.8561505079269409,0.8719406127929688,0.864375114440918,0.8618979454040527,0.859783411026001,0.8727630972862244,0.8678970336914062,0.837433397769928,0.8641212582588196,0.8555822968482971,0.8320730328559875,0.8255240321159363,0.8269341588020325,0.821977972984314,0.8142117857933044,0.8007799386978149,0.7983150482177734,0.7907024621963501,0.806658148765564,0.7557374238967896,0.8007428050041199,0.8188344836235046,0.837796151638031,0.7754319906234741,0.77101069688797,0.7909014225006104,0.8075835108757019,0.8176037073135376,0.8310368061065674,0.8101373314857483,0.8164719939231873,0.8165043592453003,0.82433021068573,0.8589981198310852,0.8669324517250061,0.8336650133132935,0.8365012407302856,0.83160400390625,0.8075932860374451,0.7271380424499512,0.7107614278793335,0.7247046232223511,0.720231831073761,0.7138803601264954,0.720721423625946,0.7185317873954773
80,0.7631996273994446,0.7690421938896179,0.7797855138778687,0.78016197681427,0.7909529805183411,0.8341980576515198,0.8360490202903748,0.8290091753005981,0.885762095451355,0.8731847405433655,0.8489359021186829,0.917823314666748,0.9225144386291504,0.9363850951194763,0.9517054557800293,0.9561998248100281,1.0,0.9702103137969971,0.9603962898254395,0.9477224946022034,0.9404404163360596,0.9297369718551636,0.9298122525215149,0.9172531366348267,0.9006795287132263,0.90305495262146,0.8936021327972412,0.8888397812843323,0.8919644951820374,0.8850762844085693,0.8867141604423523,0.882766604423523,0.8706280589103699,0.861103892326355,0.8792251348495483,0.880368709564209,0.86341392993927,0.849520742893219,0.8542763590812683,0.8508720993995667,0.8371680378913879,0.8359023332595825,0.8344141840934753,0.8240292072296143,0.8313841819763184,0.7975450158119202,0.8210013508796692,0.8296523094177246,0.8471040725708008,0.8064637780189514,0.7990496754646301,0.8032309412956238,0.8182345628738403,0.8044227361679077,0.8096641898155212,0.8072682023048401,0.8215485215187073,0.8387011885643005,0.8593454957008362,0.884242832660675,0.8931745886802673,0.8837288618087769,0.8792397975921631,0.8595848083496094,0.8255041241645813,0.7445558905601501,0.7273168563842773,0.7296987771987915,0.7294148802757263,0.7334394454956055,0.7450976967811584,0.747108519077301
85,0.7510625720024109,0.7596029043197632,0.7742156982421875,0.7722400426864624,0.7845003604888916,0.8266322612762451,0.8263426423072815,0.8251649141311646,0.8822612166404724,0.8724903464317322,0.8519522547721863,0.9145769476890564,0.9185183644294739,0.9266482591629028,0.9419270157814026,0.9136377573013306,0.9702103137969971,1.0000001192092896,0.9853333234786987,0.9735317826271057,0.9668298959732056,0.9488757848739624,0.9495669007301331,0.9334945678710938,0.9242597222328186,0.926314115524292,0.9148945212364197,0.8978419899940491,0.9041960835456848,0.8961856961250305,0.9015820622444153,0.8902408480644226,0.8750337958335876,0.8686153888702393,0.8919446468353271,0.8923519849777222,0.8803648352622986,0.8618916869163513,0.8659300804138184,0.8674532771110535,0.8583439588546753,0.8546773791313171,0.8501954674720764,0.8390749096870422,0.8431670665740967,0.8103876113891602,0.8295284509658813,0.8388596177101135,0.8565520644187927,0.8273584842681885,0.8248994946479797,0.8352774381637573,0.8446699380874634,0.8269989490509033,0.8308961987495422,0.8402854800224304,0.8505932092666626,0.8679603934288025,0.8934560418128967,0.9013071060180664,0.9049510955810547,0.8953757286071777,0.8866087198257446,0.8655180931091309,0.8241024017333984,0.74354088306427,0.7248101830482483,0.7230777144432068,0.7203449010848999,0.7227015495300293,0.7340362668037415,0.7367751598358154
90,0.7588226795196533,0.7668824195861816,0.7819835543632507,0.7790766954421997,0.7935333847999573,0.8364520072937012,0.8231111168861389,0.8148466348648071,0.8869035243988037,0.8672348260879517,0.8477670550346375,0.9036598205566406,0.9245361685752869,0.9263368248939514,0.923822820186615,0.8974099159240723,0.9603962898254395,0.9853333234786987,1.0,0.9787639379501343,0.9669321775436401,0.9587603807449341,0.9567252397537231,0.9478550553321838,0.9400892853736877,0.9402903914451599,0.9366581439971924,0.9188830852508545,0.9291517734527588,0.920734703540802,0.9211256504058838,0.9040369391441345,0.8853561282157898,0.8864389657974243,0.9006209373474121,0.9104999899864197,0.8995295166969299,0.882240891456604,0.8826646208763123,0.8814716339111328,0.8703674077987671,0.8716706037521362,0.8729527592658997,0.8631245493888855,0.8628538846969604,0.8346061110496521,0.845867395401001,0.849188506603241,0.8648513555526733,0.8436967134475708,0.8400790691375732,0.8338391780853271,0.8501982092857361,0.8242807388305664,0.8224949836730957,0.8312081694602966,0.8435956239700317,0.8687793612480164,0.8921980261802673,0.9070208668708801,0.9156029224395752,0.9179057478904724,0.9102797508239746,0.8840212821960449,0.8415094614028931,0.765033483505249,0.7439925074577332,0.7313228249549866,0.7276917695999146,0.7313749194145203,0.7410405874252319,0.744869589805603
95,0.7209922075271606,0.7307363748550415,0.7506392002105713,0.7478296756744385,0.7662781476974487,0.8142406940460205,0.8086610436439514,0.8106875419616699,0.8734549880027771,0.8648885488510132,0.8394575715065002,0.890268087387085,0.8913695216178894,0.8904634714126587,0.9314699172973633,0.9050753712654114,0.9477224946022034,0.9735317826271057,0.9787639379501343,1.0000001192092896,0.9887608289718628,0.9733135104179382,0.9685841798782349,0.9592301845550537,0.9451145529747009,0.9438514709472656,0.9287018775939941,0.9147374629974365,0.9260332584381104,0.9154077768325806,0.9171674251556396,0.9087746143341064,0.8909578323364258,0.874197781085968,0.9056949019432068,0.9001481533050537,0.8843107223510742,0.869436502456665,0.8668060302734375,0.8660731911659241,0.8572863340377808,0.8452274203300476,0.8449555039405823,0.8360454440116882,0.8426793813705444,0.7991336584091187,0.8352550268173218,0.8473923206329346,0.8617198467254639,0.8279924988746643,0.832791805267334,0.8473947644233704,0.8662346601486206,0.8470803499221802,0.8517794609069824,0.8517597317695618,0.8530428409576416,0.8700907230377197,0.8903471827507019,0.9191584587097168,0.908961296081543,0.8942227363586426,0.8855245113372803,0.8521550893783569,0.8121893405914307,0.7249270677566528,0.702902615070343,0.6952848434448242,0.6908392906188965,0.6932899355888367,0.7039883136749268,0.704903781414032
100,0.7207132577896118,0.728559136390686,0.747908353805542,0.7452055811882019,0.7615916728973389,0.8061065673828125,0.8059439063072205,0.8178905248641968,0.8736955523490906,0.8710978031158447,0.8408068418502808,0.891455888748169,0.8820604085922241,0.8872528672218323,0.9362415671348572,0.9107840061187744,0.9404404163360596,0.9668298959732056,0.9669321775436401,0.9887608289718628,1.000000238418579,0.9827189445495605,0.9782786965370178,0.9681654572486877,0.9534045457839966,0.9509748816490173,0.9316109418869019,0.9204767942428589,0.9282892942428589,0.9181499481201172,0.9194377660751343,0.9144429564476013,0.9013808965682983,0.8808552026748657,0.9168473482131958,0.9083131551742554,0.8941303491592407,0.880401611328125,0.878014087677002,0.8797599077224731,0.8722431063652039,0.8557946681976318,0.852394700050354,0.8429938554763794,0.8522716164588928,0.8050506114959717,0.8488923907279968,0.8590018153190613,0.8748260140419006,0.8392072916030884,0.8467519879341125,0.8677030205726624,0.8841691613197327,0.8690767288208008,0.8686771392822266,0.8735269904136658,0.8760045170783997,0.8872725963592529,0.9057859778404236,0.9303305149078369,0.9189780950546265,0.8971930742263794,0.8912737369537354,0.8597177267074585,0.8201038241386414,0.727423369884491,0.70367032289505,0.6961986422538757,0.6918909549713135,0.6943866610527039,0.7048196792602539,0.7047081589698792
105,0.7479833364486694,0.7552146911621094,0.7721576690673828,0.7697901725769043,0.7861903309822083,0.8285892009735107,0.8196247816085815,0.828800618648529,0.8910794854164124,0.8796886205673218,0.8446183800697327,0.8886935710906982,0.8856906890869141,0.8854820132255554,0.9102159738540649,0.8910627961158752,0.9297369718551636,0.9488757848739624,0.9587603807449341,0.9733135104179382,0.9827189445495605,0.9999999403953552,0.9911088347434998,0.9862797260284424,0.9760676622390747,0.9710584878921509,0.9595091342926025,0.9494895935058594,0.9578344225883484,0.9470855593681335,0.9445867538452148,0.9375506043434143,0.9263080358505249,0.9150839447975159,0.9424256086349487,0.9405724406242371,0.9309378862380981,0.9209339618682861,0.9174078106880188,0.9176791310310364,0.9074376225471497,0.8931133151054382,0.891862154006958,0.881467342376709,0.8890689611434937,0.8465052843093872,0.8872639536857605,0.8893729448318481,0.9008151888847351,0.8729617595672607,0.8795700073242188,0.8869099020957947,0.9037991762161255,0.8823381066322327,0.8751085996627808,0.883350133895874,0.8954668641090393,0.9038059711456299,0.9191592931747437,0.9434753060340881,0.9403802156448364,0.9311051964759827,0.9255287647247314,0.8929394483566284,0.8563127517700195,0.7679906487464905,0.7444579601287842,0.7277070879936218,0.7210239171981812,0.7246760725975037,0.7319943904876709,0.7327184081077576
110,0.7551193237304688,0.7643821835517883,0.780464768409729,0.7791320085525513,0.7976217865943909,0.8360415697097778,0.8316953182220459,0.8413512110710144,0.9006158113479614,0.8889564275741577,0.8491352796554565,0.8928706049919128,0.8841589093208313,0.8850098848342896,0.9164854884147644,0.9000630378723145,0.9298122525215149,0.9495669007301331,0.9567252397537231,0.9685841798782349,0.9782786965370178,0.9911088347434998,0.9999999403953552,0.993053674697876,0.9838093519210815,0.9796313643455505,0.967349648475647,0.956859290599823,0.9618076086044312,0.9548110961914062,0.9560243487358093,0.9501933455467224,0.9387891292572021,0.9269503951072693,0.9548821449279785,0.9510001540184021,0.9396548271179199,0.9279351234436035,0.9216057062149048,0.920119047164917,0.9109527468681335,0.8950468301773071,0.8918390870094299,0.8820557594299316,0.8891897797584534,0.8439631462097168,0.8867619037628174,0.8912690877914429,0.9029016494750977,0.8703629970550537,0.8774895668029785,0.8833593130111694,0.900267481803894,0.8796572685241699,0.8755516409873962,0.8833798170089722,0.8930308818817139,0.899459183216095,0.9174801707267761,0.9335821866989136,0.9326226711273193,0.9192142486572266,0.9145563840866089,0.8902600407600403,0.8552127480506897,0.7713915705680847,0.7494519948959351,0.7341669797897339,0.7284358143806458,0.7308731079101562,0.7383609414100647,0.7398841977119446
115,0.7590739130973816,0.7656173706054688,0.7824865579605103,0.780167281627655,0.800085723400116,0.8375303745269775,0.8291409015655518,0.8369954228401184,0.8979582786560059,0.8819075226783752,0.850579559803009,0.882083535194397,0.8834260702133179,0.8793305158615112,0.9051698446273804,0.8890854716300964,0.9172531366348267,0.9334945678710938,0.9478550553321838,0.9592301845550537,0.9681654572486877,0.9862797260284424,0.993053674697876,1.0000001192092896,0.9916163682937622,0.9882213473320007,0.9766360521316528,0.9674773812294006,0.9723876118659973,0.966722846031189,0.9665125608444214,0.9594789743423462,0.9500942230224609,0.9394604563713074,0.9598208665847778,0.9601390361785889,0.9487147331237793,0.9364837408065796,0.9256384968757629,0.9232122898101807,0.9140271544456482,0.9001200199127197,0.8987700939178467,0.8910443186759949,0.8976069092750549,0.8538269996643066,0.8952343463897705,0.8956730961799622,0.9041306376457214,0.8768852353096008,0.882294237613678,0.8807052969932556,0.9003716707229614,0.8779699802398682,0.8707715272903442,0.8760711550712585,0.8881446719169617,0.8948103785514832,0.9073905348777771,0.9292932748794556,0.9321788549423218,0.9240740537643433,0.9203187227249146,0.8935810923576355,0.8609470129013062,0.7764517068862915,0.755420982837677,0.735892117023468,0.7300516366958618,0.7343453168869019,0.741187334060669,0.7432492971420288
120,0.7690379023551941,0.7766947746276855,0.793034553527832,0.7900028228759766,0.8083071112632751,0.8404395580291748,0.8295903205871582,0.8351093530654907,0.8962584137916565,0.8807206749916077,0.8511019945144653,0.8734723925590515,0.877515435218811,0.8694490194320679,0.8861232399940491,0.8687174320220947,0.9006795287132263,0.9242597222328186,0.9400892853736877,0.9451145529747009,0.9534045457839966,0.9760676622390747,0.9838093519210815,0.9916163682937622,1.000000238418579,0.9950919151306152,0.9858792424201965,0.9708873629570007,0.9748411774635315,0.9690993428230286,0.9689925909042358,0.9561685919761658,0.9471864700317383,0.9428653717041016,0.9578373432159424,0.9634450078010559,0.9569827318191528,0.9436257481575012,0.9318209290504456,0.9313005805015564,0.924712061882019,0.9134923219680786,0.9113014936447144,0.9041956663131714,0.9072902202606201,0.8705486059188843,0.9011180400848389,0.9007393717765808,0.9072130918502808,0.8930970430374146,0.8980750441551208,0.8871293067932129,0.904091477394104,0.8757835626602173,0.8665156364440918,0.8791243433952332,0.8940356373786926,0.9016658067703247,0.9148802161216736,0.9252463579177856,0.9315844178199768,0.9273691177368164,0.9247446060180664,0.9025481939315796,0.8667424321174622,0.7915437817573547,0.7716556191444397,0.7478553056716919,0.7400400638580322,0.744380533695221,0.7507895827293396,0.7542269229888916
125,0.7722350358963013,0.777775764465332,0.7927176356315613,0.7884974479675293,0.806815505027771,0.8388779163360596,0.8286371231079102,0.8365039229393005,0.8951913714408875,0.8818960785865784,0.8500204086303711,0.8722461462020874,0.8779041767120361,0.8700117468833923,0.8866531848907471,0.8689810037612915,0.90305495262146,0.926314115524292,0.9402903914451599,0.9438514709472656,0.9509748816490173,0.9710584878921509,0.9796313643455505,0.9882213473320007,0.9950919151306152,1.000000238418579,0.989280641078949,0.9720401167869568,0.9755779504776001,0.9701604843139648,0.9698566794395447,0.9582216143608093,0.9506141543388367,0.9439921975135803,0.9578195810317993,0.9633941650390625,0.9548389911651611,0.9387511610984802,0.9289032816886902,0.92816162109375,0.9206825494766235,0.909841775894165,0.9052611589431763,0.8977527022361755,0.9021168351173401,0.867730975151062,0.8969994783401489,0.8977465033531189,0.906435489654541,0.8899373412132263,0.8935214281082153,0.8816148042678833,0.895592451095581,0.8690440058708191,0.8618642091751099,0.8754600882530212,0.8897205591201782,0.8960826992988586,0.9070221781730652,0.91512131690979,0.9254423379898071,0.9206392765045166,0.918694019317627,0.8984716534614563,0.8640843629837036,0.7853375673294067,0.7659832835197449,0.7456257343292236,0.7393002510070801,0.7444101572036743,0.7519729137420654,0.756820023059845
130,0.7834374308586121,0.7915924787521362,0.8049301505088806,0.8014838695526123,0.8202380537986755,0.8493562936782837,0.8303014039993286,0.828113853931427,0.893569827079773,0.8691322207450867,0.8395385146141052,0.8620259165763855,0.8762016892433167,0.8694232106208801,0.8709086179733276,0.8561505079269409,0.8936021327972412,0.9148945212364197,0.9366581439971924,0.9287018775939941,0.9316109418869019,0.9595091342926025,0.967349648475647,0.9766360521316528,0.9858792424201965,0.989280641078949,0.9999998807907104,0.9843893647193909,0.9886606335639954,0.9841800928115845,0.9817137718200684,0.9644534587860107,0.9514646530151367,0.9545195698738098,0.9559709429740906,0.9708899259567261,0.9608913660049438,0.9475775361061096,0.9371151924133301,0.9342292547225952,0.9245080947875977,0.9193471074104309,0.917976438999176,0.9047664403915405,0.9056994318962097,0.8762807846069336,0.891918420791626,0.8900858759880066,0.8970402479171753,0.8880836367607117,0.886263370513916,0.8625730276107788,0.8775092959403992,0.8503295183181763,0.8418624997138977,0.8523380756378174,0.8730120658874512,0.8840740323066711,0.8924680352210999,0.9028445482254028,0.9207813739776611,0.9245478510856628,0.9190757274627686,0.9042201042175293,0.8714032173156738,0.8045416474342346,0.786688506603241,0.7633292078971863,0.7551901936531067,0.7580549120903015,0.7631884813308716,0.7688997983932495
135,0.7883561849594116,0.7965184450149536,0.8098694682121277,0.8080101609230042,0.8232772350311279,0.8534325957298279,0.8407178521156311,0.841785728931427,0.8891852498054504,0.8707863092422485,0.8474878668785095,0.8593012690544128,0.8686228394508362,0.8691284656524658,0.8788726925849915,0.8719406127929688,0.8888397812843323,0.8978419899940491,0.9188830852508545,0.9147374629974365,0.9204767942428589,0.9494895935058594,0.956859290599823,0.9674773812294006,0.9708873629570007,0.9720401167869568,0.9843893647193909,1.0,0.991431713104248,0.9915453791618347,0.9858205914497375,0.9813292622566223,0.9724969863891602,0.9624579548835754,0.9649831056594849,0.9730337858200073,0.9525418281555176,0.9483740925788879,0.9386758208274841,0.9319096207618713,0.9228059649467468,0.9131887555122375,0.9121107459068298,0.8984113335609436,0.9009442329406738,0.8654665350914001,0.89085853099823,0.8923486471176147,0.8953977823257446,0.8738391399383545,0.8706605434417725,0.8525872230529785,0.87205970287323,0.8616240620613098,0.8535698056221008,0.8494998216629028,0.872597336769104,0.8828275799751282,0.8852975368499756,0.9050555229187012,0.9249492883682251,0.9172762036323547,0.9160673022270203,0.9082393646240234,0.8819615244865417,0.8133410215377808,0.797539472579956,0.7828611731529236,0.7727293372154236,0.7705338001251221,0.7727190852165222,0.7761535048484802
140,0.7836449146270752,0.790024995803833,0.8042142987251282,0.8028184771537781,0.8208626508712769,0.8531069755554199,0.8344252705574036,0.830772340297699,0.8881921768188477,0.8663113713264465,0.8420647978782654,0.8577901124954224,0.8711971044540405,0.8674183487892151,0.8737320899963379,0.864375114440918,0.8919644951820374,0.9041960835456848,0.9291517734527588,0.9260332584381104,0.9282892942428589,0.9578344225883484,0.9618076086044312,0.9723876118659973,0.9748411774635315,0.9755779504776001,0.9886606335639954,0.991431713104248,1.000000238418579,0.9958977699279785,0.9887871742248535,0.9772229194641113,0.9597283005714417,0.95613694190979,0.9614781141281128,0.9726146459579468,0.9530397057533264,0.9456803202629089,0.9358292818069458,0.9288104772567749,0.9179680347442627,0.9098873734474182,0.9107742309570312,0.8950715661048889,0.8968896865844727,0.8608807325363159,0.8838527202606201,0.8845862746238708,0.8897644281387329,0.8702929019927979,0.8681472539901733,0.8507847189903259,0.8738589286804199,0.8566235303878784,0.8480291962623596,0.8458777070045471,0.8658527731895447,0.8802193403244019,0.8866939544677734,0.911923348903656,0.9281682372093201,0.9258973002433777,0.9214878082275391,0.9053487777709961,0.876194179058075,0.8047182559967041,0.7860919833183289,0.7693313956260681,0.7605848908424377,0.7607666254043579,0.7655757069587708,0.7696108818054199
