,0,5,10,15,20,25,30,35,40,45,50,55,60,65,70,75,80,85,90,95,100,105,110,115,120,125,130,135,140,145,150,155,160,165,170,175,180,185,190,195,200,205,210,215,220,225,230,235,240,245,250,255,260,265,270,275,280,285,290,295,300,305,310,315,320,325,330,335,340,345,350,355
0,0.9999999403953552,0.9832271337509155,0.9790693521499634,0.9713265895843506,0.9617264866828918,0.9542971849441528,0.9458418488502502,0.9398961067199707,0.9203619360923767,0.9126995801925659,0.8771183490753174,0.8547106385231018,0.8355045914649963,0.8414711356163025,0.8590726256370544,0.8455415964126587,0.8715088963508606,0.891796350479126,0.8889206647872925,0.8973991870880127,0.8575452566146851,0.8492265939712524,0.8260565400123596,0.827049970626831,0.7953654527664185,0.7768905162811279,0.7989426255226135,0.7849546670913696,0.7871323823928833,0.7921192646026611,0.7856062650680542,0.7774080038070679,0.7899508476257324,0.7766985893249512,0.7790218591690063,0.7786142826080322,0.785748302936554,0.7638248801231384,0.7544702291488647,0.766911506652832,0.7547860145568848,0.73395836353302,0.7425588369369507,0.7573415040969849,0.7784456610679626,0.8068100214004517,0.7876866459846497,0.7927398681640625,0.8157098889350891,0.838798999786377,0.8084906935691833,0.7994440197944641,0.8247051239013672,0.8480733036994934,0.8725159168243408,0.8601474165916443,0.8092542290687561,0.8277533650398254,0.8088260889053345,0.8495286703109741,0.8494958877563477,0.8713589906692505,0.8981814980506897,0.9041759371757507,0.924437403678894,0.9574763178825378,0.9493285417556763,0.9657928347587585,0.9648605585098267,0.9688905477523804,0.9790647625923157,0.9887549877166748
5,0.9832271337509155,0.9999998211860657,0.9852849245071411,0.9718276858329773,0.9601853489875793,0.9479008913040161,0.9359806180000305,0.9374027252197266,0.9082297086715698,0.9077662825584412,0.8612068891525269,0.8354455232620239,0.8180065155029297,0.8233269453048706,0.8435842394828796,0.8311986923217773,0.861748456954956,0.8842734098434448,0.8792756795883179,0.889176607131958,0.849310040473938,0.8407818675041199,0.8142198324203491,0.8188468217849731,0.7815442085266113,0.7641274333000183,0.7891725301742554,0.781083881855011,0.7833766341209412,0.7809069156646729,0.7768924832344055,0.7680405378341675,0.778845489025116,0.7653310894966125,0.7719514966011047,0.778093695640564,0.7715139389038086,0.7553366422653198,0.7448616027832031,0.7485890984535217,0.7446616291999817,0.7275514602661133,0.7326405048370361,0.750527560710907,0.7671109437942505,0.791544497013092,0.7681599855422974,0.7645626068115234,0.7923808097839355,0.8126716017723083,0.7868309020996094,0.7710274457931519,0.7965093851089478,0.8234018087387085,0.8504356741905212,0.8351660966873169,0.7839863300323486,0.8020070195198059,0.7854810357093811,0.8259178400039673,0.8225359916687012,0.854690432548523,0.8795227408409119,0.8877922296524048,0.9033160209655762,0.9520664215087891,0.9394807815551758,0.9598451852798462,0.959032416343689,0.9690800905227661,0.9696804285049438,0.9757311344146729
10,0.9790693521499634,0.9852849245071411,0.9999998807907104,0.9885773658752441,0.971513032913208,0.9656271934509277,0.9582066535949707,0.9550418853759766,0.9282690286636353,0.9225744009017944,0.8797386884689331,0.8615919947624207,0.8423709273338318,0.8479547500610352,0.8676183223724365,0.8501359224319458,0.8806900382041931,0.9024309515953064,0.8944714069366455,0.9039530754089355,0.8679783344268799,0.8576369285583496,0.8346749544143677,0.8363949060440063,0.802617073059082,0.7878842949867249,0.8096430897712708,0.8017847537994385,0.8023338913917542,0.7987613081932068,0.7946940660476685,0.7863571047782898,0.8008963465690613,0.787569522857666,0.787682831287384,0.789309024810791,0.7907631993293762,0.7688634395599365,0.7643717527389526,0.7685796618461609,0.7633302807807922,0.7457262873649597,0.7534440159797668,0.7703661322593689,0.7863219976425171,0.8140344023704529,0.7892537117004395,0.789294958114624,0.8133136034011841,0.8323126435279846,0.8060703873634338,0.7945497632026672,0.8171683549880981,0.8424214124679565,0.8684283494949341,0.8532313108444214,0.8041437268257141,0.8238438367843628,0.806770920753479,0.8482362031936646,0.8464158773422241,0.8797135949134827,0.9064289331436157,0.9089998602867126,0.922286868095398,0.9676433801651001,0.9563220739364624,0.9714870452880859,0.9727124571800232,0.9799392223358154,0.9785050749778748,0.97886723279953
15,0.9713265895843506,0.9718276858329773,0.9885773658752441,1.0000001192092896,0.9813294410705566,0.9755988717079163,0.9641966223716736,0.9627022743225098,0.9423995018005371,0.9332621097564697,0.8917458057403564,0.875113844871521,0.8470754623413086,0.854293942451477,0.8722594976425171,0.8521809577941895,0.8784774541854858,0.8993083238601685,0.8932775855064392,0.894944429397583,0.864490807056427,0.8532493710517883,0.8324872255325317,0.8330841064453125,0.8006561994552612,0.7884869575500488,0.8082071542739868,0.7996801733970642,0.8027220964431763,0.8015003204345703,0.7934926152229309,0.7874481678009033,0.8047958016395569,0.7903752326965332,0.7846512794494629,0.7817569971084595,0.7863159775733948,0.766261100769043,0.7644446492195129,0.7680932879447937,0.7621015310287476,0.7434811592102051,0.7511758804321289,0.7710190415382385,0.7799636125564575,0.8075540065765381,0.7840445041656494,0.7862895727157593,0.8122410178184509,0.8320701718330383,0.8068687319755554,0.7941926121711731,0.8155761957168579,0.836136519908905,0.8592004179954529,0.8507680892944336,0.8016269207000732,0.8228480219841003,0.8095130324363708,0.8529126644134521,0.8482194542884827,0.8848878145217896,0.9177398681640625,0.9108245372772217,0.9191516041755676,0.9645339250564575,0.9542452692985535,0.9661321043968201,0.9682173132896423,0.9784759283065796,0.9731287360191345,0.9684484004974365
20,0.9617264866828918,0.9601853489875793,0.971513032913208,0.9813294410705566,1.0000001192092896,0.9864455461502075,0.9800369739532471,0.9771108031272888,0.9593809247016907,0.9547919034957886,0.917517900466919,0.8993500471115112,0.8773309588432312,0.8853806853294373,0.8939843773841858,0.8798888921737671,0.8953078985214233,0.910424530506134,0.9050732851028442,0.9013906717300415,0.8791091442108154,0.8730029463768005,0.855843186378479,0.8630527853965759,0.8427721261978149,0.8268758654594421,0.8411026000976562,0.820379912853241,0.8294454216957092,0.8323874473571777,0.8257042169570923,0.8187277913093567,0.8334211111068726,0.8178872466087341,0.8155761361122131,0.8158238530158997,0.8168190717697144,0.7943727970123291,0.7932260036468506,0.802156925201416,0.8008890748023987,0.7857955098152161,0.7908551692962646,0.8107470870018005,0.8157775402069092,0.8420466780662537,0.815201997756958,0.8190211653709412,0.8460769653320312,0.8607035279273987,0.838728666305542,0.8214406371116638,0.8405923247337341,0.8613842129707336,0.8799408674240112,0.8746994733810425,0.8333045840263367,0.8519054055213928,0.8421975374221802,0.877783477306366,0.8723483085632324,0.9094519019126892,0.9257979393005371,0.9232627749443054,0.9327120780944824,0.9643744826316833,0.9531750679016113,0.9664872884750366,0.9678375124931335,0.9681560397148132,0.9600503444671631,0.9638901948928833
25,0.9542971849441528,0.9479008913040161,0.9656271934509277,0.9755988717079163,0.9864455461502075,0.9999998807907104,0.988471269607544,0.9812428951263428,0.963838517665863,0.9617404341697693,0.9305846095085144,0.9136455059051514,0.8872897028923035,0.8964979648590088,0.9044368863105774,0.8856162428855896,0.8990963697433472,0.9104819297790527,0.9068417549133301,0.8994632363319397,0.8809319138526917,0.8744173645973206,0.8533622622489929,0.8656840324401855,0.8424193263053894,0.8276106119155884,0.8428019881248474,0.8171844482421875,0.826412558555603,0.8333364725112915,0.8224917650222778,0.8169565200805664,0.8355273604393005,0.8182446360588074,0.8101574778556824,0.806228756904602,0.8163920640945435,0.7956060767173767,0.7914478182792664,0.801780104637146,0.793517529964447,0.7824341654777527,0.7892719507217407,0.8045306205749512,0.8054594397544861,0.8389420509338379,0.8174435496330261,0.8204444646835327,0.8488180637359619,0.8620223999023438,0.8340487480163574,0.82569420337677,0.8420709371566772,0.8565809726715088,0.8797403573989868,0.8779174089431763,0.8378674387931824,0.8565306067466736,0.8382785320281982,0.8832681775093079,0.881763219833374,0.9071668386459351,0.9291436076164246,0.9249484539031982,0.9348936676979065,0.960180401802063,0.9492208957672119,0.9584239721298218,0.9617425203323364,0.9632745981216431,0.9585866928100586,0.9572556614875793
30,0.9458418488502502,0.9359806180000305,0.9582066535949707,0.9641966223716736,0.9800369739532471,0.988471269607544,1.0000001192092896,0.9829707145690918,0.9629294276237488,0.9566689729690552,0.9230527281761169,0.9043053388595581,0.8862731456756592,0.8942145109176636,0.9021725654602051,0.8873485922813416,0.8984907865524292,0.9090379476547241,0.8970496654510498,0.8937656283378601,0.8706409931182861,0.8688525557518005,0.850300669670105,0.8638790249824524,0.8445892333984375,0.8291531205177307,0.8400388956069946,0.8096240162849426,0.8179975152015686,0.8234821557998657,0.8167107701301575,0.8138822317123413,0.8305153846740723,0.8116805553436279,0.8064838647842407,0.8013487458229065,0.8097910284996033,0.7875561714172363,0.7801320552825928,0.7946941256523132,0.7847872972488403,0.7782092094421387,0.7893002033233643,0.8004238605499268,0.8059549927711487,0.8412384986877441,0.8196516036987305,0.8229717016220093,0.8485058546066284,0.8661792874336243,0.835507869720459,0.8278604745864868,0.8454046845436096,0.8536315560340881,0.8793491125106812,0.8762282133102417,0.8360756635665894,0.8591418266296387,0.8362022042274475,0.8801261186599731,0.8830263614654541,0.9048430919647217,0.9206042885780334,0.9167261123657227,0.935226321220398,0.957770824432373,0.9488967657089233,0.95694899559021,0.963315486907959,0.9583251476287842,0.9473506808280945,0.9511073231697083
35,0.9398961067199707,0.9374027252197266,0.9550418853759766,0.9627022743225098,0.9771108031272888,0.9812428951263428,0.9829707145690918,0.9999998807907104,0.9766282439231873,0.9732508063316345,0.9482852220535278,0.9300587773323059,0.908349335193634,0.9209185242652893,0.9255208373069763,0.9099512696266174,0.9198136925697327,0.9266698360443115,0.9197081923484802,0.9131077527999878,0.8979398608207703,0.8921943306922913,0.8776068687438965,0.8882408142089844,0.8708643913269043,0.8608200550079346,0.8701844215393066,0.8426716327667236,0.8528563976287842,0.8603395819664001,0.8529887199401855,0.8492555618286133,0.8610247373580933,0.8457942008972168,0.8406510353088379,0.8383513689041138,0.8448383212089539,0.8249973058700562,0.8196014165878296,0.8301923871040344,0.8226381540298462,0.8153232336044312,0.8247268199920654,0.8419328331947327,0.840928316116333,0.8715552091598511,0.8490396738052368,0.8488839864730835,0.8756399750709534,0.8892268538475037,0.862490713596344,0.8479397892951965,0.8634806871414185,0.8787692189216614,0.8974243402481079,0.89496910572052,0.8546364307403564,0.875227689743042,0.8648535013198853,0.900303840637207,0.8936160802841187,0.9250817894935608,0.9392848610877991,0.9352187514305115,0.9388154745101929,0.9601176977157593,0.955301821231842,0.9562001824378967,0.9592978954315186,0.9521853923797607,0.9422582387924194,0.9427956938743591
40,0.9203619360923767,0.9082297086715698,0.9282690286636353,0.9423995018005371,0.9593809247016907,0.963838517665863,0.9629294276237488,0.9766282439231873,0.9999999403953552,0.9752895832061768,0.9591895937919617,0.9357514381408691,0.9172709584236145,0.926587700843811,0.9304512143135071,0.9237730503082275,0.9307555556297302,0.9254822134971619,0.9192763566970825,0.9143431782722473,0.9087525606155396,0.9109476208686829,0.900412380695343,0.9069328308105469,0.8877122402191162,0.8768530488014221,0.8885442018508911,0.8564116358757019,0.8633483648300171,0.8733569979667664,0.8570578098297119,0.8468748331069946,0.860964298248291,0.8532478213310242,0.8476946949958801,0.8401508927345276,0.8534703254699707,0.8341414332389832,0.8351293206214905,0.846123456954956,0.8420963883399963,0.8292925357818604,0.8382900357246399,0.8579375147819519,0.8664506673812866,0.8889626264572144,0.8746025562286377,0.869093120098114,0.9002426862716675,0.9065426588058472,0.872474193572998,0.8685111403465271,0.8899355530738831,0.8959394097328186,0.9066112637519836,0.911435604095459,0.8737115859985352,0.8885833024978638,0.8762872219085693,0.9115139842033386,0.9037219285964966,0.9264309406280518,0.9466009736061096,0.9372889995574951,0.936284601688385,0.9442779421806335,0.9391151666641235,0.932968020439148,0.9368189573287964,0.9338630437850952,0.9271824359893799,0.9267746210098267
45,0.9126995801925659,0.9077662825584412,0.9225744009017944,0.9332621097564697,0.9547919034957886,0.9617404341697693,0.9566689729690552,0.9732508063316345,0.9752895832061768,1.000000238418579,0.9749398231506348,0.9561514258384705,0.9408061504364014,0.9411299228668213,0.9443899989128113,0.9314166307449341,0.9358581900596619,0.9274357557296753,0.9361944794654846,0.9288177490234375,0.9219580888748169,0.9242302179336548,0.9112218022346497,0.9147696495056152,0.8996163606643677,0.8889406323432922,0.9021486639976501,0.8684173226356506,0.882068395614624,0.8936981558799744,0.879987359046936,0.8713526129722595,0.8850632905960083,0.877508282661438,0.8738042116165161,0.8612104058265686,0.8707506060600281,0.8597548604011536,0.8602163195610046,0.8698509335517883,0.8625429272651672,0.8521789908409119,0.856309175491333,0.8714027404785156,0.8711817264556885,0.8991492986679077,0.877592146396637,0.8678503036499023,0.8974739909172058,0.9020950794219971,0.8832508325576782,0.8772623538970947,0.8846599459648132,0.897788405418396,0.9092204570770264,0.9177911281585693,0.8915822505950928,0.9023984670639038,0.8889045119285583,0.9174070954322815,0.9105590581893921,0.9348793625831604,0.944313108921051,0.9393927454948425,0.934224009513855,0.9355769753456116,0.9282702803611755,0.9311380386352539,0.9290744066238403,0.9192216396331787,0.9086703658103943,0.9146744012832642
50,0.8771183490753174,0.8612068891525269,0.8797386884689331,0.8917458057403564,0.917517900466919,0.9305846095085144,0.9230527281761169,0.9482852220535278,0.9591895937919617,0.9749398231506348,1.0,0.9853841066360474,0.9676775932312012,0.9717786312103271,0.9650688767433167,0.9585138559341431,0.9499053955078125,0.9291695356369019,0.9410316944122314,0.9250039458274841,0.9396887421607971,0.9412035346031189,0.9317736625671387,0.9351687431335449,0.9350321888923645,0.9239504933357239,0.9297287464141846,0.8866784572601318,0.90799480676651,0.9281181693077087,0.9126754403114319,0.9005652070045471,0.9164188504219055,0.9133442044258118,0.9045082330703735,0.8913039565086365,0.905626654624939,0.8967681527137756,0.8952142596244812,0.9128186702728271,0.9017115831375122,0.8889274597167969,0.8935266733169556,0.9050838351249695,0.8953106999397278,0.9213623404502869,0.9112351536750793,0.9064222574234009,0.931261420249939,0.9291362762451172,0.9188523888587952,0.9157218933105469,0.9146784543991089,0.9209558963775635,0.9227969646453857,0.9420008659362793,0.9244902729988098,0.9288294315338135,0.9208621978759766,0.9379429817199707,0.9308367371559143,0.936850368976593,0.9407501220703125,0.9308114051818848,0.9243555068969727,0.909578800201416,0.9010175466537476,0.8922606706619263,0.8953602313995361,0.8790707588195801,0.8749176263809204,0.8795466423034668
55,0.8547106385231018,0.8354455232620239,0.8615919947624207,0.875113844871521,0.8993500471115112,0.9136455059051514,0.9043053388595581,0.9300587773323059,0.9357514381408691,0.9561514258384705,0.9853841066360474,1.000000238418579,0.9788763523101807,0.9788963794708252,0.972549557685852,0.9583044648170471,0.9443116188049316,0.9231869578361511,0.940133273601532,0.9168127179145813,0.9346853494644165,0.9350163340568542,0.929248571395874,0.9261201620101929,0.9347337484359741,0.9271811246871948,0.9290757179260254,0.8827292323112488,0.9097776412963867,0.9336309432983398,0.9230141043663025,0.9087088704109192,0.9237289428710938,0.9212049245834351,0.9084903001785278,0.8948890566825867,0.911633312702179,0.9055883288383484,0.9017320275306702,0.9182424545288086,0.9048728346824646,0.8899534940719604,0.8965125679969788,0.905329704284668,0.8911634087562561,0.9194893836975098,0.9090730547904968,0.917050302028656,0.930250346660614,0.9226421117782593,0.9207324981689453,0.9244987368583679,0.9099037647247314,0.9192509055137634,0.9200464487075806,0.9392505884170532,0.9276873469352722,0.9361586570739746,0.9276711940765381,0.9370344281196594,0.9342221021652222,0.9428494572639465,0.9430399537086487,0.9247385859489441,0.9167152643203735,0.8958298563957214,0.8942031860351562,0.8722094893455505,0.8766196370124817,0.8572808504104614,0.8508810997009277,0.8561924695968628
60,0.8355045914649963,0.8180065155029297,0.8423709273338318,0.8470754623413086,0.8773309588432312,0.8872897028923035,0.8862731456756592,0.908349335193634,0.9172709584236145,0.9408061504364014,0.9676775932312012,0.9788763523101807,1.0000001192092896,0.9881162643432617,0.983256459236145,0.9784740209579468,0.9566254615783691,0.9345839023590088,0.9468971490859985,0.9271332025527954,0.9411628246307373,0.9487733840942383,0.9410544037818909,0.9424676895141602,0.9433272480964661,0.9429144859313965,0.9502379894256592,0.9047552943229675,0.9252351522445679,0.9425954818725586,0.9436535239219666,0.9313896894454956,0.9405685067176819,0.9354468584060669,0.9236930012702942,0.8939489722251892,0.9143333435058594,0.9134858250617981,0.9048746228218079,0.9143097400665283,0.9035808444023132,0.8980022072792053,0.9077848196029663,0.9166505932807922,0.907560408115387,0.9323922395706177,0.9184231758117676,0.9256026744842529,0.9381561875343323,0.9238780736923218,0.9290731549263,0.9308117628097534,0.9208967685699463,0.9273542761802673,0.9257994890213013,0.940699577331543,0.9277828931808472,0.9382829666137695,0.9361009001731873,0.930636465549469,0.9248873591423035,0.9315120577812195,0.917239785194397,0.9045030474662781,0.9016737937927246,0.8794867992401123,0.8812426924705505,0.8575599789619446,0.8647668957710266,0.8428460359573364,0.8284234404563904,0.8425360321998596
65,0.8414711356163025,0.8233269453048706,0.8479547500610352,0.854293942451477,0.8853806853294373,0.8964979648590088,0.8942145109176636,0.9209185242652893,0.926587700843811,0.9411299228668213,0.9717786312103271,0.9788963794708252,0.9881162643432617,1.0,0.9826127290725708,0.9776265621185303,0.9535794854164124,0.9314698576927185,0.9453518986701965,0.9213677644729614,0.9442520141601562,0.9436758756637573,0.9365127086639404,0.9428885579109192,0.9478375315666199,0.9439396858215332,0.9470949769020081,0.9021316170692444,0.922431468963623,0.94451904296875,0.9438323378562927,0.932618260383606,0.9393103122711182,0.933342456817627,0.9218977689743042,0.9008921384811401,0.9182657599449158,0.9120028614997864,0.9033133387565613,0.9123767018318176,0.9056695699691772,0.9016346335411072,0.9090132713317871,0.91877681016922,0.9034702777862549,0.9316965341567993,0.9169108271598816,0.9233410954475403,0.9390446543693542,0.9278042912483215,0.9313991665840149,0.9236204624176025,0.9150334596633911,0.9227808713912964,0.9182417392730713,0.9338381886482239,0.9187564253807068,0.9269936680793762,0.9318482279777527,0.9276501536369324,0.9154810905456543,0.9251865148544312,0.9189492464065552,0.9059181213378906,0.8959592580795288,0.8787753582000732,0.8809757232666016,0.8639364242553711,0.8694427013397217,0.8474911451339722,0.8400182723999023,0.8496878743171692
70,0.8590726256370544,0.8435842394828796,0.8676183223724365,0.8722594976425171,0.8939843773841858,0.9044368863105774,0.9021725654602051,0.9255208373069763,0.9304512143135071,0.9443899989128113,0.9650688767433167,0.972549557685852,0.983256459236145,0.9826127290725708,1.000000238418579,0.9838787317276001,0.9745644927024841,0.9535103440284729,0.9592139720916748,0.9412049651145935,0.950426459312439,0.954394519329071,0.9453879594802856,0.9475514888763428,0.9376950263977051,0.9341118335723877,0.942547082901001,0.9034122228622437,0.915995717048645,0.9274336099624634,0.934136152267456,0.9146021604537964,0.925970733165741,0.9244014024734497,0.91502845287323,0.8880334496498108,0.9013302326202393,0.8969308137893677,0.8870508670806885,0.8981460928916931,0.8893062472343445,0.8836915493011475,0.8979940414428711,0.9047739505767822,0.9019567966461182,0.9331825375556946,0.9225442409515381,0.9292260408401489,0.9421698451042175,0.9347283840179443,0.9388474822044373,0.9344006180763245,0.9325326085090637,0.9356021285057068,0.937329888343811,0.9466366171836853,0.9253052473068237,0.9400177001953125,0.9372237920761108,0.931959867477417,0.9283651113510132,0.9390011429786682,0.9326343536376953,0.9171006679534912,0.9178680181503296,0.8994700312614441,0.9061059951782227,0.8783724904060364,0.8883669376373291,0.8699623346328735,0.8618910908699036,0.8670777082443237
75,0.8455415964126587,0.8311986923217773,0.8501359224319458,0.8521809577941895,0.8798888921737671,0.8856162428855896,0.8873485922813416,0.9099512696266174,0.9237730503082275,0.9314166307449341,0.9585138559341431,0.9583044648170471,0.9784740209579468,0.9776265621185303,0.9838787317276001,1.0,0.9787032008171082,0.9551438093185425,0.956872820854187,0.9361677765846252,0.9492326974868774,0.9563584327697754,0.9463592767715454,0.9546953439712524,0.9455020427703857,0.9463706016540527,0.9454386830329895,0.9074018597602844,0.9204779267311096,0.9358162879943848,0.9421886801719666,0.9266679883003235,0.9378222823143005,0.9394543170928955,0.9318497180938721,0.9044994115829468,0.9167372584342957,0.9133414626121521,0.8999708890914917,0.9102582931518555,0.9023966789245605,0.900524914264679,0.9116429686546326,0.9165360927581787,0.9178670644760132,0.939506471157074,0.930539071559906,0.9360566139221191,0.948081374168396,0.942864179611206,0.9460099935531616,0.9426277279853821,0.9453063011169434,0.9405018091201782,0.9420846104621887,0.9506564736366272,0.9288447499275208,0.9398000240325928,0.9402121901512146,0.9301862716674805,0.9197720885276794,0.9252372980117798,0.9162949323654175,0.9039179682731628,0.9055532217025757,0.8874394297599792,0.8869146108627319,0.860072910785675,0.8742889165878296,0.8570243716239929,0.8458428382873535,0.8566398024559021
80,0.8715088963508606,0.861748456954956,0.8806900382041931,0.8784774541854858,0.8953078985214233,0.8990963697433472,0.8984907865524292,0.9198136925697327,0.9307555556297302,0.9358581900596619,0.9499053955078125,0.9443116188049316,0.9566254615783691,0.9535794854164124,0.9745644927024841,0.9787032008171082,1.0,0.9801849126815796,0.9767796993255615,0.9688524007797241,0.9648230075836182,0.9686294794082642,0.9503536224365234,0.9614755511283875,0.9389403462409973,0.9379115700721741,0.9439839720726013,0.9169228076934814,0.9202719330787659,0.921356201171875,0.9296599626541138,0.9070810079574585,0.919182300567627,0.9243279099464417,0.9231012463569641,0.9015470743179321,0.9090977907180786,0.8994588851928711,0.8876535892486572,0.8974002003669739,0.8891451954841614,0.8814532160758972,0.8913204669952393,0.9005325436592102,0.9127200245857239,0.9360607862472534,0.9247778058052063,0.9231988191604614,0.936750054359436,0.9393753409385681,0.9297945499420166,0.9287722706794739,0.9451013803482056,0.9448785185813904,0.959051251411438,0.9531768560409546,0.9160134196281433,0.9287009835243225,0.9238153696060181,0.9239729642868042,0.9183867573738098,0.9295181035995483,0.9264451265335083,0.9200871586799622,0.920004665851593,0.9099634289741516,0.9102382063865662,0.8882573843002319,0.8999218940734863,0.8846344947814941,0.880885660648346,0.8845832347869873
85,0.891796350479126,0.8842734098434448,0.9024309515953064,0.8993083238601685,0.910424530506134,0.9104819297790527,0.9090379476547241,0.9266698360443115,0.9254822134971619,0.9274357557296753,0.9291695356369019,0.9231869578361511,0.9345839023590088,0.9314698576927185,0.9535103440284729,0.9551438093185425,0.9801849126815796,1.0000001192092896,0.9779857397079468,0.9725672006607056,0.9530380964279175,0.9528602361679077,0.9354858994483948,0.9499582052230835,0.916895866394043,0.9133174419403076,0.9288992285728455,0.9159092307090759,0.9152632355690002,0.9046990871429443,0.9094374775886536,0.896030068397522,0.9088411331176758,0.9068314433097839,0.9059039354324341,0.8849238753318787,0.8915144205093384,0.8783186078071594,0.869935929775238,0.8720431327819824,0.8690429329872131,0.8614512085914612,0.8644711971282959,0.8810504674911499,0.8923820853233337,0.9139096140861511,0.8996069431304932,0.9005471467971802,0.9147501587867737,0.921846330165863,0.908675491809845,0.9044429063796997,0.9277951121330261,0.9408240914344788,0.9573884606361389,0.9406176209449768,0.8903092741966248,0.9097091555595398,0.9067875742912292,0.9133561849594116,0.9088099598884583,0.9225097894668579,0.923810601234436,0.9159176349639893,0.9175270199775696,0.9247215986251831,0.9184095859527588,0.9050833582878113,0.9109175801277161,0.9071722030639648,0.8997511267662048,0.906450629234314
90,0.8889206647872925,0.8792756795883179,0.8944714069366455,0.8932775855064392,0.9050732851028442,0.9068417549133301,0.8970496654510498,0.9197081923484802,0.9192763566970825,0.9361944794654846,0.9410316944122314,0.940133273601532,0.9468971490859985,0.9453518986701965,0.9592139720916748,0.956872820854187,0.9767796993255615,0.9779857397079468,0.9999999403953552,0.9847424626350403,0.978915274143219,0.970260739326477,0.9486356973648071,0.9528865814208984,0.9320616126060486,0.9269454479217529,0.9420565366744995,0.9290896654129028,0.9322917461395264,0.9326154589653015,0.9346922636032104,0.9202303290367126,0.9316962361335754,0.9295278787612915,0.9261937141418457,0.9071182608604431,0.9162960648536682,0.9025213718414307,0.8957010507583618,0.8970516920089722,0.8922949433326721,0.8830478191375732,0.8824246525764465,0.8937592506408691,0.9036350250244141,0.924658477306366,0.8992314338684082,0.9041979312896729,0.9202256202697754,0.9269391298294067,0.9241580367088318,0.9175292253494263,0.925750732421875,0.9459509253501892,0.9592737555503845,0.9496157765388489,0.9114823937416077,0.9200292825698853,0.915418267250061,0.9261201620101929,0.917227029800415,0.933355987071991,0.9333760738372803,0.9280754923820496,0.9188113808631897,0.915906548500061,0.9080150127410889,0.8974476456642151,0.9000304937362671,0.8909528851509094,0.8867239952087402,0.8966851234436035
95,0.8973991870880127,0.889176607131958,0.9039530754089355,0.894944429397583,0.9013906717300415,0.8994632363319397,0.8937656283378601,0.9131077527999878,0.9143431782722473,0.9288177490234375,0.9250039458274841,0.9168127179145813,0.9271332025527954,0.9213677644729614,0.9412049651145935,0.9361677765846252,0.9688524007797241,0.9725672006607056,0.9847424626350403,0.9999999403953552,0.9763944149017334,0.9694546461105347,0.9451512098312378,0.9456439018249512,0.9174536466598511,0.9102325439453125,0.9315353631973267,0.9242663383483887,0.9197098016738892,0.9106749296188354,0.9128995537757874,0.8974804878234863,0.9062816500663757,0.9022238850593567,0.9028555154800415,0.8861072063446045,0.8953430652618408,0.8758114576339722,0.8722325563430786,0.8761125206947327,0.8710215091705322,0.8558201789855957,0.856098473072052,0.8722872138023376,0.8924860954284668,0.9126994609832764,0.88907390832901,0.8886403441429138,0.9042994976043701,0.9168891310691833,0.9061322212219238,0.8984531760215759,0.9145212173461914,0.9398316144943237,0.9512794017791748,0.9405404329299927,0.8965717554092407,0.9039880037307739,0.8958286046981812,0.9089207649230957,0.9021269083023071,0.9212297797203064,0.9231963157653809,0.9253617525100708,0.9180625677108765,0.9207408428192139,0.9115339517593384,0.9082072377204895,0.9083305597305298,0.8981989026069641,0.8947158455848694,0.9061933159828186
100,0.8575452566146851,0.849310040473938,0.8679783344268799,0.864490807056427,0.8791091442108154,0.8809319138526917,0.8706409931182861,0.8979398608207703,0.9087525606155396,0.9219580888748169,0.9396887421607971,0.9346853494644165,0.9411628246307373,0.9442520141601562,0.950426459312439,0.9492326974868774,0.9648230075836182,0.9530380964279175,0.978915274143219,0.9763944149017334,0.9999996423721313,0.9865608215332031,0.9678722620010376,0.9675325155258179,0.9526155591011047,0.9394752979278564,0.9603487849235535,0.9519538283348083,0.951716423034668,0.9498623609542847,0.9432098865509033,0.923489511013031,0.9322378635406494,0.9349043965339661,0.9305547475814819,0.9138365983963013,0.9201568961143494,0.901947557926178,0.9000192880630493,0.9063153862953186,0.9094362854957581,0.8959442973136902,0.8940064311027527,0.9050831198692322,0.9164109230041504,0.935395359992981,0.9138480424880981,0.9129433631896973,0.9299573302268982,0.9334395527839661,0.9345453381538391,0.9197894334793091,0.9221333861351013,0.9459890127182007,0.9415227770805359,0.9442535638809204,0.9190084934234619,0.9200406670570374,0.9214489459991455,0.9264501333236694,0.9131108522415161,0.9264752268791199,0.9268391132354736,0.9261924028396606,0.9026647806167603,0.8926472067832947,0.8829850554466248,0.8757333159446716,0.8772238492965698,0.8597694635391235,0.8573974370956421,0.8681572079658508
105,0.8492265939712524,0.8407818675041199,0.8576369285583496,0.8532493710517883,0.8730029463768005,0.8744173645973206,0.8688525557518005,0.8921943306922913,0.9109476208686829,0.9242302179336548,0.9412035346031189,0.9350163340568542,0.9487733840942383,0.9436758756637573,0.954394519329071,0.9563584327697754,0.9686294794082642,0.9528602361679077,0.970260739326477,0.9694546461105347,0.9865608215332031,1.0,0.9850230813026428,0.9820780754089355,0.966891884803772,0.9568355679512024,0.9719209671020508,0.9518093466758728,0.9509288668632507,0.9468579292297363,0.9425227046012878,0.9205112457275391,0.9306187033653259,0.9336941242218018,0.9352949857711792,0.9121925234794617,0.9247913360595703,0.9079867005348206,0.9086650609970093,0.9191810488700867,0.9212405681610107,0.9123420715332031,0.9138902425765991,0.9218428730964661,0.9385783076286316,0.9498754739761353,0.9379050731658936,0.9259485006332397,0.9406874179840088,0.9402496218681335,0.9412261247634888,0.9342307448387146,0.938286542892456,0.9541324377059937,0.9512972235679626,0.9520860314369202,0.9388234615325928,0.9420397281646729,0.9314014315605164,0.9382669925689697,0.930279552936554,0.9354162216186523,0.9244518280029297,0.924719512462616,0.9101446866989136,0.8896708488464355,0.8824636340141296,0.8706587553024292,0.8711870908737183,0.8526649475097656,0.8467392921447754,0.8587068319320679
110,0.8260565400123596,0.8142198324203491,0.8346749544143677,0.8324872255325317,0.855843186378479,0.8533622622489929,0.850300669670105,0.8776068687438965,0.900412380695343,0.9112218022346497,0.9317736625671387,0.929248571395874,0.9410544037818909,0.9365127086639404,0.9453879594802856,0.9463592767715454,0.9503536224365234,0.9354858994483948,0.9486356973648071,0.9451512098312378,0.9678722620010376,0.9850230813026428,1.0000001192092896,0.980439305305481,0.9737432599067688,0.964415967464447,0.9665097594261169,0.9467450380325317,0.9500601291656494,0.9441583156585693,0.9367218613624573,0.9137325882911682,0.9241559505462646,0.930992066860199,0.9312775135040283,0.9136900305747986,0.9263071417808533,0.9057811498641968,0.9152770638465881,0.9272056221961975,0.9383178353309631,0.9283736944198608,0.9305232763290405,0.9390590190887451,0.9562368988990784,0.9613136053085327,0.9559178948402405,0.9382070302963257,0.9511270523071289,0.9428167939186096,0.9478088617324829,0.9403082728385925,0.9422385096549988,0.9599751830101013,0.9462873339653015,0.9505941271781921,0.9434109926223755,0.9469406604766846,0.9407821893692017,0.9420541524887085,0.9318426847457886,0.9383162260055542,0.9188855886459351,0.9146778583526611,0.9016600251197815,0.8763467073440552,0.8760163187980652,0.8540180921554565,0.8533011674880981,0.833648681640625,0.823182225227356,0.8358199596405029
115,0.827049970626831,0.8188468217849731,0.8363949060440063,0.8330841064453125,0.8630527853965759,0.8656840324401855,0.8638790249824524,0.8882408142089844,0.9069328308105469,0.9147696495056152,0.9351687431335449,0.9261201620101929,0.9424676895141602,0.9428885579109192,0.9475514888763428,0.9546953439712524,0.9614755511283875,0.9499582052230835,0.9528865814208984,0.9456439018249512,0.9675325155258179,0.9820780754089355,0.980439305305481,0.9999997615814209,0.9739868640899658,0.9617490172386169,0.9701471924781799,0.9466067552566528,0.9474638104438782,0.9392451047897339,0.9333388209342957,0.9126027822494507,0.9218282699584961,0.9283749461174011,0.9278225898742676,0.9073493480682373,0.9206756353378296,0.9038371443748474,0.9038238525390625,0.9100052118301392,0.924338161945343,0.9225448966026306,0.9181351661682129,0.931879997253418,0.945492684841156,0.9530602693557739,0.9452546834945679,0.9292787909507751,0.9471502304077148,0.9401613473892212,0.9367804527282715,0.9306150674819946,0.9362090229988098,0.9481081962585449,0.9432237148284912,0.9410206079483032,0.9247554540634155,0.9319579005241394,0.9344249367713928,0.9364081025123596,0.9210701584815979,0.9245555400848389,0.9079030156135559,0.9042064547538757,0.8917253613471985,0.8743504285812378,0.8679746389389038,0.8527371287345886,0.8558337092399597,0.8372049927711487,0.828919529914856,0.8404659628868103
120,0.7953654527664185,0.7815442085266113,0.802617073059082,0.8006561994552612,0.8427721261978149,0.8424193263053894,0.8445892333984375,0.8708643913269043,0.8877122402191162,0.8996163606643677,0.9350321888923645,0.9347337484359741,0.9433272480964661,0.9478375315666199,0.9376950263977051,0.9455020427703857,0.9389403462409973,0.916895866394043,0.9320616126060486,0.9174536466598511,0.9526155591011047,0.966891884803772,0.9737432599067688,0.9739868640899658,1.0000001192092896,0.9754003286361694,0.9650951027870178,0.9280352592468262,0.9402101039886475,0.947063684463501,0.9409522414207458,0.9220063090324402,0.9317086338996887,0.9353679418563843,0.9341708421707153,0.9275637865066528,0.934435248374939,0.91158127784729,0.918304979801178,0.9367539286613464,0.9489800333976746,0.9476811289787292,0.9480481743812561,0.9483861923217773,0.9475936889648438,0.959279477596283,0.9501556158065796,0.942237377166748,0.9487078785896301,0.9412748217582703,0.948988676071167,0.9428707361221313,0.9290961027145386,0.9442456960678101,0.9306529760360718,0.9400431513786316,0.9429906010627747,0.9436942338943481,0.938532292842865,0.9402967691421509,0.9306128621101379,0.9298091530799866,0.902296781539917,0.8973082304000854,0.8831968307495117,0.8486913442611694,0.8462070226669312,0.8266633152961731,0.8285238742828369,0.7996540069580078,0.7927326560020447,0.8109633922576904
125,0.7768905162811279,0.7641274333000183,0.7878842949867249,0.7884869575500488,0.8268758654594421,0.8276106119155884,0.8291531205177307,0.8608200550079346,0.8768530488014221,0.8889406323432922,0.9239504933357239,0.9271811246871948,0.9429144859313965,0.9439396858215332,0.9341118335723877,0.9463706016540527,0.9379115700721741,0.9133174419403076,0.9269454479217529,0.9102325439453125,0.9394752979278564,0.9568355679512024,0.964415967464447,0.9617490172386169,0.9754003286361694,1.000000238418579,0.975682258605957,0.9460709691047668,0.9562931060791016,0.9613479375839233,0.9634228348731995,0.948117733001709,0.9522814750671387,0.9559957981109619,0.9535611867904663,0.9312701225280762,0.9498626589775085,0.9366004467010498,0.9356936812400818,0.9469188451766968,0.9508781433105469,0.9516631364822388,0.9549821615219116,0.9621237516403198,0.9538503289222717,0.9601469039916992,0.9478796720504761,0.9341625571250916,0.940006673336029,0.9291926622390747,0.9380214214324951,0.9247720241546631,0.9167107343673706,0.9330654144287109,0.9196678996086121,0.922795295715332,0.927623987197876,0.9320734739303589,0.9288859367370605,0.9226883053779602,0.9107590317726135,0.9212641716003418,0.8900159001350403,0.8847131133079529,0.8676512241363525,0.8341772556304932,0.8404228687286377,0.8136752843856812,0.8190721869468689,0.7901021838188171,0.776847779750824,0.7885762453079224
130,0.7989426255226135,0.7891725301742554,0.8096430897712708,0.8082071542739868,0.8411026000976562,0.8428019881248474,0.8400388956069946,0.8701844215393066,0.8885442018508911,0.9021486639976501,0.9297287464141846,0.9290757179260254,0.9502379894256592,0.9470949769020081,0.942547082901001,0.9454386830329895,0.9439839720726013,0.9288992285728455,0.9420565366744995,0.9315353631973267,0.9603487849235535,0.9719209671020508,0.9665097594261169,0.9701471924781799,0.9650951027870178,0.975682258605957,1.000000238418579,0.9751250743865967,0.9767870903015137,0.9693329334259033,0.9636608362197876,0.9518987536430359,0.9551653861999512,0.9562944173812866,0.949560284614563,0.915642499923706,0.9373189806938171,0.9245845675468445,0.9217553734779358,0.9271815419197083,0.9299003481864929,0.9264759421348572,0.9279484748840332,0.93995201587677,0.9371020793914795,0.9438068270683289,0.9271978735923767,0.9131851196289062,0.9246159195899963,0.9193441271781921,0.9264307618141174,0.9084749221801758,0.9066060781478882,0.9285999536514282,0.9152559041976929,0.9190342426300049,0.9150660634040833,0.9221941232681274,0.916610598564148,0.915755569934845,0.9052757620811462,0.9125670790672302,0.8950309157371521,0.8928182721138,0.8690410256385803,0.8447914123535156,0.843399167060852,0.8290292620658875,0.8315557241439819,0.8088070154190063,0.795478343963623,0.8090381622314453
135,0.7849546670913696,0.781083881855011,0.8017847537994385,0.7996801733970642,0.820379912853241,0.8171844482421875,0.8096240162849426,0.8426716327667236,0.8564116358757019,0.8684173226356506,0.8866784572601318,0.8827292323112488,0.9047552943229675,0.9021316170692444,0.9034122228622437,0.9074018597602844,0.9169228076934814,0.9159092307090759,0.9290896654129028,0.9242663383483887,0.9519538283348083,0.9518093466758728,0.9467450380325317,0.9466067552566528,0.9280352592468262,0.9460709691047668,0.9751250743865967,0.9999998807907104,0.9856866598129272,0.9566284418106079,0.9512436389923096,0.9402188658714294,0.9398530125617981,0.9446220993995667,0.9367624521255493,0.9010415077209473,0.9187485575675964,0.9030108451843262,0.8986384272575378,0.8947460651397705,0.9009129405021667,0.8973560333251953,0.8922891616821289,0.9108527898788452,0.9140046834945679,0.920857846736908,0.8938283920288086,0.8805624842643738,0.8938124775886536,0.8915013670921326,0.8961216807365417,0.8636609315872192,0.8694522380828857,0.905864953994751,0.8880582451820374,0.8828718662261963,0.8687373995780945,0.8776999711990356,0.8834338188171387,0.8801953792572021,0.8652678728103638,0.8846549987792969,0.8717750906944275,0.8740321397781372,0.8419139385223389,0.8326191902160645,0.8280993700027466,0.8172714114189148,0.8176019787788391,0.8008518218994141,0.7844969630241394,0.7936131358146667
140,0.7871323823928833,0.7833766341209412,0.8023338913917542,0.8027220964431763,0.8294454216957092,0.826412558555603,0.8179975152015686,0.8528563976287842,0.8633483648300171,0.882068395614624,0.90799480676651,0.9097776412963867,0.9252351522445679,0.922431468963623,0.915995717048645,0.9204779267311096,0.9202719330787659,0.9152632355690002,0.9322917461395264,0.9197098016738892,0.951716423034668,0.9509288668632507,0.9500601291656494,0.9474638104438782,0.9402101039886475,0.9562931060791016,0.9767870903015137,0.9856866598129272,1.000000238418579,0.9763914346694946,0.9663693308830261,0.9565388560295105,0.9580464959144592,0.9591497778892517,0.9525256156921387,0.9247166514396667,0.938137948513031,0.9236136078834534,0.9197602868080139,0.9197802543640137,0.9273834228515625,0.9155899882316589,0.9077108502388,0.9298089146614075,0.9223908185958862,0.9280811548233032,0.901498556137085,0.8900315761566162,0.9025272727012634,0.8951991200447083,0.9039395451545715,0.8741324543952942,0.8720541596412659,0.9095035791397095,0.8916485905647278,0.8916223645210266,0.8819494843482971,0.8892427682876587,0.8935391306877136,0.8879308104515076,0.8728383183479309,0.8905738592147827,0.8746254444122314,0.872157096862793,0.8458192944526672,0.8356437683105469,0.8310273885726929,0.8168751001358032,0.8199524879455566,0.8003538846969604,0.7817697525024414,0.7924474477767944
