,0,5,10,15,20,25,30,35,40,45,50,55,60,65,70,75,80,85,90,95,100,105,110,115,120,125,130,135,140,145,150,155,160,165,170,175,180,185,190,195,200,205,210,215,220,225,230,235,240,245,250,255,260,265,270,275,280,285,290,295,300,305,310,315,320,325,330,335,340,345,350,355
0,1.0,0.9667308926582336,0.9529247879981995,0.9192009568214417,0.9122305512428284,0.9056957364082336,0.8749198913574219,0.8687925338745117,0.8205605745315552,0.798783004283905,0.7625479698181152,0.7206512689590454,0.6853660941123962,0.6443052291870117,0.6184173226356506,0.5855877995491028,0.5731428861618042,0.5410035252571106,0.5187149047851562,0.5343141555786133,0.5394120812416077,0.5380818247795105,0.5461020469665527,0.544312059879303,0.5253113508224487,0.5575774908065796,0.538468599319458,0.5340771079063416,0.5239794850349426,0.5382559299468994,0.501578152179718,0.5054299831390381,0.4914131760597229,0.5021007061004639,0.5029653310775757,0.48902982473373413,0.5165488719940186,0.4748927354812622,0.4744386076927185,0.43699491024017334,0.46749329566955566,0.4635569751262665,0.4929165244102478,0.48057472705841064,0.4776366949081421,0.4994262456893921,0.5100806951522827,0.5355473756790161,0.5741366147994995,0.5307431221008301,0.5345447063446045,0.5075900554656982,0.531067967414856,0.5135082602500916,0.48053985834121704,0.5115817785263062,0.5403805375099182,0.5612062215805054,0.5924469232559204,0.6386010646820068,0.6351513862609863,0.7143222093582153,0.7647017240524292,0.801040768623352,0.841960072517395,0.8592108488082886,0.8985257148742676,0.9089195728302002,0.9108902812004089,0.9288203716278076,0.9621599912643433,0.967258870601654
5,0.9667308926582336,0.9999999403953552,0.9642820358276367,0.9497880935668945,0.935086727142334,0.9295270442962646,0.9087139964103699,0.8871108293533325,0.8505619764328003,0.8213978409767151,0.7757967710494995,0.7255328893661499,0.6894887685775757,0.6487160921096802,0.6146069765090942,0.577994704246521,0.5699187517166138,0.5372281670570374,0.5179516673088074,0.5284161567687988,0.5302183628082275,0.5315611362457275,0.5447483658790588,0.5405837297439575,0.528113603591919,0.5558015704154968,0.5464271306991577,0.5348801612854004,0.532174289226532,0.5452383756637573,0.5088995099067688,0.5141355991363525,0.5068814754486084,0.5055806040763855,0.5115721821784973,0.4935869872570038,0.519250750541687,0.4798011779785156,0.483045369386673,0.4512515366077423,0.4780430793762207,0.4707382023334503,0.5004432201385498,0.4886291027069092,0.4793705642223358,0.4956470727920532,0.5092623233795166,0.5321269631385803,0.5685153007507324,0.5253968238830566,0.5357030034065247,0.5089932084083557,0.5406718850135803,0.5207765102386475,0.4847315549850464,0.5154159069061279,0.5401217937469482,0.5642823576927185,0.6033405065536499,0.6411954164505005,0.6400834321975708,0.7146462202072144,0.768258810043335,0.7968871593475342,0.8293561339378357,0.8583476543426514,0.8874678611755371,0.895789623260498,0.8995080590248108,0.9096132516860962,0.9476350545883179,0.9638673067092896
10,0.9529247879981995,0.9642820358276367,1.000000238418579,0.9547970294952393,0.9574856758117676,0.9524857401847839,0.9234868288040161,0.9112058877944946,0.8844069242477417,0.8468942642211914,0.8065347671508789,0.7530932426452637,0.7193459272384644,0.6801416277885437,0.6456285715103149,0.6075398921966553,0.5982075929641724,0.5578041076660156,0.5447444915771484,0.5451377630233765,0.5511842370033264,0.5480667948722839,0.5623289346694946,0.55683434009552,0.5285785794258118,0.5637712478637695,0.5470349788665771,0.5440205931663513,0.5423314571380615,0.5553141832351685,0.512673020362854,0.5170140862464905,0.5131691694259644,0.515291690826416,0.5169469714164734,0.5030078887939453,0.5292298793792725,0.47965776920318604,0.4956067204475403,0.44905799627304077,0.48636263608932495,0.47784724831581116,0.5032305121421814,0.49849969148635864,0.4828268885612488,0.507048487663269,0.5144694447517395,0.5423359870910645,0.5801354646682739,0.5398486256599426,0.5474168062210083,0.5229259133338928,0.5513116121292114,0.5368868708610535,0.504529595375061,0.531513512134552,0.5575240850448608,0.5766769051551819,0.6150004863739014,0.6553428769111633,0.6420674920082092,0.7324128150939941,0.7764996886253357,0.8031984567642212,0.8442380428314209,0.8616011142730713,0.8896876573562622,0.9059596061706543,0.902058482170105,0.9066937565803528,0.9439932703971863,0.9515180587768555
15,0.9192009568214417,0.9497880935668945,0.9547970294952393,1.0,0.9666247367858887,0.9639073610305786,0.9484491348266602,0.9162789583206177,0.8948600888252258,0.8672581911087036,0.8260899782180786,0.759678840637207,0.7348394393920898,0.6953742504119873,0.662020206451416,0.616905689239502,0.6086018681526184,0.57318115234375,0.5606936812400818,0.5572658777236938,0.5585319995880127,0.5693825483322144,0.5795495510101318,0.5652114152908325,0.5555596351623535,0.5800246000289917,0.5651901960372925,0.559131920337677,0.5539743304252625,0.5695659518241882,0.5401462912559509,0.5369008779525757,0.5351288318634033,0.5363343954086304,0.540398120880127,0.5228937864303589,0.546535074710846,0.4926530718803406,0.5028412342071533,0.47170490026474,0.49662113189697266,0.48789459466934204,0.5177499055862427,0.49817657470703125,0.4835611581802368,0.5042209625244141,0.5156176090240479,0.5413857102394104,0.5868232250213623,0.5367563962936401,0.5541974902153015,0.5314153432846069,0.5614184737205505,0.5437781810760498,0.5243483185768127,0.5431195497512817,0.5717928409576416,0.6049315929412842,0.6393764019012451,0.6789709329605103,0.6817318797111511,0.753614604473114,0.8088265061378479,0.8317244052886963,0.8535566329956055,0.8767688274383545,0.8952434062957764,0.9043074250221252,0.8977372646331787,0.8851361274719238,0.9215986132621765,0.920773983001709
20,0.9122305512428284,0.935086727142334,0.9574856758117676,0.9666247367858887,1.0000001192092896,0.9707919359207153,0.957216203212738,0.9361281394958496,0.9105082750320435,0.8781617283821106,0.8385146856307983,0.7726827263832092,0.7432502508163452,0.7048369646072388,0.6713547706604004,0.6175947189331055,0.6082093715667725,0.5674635171890259,0.5525440573692322,0.5594911575317383,0.555362343788147,0.562757134437561,0.5821054577827454,0.5678027272224426,0.5572675466537476,0.5928480625152588,0.5625137686729431,0.5609272718429565,0.5590627193450928,0.5729130506515503,0.5318225622177124,0.537339985370636,0.5449264049530029,0.5313003659248352,0.5369024276733398,0.5117670297622681,0.5413832068443298,0.4812780022621155,0.49194419384002686,0.45968639850616455,0.4994388222694397,0.49174994230270386,0.5201663970947266,0.5093280673027039,0.49112778902053833,0.5118600130081177,0.5259138345718384,0.5515704154968262,0.590415358543396,0.5449174642562866,0.5662211775779724,0.5348575115203857,0.5634944438934326,0.5488147735595703,0.525665819644928,0.5481292605400085,0.5636577010154724,0.6025153994560242,0.641857385635376,0.6789928674697876,0.6825970411300659,0.7603280544281006,0.8007246255874634,0.8269694447517395,0.8653000593185425,0.8737383484840393,0.8902411460876465,0.9024456143379211,0.899418830871582,0.8844876885414124,0.9198362231254578,0.9134151935577393
25,0.9056957364082336,0.9295270442962646,0.9524857401847839,0.9639073610305786,0.9707919359207153,1.0000001192092896,0.9660987854003906,0.9486408233642578,0.9320169687271118,0.896708607673645,0.8562204837799072,0.7950800061225891,0.7651424407958984,0.7254095077514648,0.6838701963424683,0.6340090036392212,0.6243757605552673,0.581143856048584,0.5712203979492188,0.5675358176231384,0.5704233646392822,0.57793790102005,0.5869825482368469,0.5801109671592712,0.5559534430503845,0.5921801924705505,0.5701274871826172,0.5703079700469971,0.5557146072387695,0.5843454599380493,0.5342109203338623,0.5406924486160278,0.5404810905456543,0.5470637679100037,0.5466660261154175,0.5205981731414795,0.5491883754730225,0.49140575528144836,0.5002444982528687,0.4599291980266571,0.4995523989200592,0.49044257402420044,0.5175169706344604,0.5156658291816711,0.4942609667778015,0.5224612951278687,0.5306187868118286,0.5639943480491638,0.6034564971923828,0.5588989853858948,0.5749318599700928,0.542300283908844,0.5718783140182495,0.557162880897522,0.5337844491004944,0.5522524118423462,0.5831961035728455,0.6119899153709412,0.6477343440055847,0.6953734159469604,0.686907172203064,0.7636987566947937,0.8107608556747437,0.8321702480316162,0.8629764914512634,0.881352424621582,0.886570155620575,0.9055231213569641,0.897814154624939,0.8817969560623169,0.9172449111938477,0.9087684154510498
30,0.8749198913574219,0.9087139964103699,0.9234868288040161,0.9484491348266602,0.957216203212738,0.9660987854003906,1.000000238418579,0.9579216837882996,0.9508072137832642,0.9235130548477173,0.8903242349624634,0.8169127702713013,0.788923978805542,0.7441167235374451,0.7098739147186279,0.6498645544052124,0.6367558836936951,0.5953249931335449,0.5809884667396545,0.5789344906806946,0.5787115097045898,0.5890073776245117,0.5991833806037903,0.5891671776771545,0.5885095596313477,0.6110411882400513,0.5932855606079102,0.5814977288246155,0.5778969526290894,0.5936937928199768,0.5524486899375916,0.5618846416473389,0.5683611631393433,0.560257077217102,0.5612517595291138,0.535698413848877,0.5568109750747681,0.502230703830719,0.5074551105499268,0.4880240559577942,0.514085054397583,0.5084549784660339,0.5433510541915894,0.5396744608879089,0.5168653726577759,0.5379961729049683,0.5532744526863098,0.5740268230438232,0.6138732433319092,0.5712111592292786,0.5873425006866455,0.5608129501342773,0.5905882716178894,0.5767822265625,0.5601129531860352,0.5725693702697754,0.5946587324142456,0.6326602697372437,0.6659220457077026,0.7093801498413086,0.7211355566978455,0.7929403781890869,0.8429480791091919,0.8500444293022156,0.8655051589012146,0.8819624185562134,0.8776243925094604,0.8913429379463196,0.8796687126159668,0.8512828350067139,0.8820444941520691,0.8753750324249268
35,0.8687925338745117,0.8871108293533325,0.9112058877944946,0.9162789583206177,0.9361281394958496,0.9486408233642578,0.9579216837882996,1.0,0.9614989161491394,0.9498088955879211,0.9133129715919495,0.8601999282836914,0.8373677730560303,0.7844809293746948,0.7414363026618958,0.6911076307296753,0.6762510538101196,0.6304166316986084,0.6113077998161316,0.6114144921302795,0.6076813340187073,0.6202529668807983,0.6296793222427368,0.6231204271316528,0.602259635925293,0.6403815150260925,0.6189484596252441,0.6087918877601624,0.5992298722267151,0.6235851049423218,0.5687407851219177,0.5731753706932068,0.5844383239746094,0.5895864963531494,0.5888311862945557,0.5563980340957642,0.5847128629684448,0.5313149690628052,0.5356868505477905,0.509303867816925,0.5450000762939453,0.5414788722991943,0.5683530569076538,0.5821682810783386,0.5455032587051392,0.5733950734138489,0.5852205753326416,0.6086424589157104,0.6472176313400269,0.6022719740867615,0.6198391914367676,0.5932586193084717,0.6214492321014404,0.6154342889785767,0.5859777927398682,0.6040642261505127,0.6316354274749756,0.6641976833343506,0.6999664306640625,0.7381396293640137,0.7344386577606201,0.8206718564033508,0.8559842109680176,0.862838864326477,0.8725439310073853,0.8874423503875732,0.8698127269744873,0.8825523853302002,0.8588424921035767,0.8371221423149109,0.8649625778198242,0.8579619526863098
40,0.8205605745315552,0.8505619764328003,0.8844069242477417,0.8948600888252258,0.9105082750320435,0.9320169687271118,0.9508072137832642,0.9614989161491394,1.0,0.9609068036079407,0.9309666156768799,0.8732435703277588,0.8502731919288635,0.8000426888465881,0.758025050163269,0.7048599720001221,0.6886873841285706,0.6356470584869385,0.6213731169700623,0.6136219501495361,0.6206584572792053,0.623401939868927,0.6288713812828064,0.6251717805862427,0.6106491088867188,0.6422007083892822,0.627403736114502,0.609395444393158,0.5927848219871521,0.6222079992294312,0.5682245492935181,0.5769205093383789,0.5887827277183533,0.5951928496360779,0.5935193300247192,0.5591186285018921,0.578837513923645,0.529649555683136,0.5363794565200806,0.5100688338279724,0.542393147945404,0.5339242219924927,0.5632550716400146,0.574079155921936,0.5461469888687134,0.5676294565200806,0.580630898475647,0.6000707149505615,0.6438440084457397,0.5998712778091431,0.6176799535751343,0.5977302193641663,0.6229305863380432,0.6135377287864685,0.5861893892288208,0.6000844240188599,0.6340744495391846,0.6623317003250122,0.6955898404121399,0.7298399209976196,0.7254335880279541,0.8042653799057007,0.8485009670257568,0.8456878662109375,0.8462837934494019,0.8637269735336304,0.843906819820404,0.854019284248352,0.8369420766830444,0.7997199892997742,0.8320622444152832,0.827232837677002
45,0.798783004283905,0.8213978409767151,0.8468942642211914,0.8672581911087036,0.8781617283821106,0.896708607673645,0.9235130548477173,0.9498088955879211,0.9609068036079407,1.0000001192092896,0.959581196308136,0.9142652750015259,0.9030487537384033,0.8567734956741333,0.8191870450973511,0.7676525115966797,0.752543568611145,0.7030805349349976,0.6872950792312622,0.6761336326599121,0.68080735206604,0.6875264644622803,0.6882095336914062,0.685320258140564,0.6715867519378662,0.6955356597900391,0.6784960031509399,0.673025369644165,0.6474030613899231,0.675564169883728,0.630800724029541,0.6306610703468323,0.6386165618896484,0.6377623081207275,0.6423531770706177,0.6062067747116089,0.6242294907569885,0.5798664689064026,0.5831705331802368,0.5673471689224243,0.6014035940170288,0.6022151708602905,0.6222537159919739,0.6300158500671387,0.6096047759056091,0.6347076296806335,0.6433141827583313,0.6606658697128296,0.7036757469177246,0.6584776639938354,0.6715955138206482,0.6534631252288818,0.6816271543502808,0.6700210571289062,0.6491737365722656,0.6614944934844971,0.688520073890686,0.7241393327713013,0.7544286251068115,0.7863686084747314,0.7799350023269653,0.8418055772781372,0.8664027452468872,0.8751804232597351,0.8456801176071167,0.8564398884773254,0.8234588503837585,0.8319612145423889,0.8051319122314453,0.7673450708389282,0.8006542921066284,0.7883657217025757
50,0.7625479698181152,0.7757967710494995,0.8065347671508789,0.8260899782180786,0.8385146856307983,0.8562204837799072,0.8903242349624634,0.9133129715919495,0.9309666156768799,0.959581196308136,0.9999999403953552,0.9473503232002258,0.931571364402771,0.9058566093444824,0.8636445999145508,0.8277841806411743,0.8018754720687866,0.7597825527191162,0.7330193519592285,0.7330533862113953,0.7361068725585938,0.7348105907440186,0.7384979724884033,0.7332584261894226,0.7184447050094604,0.738706111907959,0.7154581546783447,0.7035901546478271,0.6927411556243896,0.707062304019928,0.6672102212905884,0.667243480682373,0.6749787330627441,0.6743981838226318,0.6826499104499817,0.6374831199645996,0.6651108264923096,0.6210867166519165,0.6284465789794922,0.6161632537841797,0.6472622156143188,0.6506941318511963,0.6729998588562012,0.6802234649658203,0.6636999845504761,0.6803144812583923,0.7058230042457581,0.7074805498123169,0.748387336730957,0.7095379829406738,0.7182843089103699,0.7052367329597473,0.7292153835296631,0.7219278812408447,0.7020752429962158,0.7110437750816345,0.7388512492179871,0.7735925912857056,0.7910455465316772,0.8238826990127563,0.8227280378341675,0.8642299175262451,0.8776823282241821,0.8738151788711548,0.8377002477645874,0.833306610584259,0.8008142709732056,0.800902247428894,0.773849368095398,0.7380596995353699,0.7571846842765808,0.7439120411872864
55,0.7206512689590454,0.7255328893661499,0.7530932426452637,0.759678840637207,0.7726827263832092,0.7950800061225891,0.8169127702713013,0.8601999282836914,0.8732435703277588,0.9142652750015259,0.9473503232002258,0.9999998807907104,0.9540744423866272,0.9455333948135376,0.9172578454017639,0.8806520700454712,0.8630828261375427,0.8278868198394775,0.8009606599807739,0.8093497157096863,0.8103795647621155,0.8005427122116089,0.7887580394744873,0.7925839424133301,0.7704141736030579,0.7955568432807922,0.7661148309707642,0.7652906775474548,0.7326805591583252,0.7695695757865906,0.7061771154403687,0.7010266780853271,0.7003246545791626,0.7058724164962769,0.702632486820221,0.65586918592453,0.6830618381500244,0.6500997543334961,0.6472878456115723,0.6385700106620789,0.6707502007484436,0.6706855297088623,0.7015036344528198,0.7220441102981567,0.7150511741638184,0.7349998354911804,0.7427228689193726,0.7847731113433838,0.800329327583313,0.7753152847290039,0.7764614224433899,0.7614670991897583,0.7726354002952576,0.7735096216201782,0.7500997185707092,0.7585139274597168,0.781976580619812,0.8140195608139038,0.8187270164489746,0.8435497283935547,0.8407973051071167,0.865653395652771,0.8450914621353149,0.8471051454544067,0.8005655407905579,0.8041012287139893,0.7602635622024536,0.7547444701194763,0.7275328040122986,0.6862156391143799,0.7146629691123962,0.7037291526794434
60,0.6853660941123962,0.6894887685775757,0.7193459272384644,0.7348394393920898,0.7432502508163452,0.7651424407958984,0.788923978805542,0.8373677730560303,0.8502731919288635,0.9030487537384033,0.931571364402771,0.9540744423866272,1.0000001192092896,0.9545486569404602,0.9271042346954346,0.9018661975860596,0.8834166526794434,0.8469399213790894,0.829031229019165,0.8153693675994873,0.820029616355896,0.813043475151062,0.8174846172332764,0.8132584095001221,0.771270751953125,0.8001391291618347,0.7717316746711731,0.7675034999847412,0.7504768371582031,0.770432710647583,0.7329736948013306,0.7195733785629272,0.7184599041938782,0.7314093708992004,0.7281221747398376,0.6902037858963013,0.7184188365936279,0.6734444499015808,0.6725784540176392,0.6624847650527954,0.6886123418807983,0.6898338794708252,0.7160706520080566,0.725659966468811,0.7195786237716675,0.7470694780349731,0.7422593832015991,0.7727305889129639,0.8123406171798706,0.7787982225418091,0.7859964370727539,0.7728791832923889,0.7883107662200928,0.7822763919830322,0.7684728503227234,0.7651355266571045,0.7902611494064331,0.8174521923065186,0.8262200355529785,0.8446997404098511,0.8411285877227783,0.8546106815338135,0.8347917795181274,0.8366522789001465,0.7748433351516724,0.7712793350219727,0.7328465580940247,0.726510763168335,0.6926006078720093,0.6560657024383545,0.6828924417495728,0.6664339303970337
65,0.6443052291870117,0.6487160921096802,0.6801416277885437,0.6953742504119873,0.7048369646072388,0.7254095077514648,0.7441167235374451,0.7844809293746948,0.8000426888465881,0.8567734956741333,0.9058566093444824,0.9455333948135376,0.9545486569404602,1.000000238418579,0.9621292352676392,0.9410015344619751,0.926905632019043,0.8948667049407959,0.8783893585205078,0.8775334358215332,0.8781363368034363,0.8738430142402649,0.8654425144195557,0.8678691387176514,0.8262903690338135,0.8553268909454346,0.8180084228515625,0.8171263933181763,0.7993444204330444,0.8099511861801147,0.7749035358428955,0.7722281217575073,0.7641594409942627,0.7617436051368713,0.7627702951431274,0.7153533697128296,0.7407907247543335,0.7043814659118652,0.7129322290420532,0.7100451588630676,0.7263842821121216,0.7394566535949707,0.7606313228607178,0.7771649360656738,0.7750873565673828,0.7986657619476318,0.795281171798706,0.8244320154190063,0.8506566882133484,0.8416579961776733,0.8434261083602905,0.8326897025108337,0.8451284766197205,0.8410162329673767,0.8267986178398132,0.8282371759414673,0.8468978404998779,0.8758591413497925,0.8653426170349121,0.8774579763412476,0.8666254878044128,0.8616243600845337,0.8117506504058838,0.7984562516212463,0.7323894500732422,0.7264453172683716,0.6868640184402466,0.6897544264793396,0.6522698402404785,0.614596962928772,0.6465470790863037,0.6242533326148987
70,0.6184173226356506,0.6146069765090942,0.6456285715103149,0.662020206451416,0.6713547706604004,0.6838701963424683,0.7098739147186279,0.7414363026618958,0.758025050163269,0.8191870450973511,0.8636445999145508,0.9172578454017639,0.9271042346954346,0.9621292352676392,1.0000001192092896,0.9471539258956909,0.9477587938308716,0.9097992181777954,0.91423499584198,0.9036192893981934,0.9024842977523804,0.8865422606468201,0.8699582815170288,0.873204231262207,0.8407810926437378,0.8687303066253662,0.8219602108001709,0.8282076120376587,0.8053519129753113,0.8095529675483704,0.7847656607627869,0.7720962166786194,0.7747520208358765,0.7629398107528687,0.7563306093215942,0.7096917629241943,0.7291906476020813,0.6937199831008911,0.707767128944397,0.7116028070449829,0.7230972647666931,0.7365562915802002,0.7606648206710815,0.7723215818405151,0.7893825173377991,0.8116208910942078,0.800937831401825,0.8434180617332458,0.8615963459014893,0.856545090675354,0.8702973127365112,0.8502938151359558,0.8527217507362366,0.840918779373169,0.8416634798049927,0.8293030261993408,0.8484829664230347,0.8725894093513489,0.8545831441879272,0.8624488115310669,0.8602685928344727,0.8427858948707581,0.7833811640739441,0.7712362408638,0.7095671892166138,0.6980425119400024,0.6666945219039917,0.660666823387146,0.6395434141159058,0.5903297662734985,0.6262149214744568,0.6017327308654785
75,0.5855877995491028,0.577994704246521,0.6075398921966553,0.616905689239502,0.6175947189331055,0.6340090036392212,0.6498645544052124,0.6911076307296753,0.7048599720001221,0.7676525115966797,0.8277841806411743,0.8806520700454712,0.9018661975860596,0.9410015344619751,0.9471539258956909,0.9999997615814209,0.9663459062576294,0.9416016340255737,0.9230409860610962,0.9148025512695312,0.9254773855209351,0.8996553421020508,0.8942046761512756,0.8903968930244446,0.8386580944061279,0.8578580617904663,0.8236361742019653,0.8230432868003845,0.810460090637207,0.8150023221969604,0.8039350509643555,0.7746431827545166,0.7657953500747681,0.8071027994155884,0.7812120318412781,0.7485146522521973,0.7718302011489868,0.7508220672607422,0.7614409923553467,0.7466254830360413,0.7562267780303955,0.7533671855926514,0.7737013101577759,0.7774444818496704,0.7942107915878296,0.8163498044013977,0.805416464805603,0.8269155621528625,0.8609299063682556,0.8542084693908691,0.8513059020042419,0.8768351674079895,0.86263108253479,0.8588690757751465,0.8411849737167358,0.8392751216888428,0.8701655864715576,0.8721192479133606,0.8611867427825928,0.8581954836845398,0.841915488243103,0.8144767880439758,0.7517654895782471,0.7419594526290894,0.6741956472396851,0.6489726305007935,0.6218903660774231,0.6198287606239319,0.5884838700294495,0.561960756778717,0.5820648074150085,0.5599604249000549
80,0.5731428861618042,0.5699187517166138,0.5982075929641724,0.6086018681526184,0.6082093715667725,0.6243757605552673,0.6367558836936951,0.6762510538101196,0.6886873841285706,0.752543568611145,0.8018754720687866,0.8630828261375427,0.8834166526794434,0.926905632019043,0.9477587938308716,0.9663459062576294,1.0,0.9474336504936218,0.9503759145736694,0.9376145005226135,0.9392241835594177,0.9182283878326416,0.899308979511261,0.9040464758872986,0.8551204800605774,0.8775022029876709,0.8273143768310547,0.8344444036483765,0.8223292231559753,0.8282092213630676,0.8194370269775391,0.7851779460906982,0.7943232655525208,0.8162403106689453,0.8058391213417053,0.7629663348197937,0.7823107242584229,0.7627670764923096,0.7795653939247131,0.7597940564155579,0.7717884182929993,0.7716214656829834,0.7967995405197144,0.7961416244506836,0.8185684680938721,0.8308214545249939,0.8196297883987427,0.8573459982872009,0.8836432695388794,0.8791097402572632,0.8824393153190613,0.891930103302002,0.8910359144210815,0.8727214336395264,0.8607610464096069,0.8617303371429443,0.8754630088806152,0.8779831528663635,0.8586634397506714,0.8510779738426208,0.8378949165344238,0.8037473559379578,0.7350387573242188,0.724604606628418,0.656429648399353,0.6379371285438538,0.6081254482269287,0.6017614603042603,0.5735448598861694,0.5372112989425659,0.5763672590255737,0.5506482720375061
85,0.5410035252571106,0.5372281670570374,0.5578041076660156,0.57318115234375,0.5674635171890259,0.581143856048584,0.5953249931335449,0.6304166316986084,0.6356470584869385,0.7030805349349976,0.7597825527191162,0.8278868198394775,0.8469399213790894,0.8948667049407959,0.9097992181777954,0.9416016340255737,0.9474336504936218,1.0000001192092896,0.9522552490234375,0.9632824659347534,0.9590206146240234,0.935078501701355,0.9305391311645508,0.9221018552780151,0.8989284634590149,0.8937470316886902,0.855934739112854,0.8572200536727905,0.8440500497817993,0.8451849222183228,0.8461107611656189,0.7937249541282654,0.7900879979133606,0.8015457391738892,0.7954643368721008,0.7811448574066162,0.7873237729072571,0.7899583578109741,0.7822819352149963,0.7835604548454285,0.7898049354553223,0.7841757535934448,0.805327296257019,0.7976809740066528,0.8203902840614319,0.819140613079071,0.8086214065551758,0.8435510993003845,0.8624601364135742,0.8533711433410645,0.8573618531227112,0.8657301068305969,0.8545109033584595,0.8636434078216553,0.831108570098877,0.84098881483078,0.8490628004074097,0.8477757573127747,0.8340468406677246,0.8209456205368042,0.822167158126831,0.7614986300468445,0.7004435062408447,0.6894106864929199,0.6167846322059631,0.5962483882904053,0.5616551041603088,0.5579537153244019,0.5327304005622864,0.49514976143836975,0.5282907485961914,0.5161341428756714
90,0.5187149047851562,0.5179516673088074,0.5447444915771484,0.5606936812400818,0.5525440573692322,0.5712203979492188,0.5809884667396545,0.6113077998161316,0.6213731169700623,0.6872950792312622,0.7330193519592285,0.8009606599807739,0.829031229019165,0.8783893585205078,0.91423499584198,0.9230409860610962,0.9503759145736694,0.9522552490234375,1.0000001192092896,0.9582608342170715,0.9485187530517578,0.9227204322814941,0.8941041231155396,0.88597172498703,0.8503037691116333,0.8682878017425537,0.8126680850982666,0.8241972327232361,0.8112465739250183,0.8177727460861206,0.8108463287353516,0.7658651471138,0.769406259059906,0.7836557626724243,0.7721270322799683,0.7441968321800232,0.7647876739501953,0.7442931532859802,0.7524470090866089,0.7502555847167969,0.7501068711280823,0.7524468302726746,0.7791345119476318,0.7788992524147034,0.8027267456054688,0.8172436952590942,0.7904632687568665,0.8545174598693848,0.8563485741615295,0.8624215722084045,0.8697428107261658,0.8732326626777649,0.8693516254425049,0.8626568913459778,0.866226315498352,0.8494402170181274,0.8514925241470337,0.8552637696266174,0.829682469367981,0.8127162456512451,0.8087994456291199,0.7470818758010864,0.6720461845397949,0.654462456703186,0.5917280912399292,0.5732533931732178,0.5422384738922119,0.5428542494773865,0.5110399127006531,0.4733028709888458,0.5148423910140991,0.49836426973342896
95,0.5343141555786133,0.5284161567687988,0.5451377630233765,0.5572658777236938,0.5594911575317383,0.5675358176231384,0.5789344906806946,0.6114144921302795,0.6136219501495361,0.6761336326599121,0.7330533862113953,0.8093497157096863,0.8153693675994873,0.8775334358215332,0.9036192893981934,0.9148025512695312,0.9376145005226135,0.9632824659347534,0.9582608342170715,1.0000001192092896,0.965616762638092,0.9486809968948364,0.9308294057846069,0.9275995492935181,0.9076499938964844,0.9165357947349548,0.8570765852928162,0.8594575524330139,0.8468121290206909,0.8475141525268555,0.8350132703781128,0.7972485423088074,0.8061586022377014,0.8033036589622498,0.7995981574058533,0.7726376056671143,0.7875728607177734,0.783572256565094,0.7777177095413208,0.7775989770889282,0.7849797010421753,0.7827445268630981,0.8183851838111877,0.8133902549743652,0.8357820510864258,0.8331547975540161,0.820554256439209,0.8762577772140503,0.8772538900375366,0.8799317479133606,0.8872102499008179,0.8885053992271423,0.8728150725364685,0.8755671977996826,0.8429447412490845,0.8635319471359253,0.8552525639533997,0.855488657951355,0.8315647840499878,0.8157339692115784,0.8268921375274658,0.7610635161399841,0.6873409152030945,0.6759275794029236,0.6090299487113953,0.5906221866607666,0.5581952929496765,0.5563430190086365,0.5340461730957031,0.4885796308517456,0.5267642140388489,0.5129908323287964
100,0.5394120812416077,0.5302183628082275,0.5511842370033264,0.5585319995880127,0.555362343788147,0.5704233646392822,0.5787115097045898,0.6076813340187073,0.6206584572792053,0.68080735206604,0.7361068725585938,0.8103795647621155,0.820029616355896,0.8781363368034363,0.9024842977523804,0.9254773855209351,0.9392241835594177,0.9590206146240234,0.9485187530517578,0.965616762638092,0.9999997019767761,0.9528508186340332,0.9390232563018799,0.9333895444869995,0.9029701352119446,0.9166878461837769,0.8721056580543518,0.8757731318473816,0.8532801270484924,0.8584694266319275,0.855455756187439,0.8054943680763245,0.7979421615600586,0.8073285818099976,0.8013686537742615,0.7679015398025513,0.7825480699539185,0.7750052809715271,0.7781298160552979,0.7682268619537354,0.7736232280731201,0.7743263244628906,0.7999159693717957,0.7993326187133789,0.8230335712432861,0.8260965347290039,0.8121678829193115,0.8577980995178223,0.8760491609573364,0.8674692511558533,0.8678781986236572,0.8779474496841431,0.8570243716239929,0.8549275398254395,0.8272556662559509,0.8333026766777039,0.8610377907752991,0.8510038256645203,0.8220164775848389,0.8100461959838867,0.8040812611579895,0.7473593950271606,0.6825734376907349,0.6739563941955566,0.6026530861854553,0.5914815664291382,0.5667755007743835,0.5571895241737366,0.540361225605011,0.5015891194343567,0.5380089282989502,0.5174239277839661
105,0.5380818247795105,0.5315611362457275,0.5480667948722839,0.5693825483322144,0.562757134437561,0.57793790102005,0.5890073776245117,0.6202529668807983,0.623401939868927,0.6875264644622803,0.7348105907440186,0.8005427122116089,0.813043475151062,0.8738430142402649,0.8865422606468201,0.8996553421020508,0.9182283878326416,0.935078501701355,0.9227204322814941,0.9486809968948364,0.9528508186340332,1.0000001192092896,0.9511178731918335,0.9529780149459839,0.9266692399978638,0.9311314821243286,0.8964000940322876,0.902362585067749,0.8781064748764038,0.8885679244995117,0.8836854696273804,0.8399704098701477,0.833168089389801,0.8273432850837708,0.8201572299003601,0.7844827175140381,0.7969894409179688,0.7890127301216125,0.787577748298645,0.801364541053772,0.7942047119140625,0.8057674765586853,0.828039288520813,0.8205894827842712,0.8333888649940491,0.8371499180793762,0.8288427591323853,0.868085503578186,0.8732094764709473,0.8547254204750061,0.8613189458847046,0.8608572483062744,0.8499773740768433,0.8407832384109497,0.8231940865516663,0.8284019827842712,0.8470781445503235,0.854975700378418,0.8265557885169983,0.8226609826087952,0.8141375780105591,0.7532000541687012,0.6981262564659119,0.6872437000274658,0.609645664691925,0.6006889343261719,0.5711893439292908,0.5585201978683472,0.5376157760620117,0.5012837648391724,0.5353838205337524,0.5097889304161072
110,0.5461020469665527,0.5447483658790588,0.5623289346694946,0.5795495510101318,0.5821054577827454,0.5869825482368469,0.5991833806037903,0.6296793222427368,0.6288713812828064,0.6882095336914062,0.7384979724884033,0.7887580394744873,0.8174846172332764,0.8654425144195557,0.8699582815170288,0.8942046761512756,0.899308979511261,0.9305391311645508,0.8941041231155396,0.9308294057846069,0.9390232563018799,0.9511178731918335,1.0000001192092896,0.9614351391792297,0.938260555267334,0.9481102824211121,0.9168180227279663,0.9120738506317139,0.9054816961288452,0.8888605833053589,0.8885873556137085,0.8448249101638794,0.8376546502113342,0.8158073425292969,0.814938485622406,0.7981643676757812,0.8026543855667114,0.7914489507675171,0.7858623266220093,0.799484133720398,0.8175697922706604,0.8044875264167786,0.8301172852516174,0.8190212845802307,0.8233909606933594,0.8230263590812683,0.8169633746147156,0.837734580039978,0.857132077217102,0.8362148404121399,0.847055196762085,0.8398364782333374,0.8380116820335388,0.82830411195755,0.7869482040405273,0.8071635961532593,0.8202074766159058,0.82731032371521,0.8232125639915466,0.8063387870788574,0.8068397045135498,0.747866153717041,0.7023553252220154,0.6926795244216919,0.6161203384399414,0.6064364910125732,0.5751920342445374,0.5680893063545227,0.5520600080490112,0.5094030499458313,0.5465613603591919,0.5230944752693176
115,0.544312059879303,0.5405837297439575,0.55683434009552,0.5652114152908325,0.5678027272224426,0.5801109671592712,0.5891671776771545,0.6231204271316528,0.6251717805862427,0.685320258140564,0.7332584261894226,0.7925839424133301,0.8132584095001221,0.8678691387176514,0.873204231262207,0.8903968930244446,0.9040464758872986,0.9221018552780151,0.88597172498703,0.9275995492935181,0.9333895444869995,0.9529780149459839,0.9614351391792297,0.9999998807907104,0.9326915740966797,0.9516376852989197,0.9334720373153687,0.918904721736908,0.9004119038581848,0.8924071788787842,0.8837364315986633,0.8557246923446655,0.8506784439086914,0.823571503162384,0.8306098580360413,0.7982369661331177,0.8079932928085327,0.7976247072219849,0.7997305393218994,0.8166409730911255,0.8091151714324951,0.8251962661743164,0.8412092924118042,0.8363208770751953,0.8384903073310852,0.8357096314430237,0.8304609656333923,0.8516209125518799,0.8626481890678406,0.8564465045928955,0.8597869873046875,0.8511524200439453,0.8493735790252686,0.8440067768096924,0.8033320903778076,0.8198202252388,0.838079571723938,0.8414855003356934,0.8318638205528259,0.8330226540565491,0.8132712841033936,0.7566362023353577,0.7077630758285522,0.6968073844909668,0.6091715693473816,0.6029447317123413,0.5782742500305176,0.5651178359985352,0.5493764281272888,0.5072689056396484,0.5471839308738708,0.5203670263290405
120,0.5253113508224487,0.528113603591919,0.5285785794258118,0.5555596351623535,0.5572675466537476,0.5559534430503845,0.5885095596313477,0.602259635925293,0.6106491088867188,0.6715867519378662,0.7184447050094604,0.7704141736030579,0.771270751953125,0.8262903690338135,0.8407810926437378,0.8386580944061279,0.8551204800605774,0.8989284634590149,0.8503037691116333,0.9076499938964844,0.9029701352119446,0.9266692399978638,0.938260555267334,0.9326915740966797,1.0000001192092896,0.9596479535102844,0.9388288259506226,0.9304904937744141,0.9070320129394531,0.902477502822876,0.896251916885376,0.8620400428771973,0.8683304190635681,0.8111799359321594,0.831589937210083,0.8044092655181885,0.7954298257827759,0.8018078804016113,0.7834398746490479,0.8190244436264038,0.822547197341919,0.8278307318687439,0.8616278171539307,0.8406469225883484,0.8512393236160278,0.8149110674858093,0.8184069395065308,0.8414234519004822,0.8508486747741699,0.8247600197792053,0.8469533324241638,0.8224601745605469,0.8218693137168884,0.809806227684021,0.7718578577041626,0.7981592416763306,0.7844946980476379,0.8086318969726562,0.8001419901847839,0.7866034507751465,0.8184385895729065,0.7426028847694397,0.6944000720977783,0.6862621307373047,0.6077783107757568,0.597970724105835,0.5691566467285156,0.5523068904876709,0.5450789928436279,0.49559423327445984,0.5269134044647217,0.5084711313247681
125,0.5575774908065796,0.5558015704154968,0.5637712478637695,0.5800246000289917,0.5928480625152588,0.5921801924705505,0.6110411882400513,0.6403815150260925,0.6422007083892822,0.6955356597900391,0.738706111907959,0.7955568432807922,0.8001391291618347,0.8553268909454346,0.8687303066253662,0.8578580617904663,0.8775022029876709,0.8937470316886902,0.8682878017425537,0.9165357947349548,0.9166878461837769,0.9311314821243286,0.9481102824211121,0.9516376852989197,0.9596479535102844,1.0000001192092896,0.9457731246948242,0.9431017637252808,0.9263538718223572,0.9133220911026001,0.8913862109184265,0.8672168850898743,0.8693739175796509,0.8164262175559998,0.8316225409507751,0.7900309562683105,0.7999585866928101,0.7804766893386841,0.7833643555641174,0.8001381754875183,0.8079541325569153,0.8185639977455139,0.856045126914978,0.8603875637054443,0.8546611070632935,0.8419705629348755,0.8427472710609436,0.8709811568260193,0.8731175065040588,0.8598215579986572,0.8750594258308411,0.8500151634216309,0.8484036922454834,0.8340957164764404,0.7968289256095886,0.8191560506820679,0.816908061504364,0.8363108038902283,0.8336043357849121,0.82155841588974,0.8287493586540222,0.7778980731964111,0.7219117283821106,0.7147923707962036,0.6435330510139465,0.6362074613571167,0.6085352897644043,0.594495952129364,0.5803609490394592,0.5310639142990112,0.5695804357528687,0.5431528687477112
130,0.538468599319458,0.5464271306991577,0.5470349788665771,0.5651901960372925,0.5625137686729431,0.5701274871826172,0.5932855606079102,0.6189484596252441,0.627403736114502,0.6784960031509399,0.7154581546783447,0.7661148309707642,0.7717316746711731,0.8180084228515625,0.8219602108001709,0.8236361742019653,0.8273143768310547,0.855934739112854,0.8126680850982666,0.8570765852928162,0.8721056580543518,0.8964000940322876,0.9168180227279663,0.9334720373153687,0.9388288259506226,0.9457731246948242,1.0,0.9614810943603516,0.9416823983192444,0.9423049688339233,0.9182626605033875,0.8901336193084717,0.8831303119659424,0.8364439606666565,0.8520691990852356,0.8173955678939819,0.8225822448730469,0.8103940486907959,0.811288595199585,0.8406548500061035,0.8314254283905029,0.8317704200744629,0.8635390400886536,0.8603588938713074,0.8573197722434998,0.8417935371398926,0.8260953426361084,0.840581476688385,0.8414023518562317,0.8276408910751343,0.8369508385658264,0.8139854073524475,0.8145797848701477,0.8059549331665039,0.7608358860015869,0.7766294479370117,0.7946653962135315,0.8089855909347534,0.8133785724639893,0.8026284575462341,0.7970885634422302,0.7422396540641785,0.7155277132987976,0.6960168480873108,0.6102631092071533,0.6235358119010925,0.5904998779296875,0.5705065727233887,0.5565582513809204,0.5158675909042358,0.5472121238708496,0.5263566374778748
135,0.5340771079063416,0.5348801612854004,0.5440205931663513,0.559131920337677,0.5609272718429565,0.5703079700469971,0.5814977288246155,0.6087918877601624,0.609395444393158,0.673025369644165,0.7035901546478271,0.7652906775474548,0.7675034999847412,0.8171263933181763,0.8282076120376587,0.8230432868003845,0.8344444036483765,0.8572200536727905,0.8241972327232361,0.8594575524330139,0.8757731318473816,0.902362585067749,0.9120738506317139,0.918904721736908,0.9304904937744141,0.9431017637252808,0.9614810943603516,1.0000001192092896,0.9425175189971924,0.9536298513412476,0.9271587133407593,0.8848508596420288,0.8661841154098511,0.8181677460670471,0.8367347717285156,0.8010754585266113,0.8075336813926697,0.7926290035247803,0.7937762141227722,0.8152899742126465,0.8197416067123413,0.8243401050567627,0.8495673537254333,0.8481763005256653,0.8495297431945801,0.8462515473365784,0.8238921761512756,0.8555078506469727,0.8475930094718933,0.8276262879371643,0.834299623966217,0.8033991456031799,0.8075158596038818,0.7974056005477905,0.7659769058227539,0.7762108445167542,0.7921512126922607,0.8108828067779541,0.8025614023208618,0.7889047265052795,0.7891822457313538,0.7260956764221191,0.6813132762908936,0.6801238656044006,0.5965861082077026,0.6119619011878967,0.5766682624816895,0.5583391189575195,0.5454270839691162,0.5084495544433594,0.5391519069671631,0.5177415013313293
140,0.5239794850349426,0.532174289226532,0.5423314571380615,0.5539743304252625,0.5590627193450928,0.5557146072387695,0.5778969526290894,0.5992298722267151,0.5927848219871521,0.6474030613899231,0.6927411556243896,0.7326805591583252,0.7504768371582031,0.7993444204330444,0.8053519129753113,0.810460090637207,0.8223292231559753,0.8440500497817993,0.8112465739250183,0.8468121290206909,0.8532801270484924,0.8781064748764038,0.9054816961288452,0.9004119038581848,0.9070320129394531,0.9263538718223572,0.9416823983192444,0.9425175189971924,1.0000001192092896,0.937231183052063,0.9452780485153198,0.9340028762817383,0.9143775701522827,0.8641996383666992,0.8693532943725586,0.8649839162826538,0.8653439283370972,0.8415379524230957,0.8546243906021118,0.863817572593689,0.8728736639022827,0.8673320412635803,0.8897688388824463,0.8823198080062866,0.8615117073059082,0.853786826133728,0.8455220460891724,0.8413549661636353,0.8483848571777344,0.8361829519271851,0.8291715979576111,0.8104709386825562,0.8165420293807983,0.804479718208313,0.776224672794342,0.7876267433166504,0.7850642800331116,0.7962573170661926,0.8044705390930176,0.7830322980880737,0.7849991321563721,0.7363942861557007,0.6845307350158691,0.677314281463623,0.6053618788719177,0.5958878993988037,0.5701214671134949,0.5537286400794983,0.5312093496322632,0.503162682056427,0.5289435982704163,0.5120071768760681
