,0,5,10,15,20,25,30,35,40,45,50,55,60,65,70,75,80,85,90,95,100,105,110,115,120,125,130,135,140,145,150,155,160,165,170,175,180,185,190,195,200,205,210,215,220,225,230,235,240,245,250,255,260,265,270,275,280,285,290,295,300,305,310,315,320,325,330,335,340,345,350,355
0,1.0000001192092896,0.9698067903518677,0.9531694650650024,0.9416961669921875,0.9137170314788818,0.9100366234779358,0.9071561098098755,0.9123311638832092,0.9233552813529968,0.9202137589454651,0.9126244783401489,0.896936297416687,0.8869499564170837,0.8752802610397339,0.8790943622589111,0.8710049390792847,0.8710554242134094,0.868811845779419,0.8721412420272827,0.8939366936683655,0.910557746887207,0.915546178817749,0.9060986042022705,0.9005756974220276,0.9097781777381897,0.9193665385246277,0.9291661977767944,0.9199813604354858,0.915237307548523,0.9231582880020142,0.9276257753372192,0.9249448776245117,0.913706362247467,0.9128981232643127,0.8991632461547852,0.8484607934951782,0.7571241855621338,0.8664582371711731,0.8905523419380188,0.9087896347045898,0.9121327996253967,0.9188828468322754,0.918254554271698,0.9131786227226257,0.9112906455993652,0.9177526235580444,0.9270063042640686,0.9171839356422424,0.9199172258377075,0.9167009592056274,0.9183852076530457,0.9249250292778015,0.9182880520820618,0.9080470204353333,0.8826162219047546,0.8790479898452759,0.8695409297943115,0.8761304616928101,0.8846148252487183,0.8791589140892029,0.8871886134147644,0.8974049687385559,0.9040250778198242,0.9144540429115295,0.9114406704902649,0.9077414274215698,0.9130740165710449,0.9237804412841797,0.9175980091094971,0.9402656555175781,0.9431775212287903,0.9635419845581055
5,0.9698067903518677,1.0,0.9866757988929749,0.9620897769927979,0.9332625865936279,0.9234197735786438,0.9187730550765991,0.9264179468154907,0.9271999597549438,0.9291588664054871,0.9183679819107056,0.9088637828826904,0.903592586517334,0.8907266855239868,0.8901873230934143,0.8815609216690063,0.8854917883872986,0.8833358883857727,0.8865782618522644,0.902868926525116,0.9092220067977905,0.9014489650726318,0.88141268491745,0.8783484697341919,0.8907539248466492,0.8986002802848816,0.9067845344543457,0.8868343234062195,0.8817437887191772,0.8946148157119751,0.9078913331031799,0.8988721370697021,0.8791189193725586,0.8791938424110413,0.8715447187423706,0.8244404792785645,0.7427023649215698,0.8418044447898865,0.8635766506195068,0.8719754219055176,0.8782521486282349,0.8877509236335754,0.8916439414024353,0.8811351656913757,0.8784225583076477,0.8851484656333923,0.897756814956665,0.893248975276947,0.8935999870300293,0.891467273235321,0.8869227170944214,0.9055981040000916,0.9103171825408936,0.9089134335517883,0.8927412629127502,0.8902172446250916,0.8847744464874268,0.8904416561126709,0.8977511525154114,0.893483579158783,0.9047070741653442,0.9104453921318054,0.9105926752090454,0.9182758331298828,0.9125738739967346,0.9213923215866089,0.931686282157898,0.9400035738945007,0.9414608478546143,0.9631808996200562,0.9783146977424622,0.9931730628013611
10,0.9531694650650024,0.9866757988929749,0.9999998211860657,0.98759925365448,0.9647517800331116,0.9486796855926514,0.9449576735496521,0.9461526274681091,0.9431400299072266,0.948043704032898,0.9377310276031494,0.9324463605880737,0.9265422821044922,0.9078927636146545,0.9061564207077026,0.8975690007209778,0.9044908285140991,0.9015617966651917,0.9032654762268066,0.9224936366081238,0.926629900932312,0.9145998954772949,0.8908953666687012,0.8871555328369141,0.8993045687675476,0.9056440591812134,0.9089668393135071,0.887528657913208,0.8794886469841003,0.8874413967132568,0.900734543800354,0.8863481283187866,0.8610106110572815,0.8638074398040771,0.8602266907691956,0.8199072480201721,0.7448325157165527,0.8352969884872437,0.8536404967308044,0.8566479682922363,0.8651419878005981,0.8777857422828674,0.8835293650627136,0.8738767504692078,0.874988317489624,0.8844093680381775,0.8997557163238525,0.8993358016014099,0.8979232311248779,0.8956787586212158,0.8889651894569397,0.9122744202613831,0.9248586893081665,0.9285948276519775,0.9079614877700806,0.902707040309906,0.8965699076652527,0.903586745262146,0.9115576148033142,0.9102284908294678,0.9268980622291565,0.932277500629425,0.9299737215042114,0.9332185983657837,0.9265875220298767,0.9480766654014587,0.9577488899230957,0.9642615914344788,0.9701529741287231,0.9830119013786316,0.9884039163589478,0.9802150726318359
15,0.9416961669921875,0.9620897769927979,0.98759925365448,1.000000238418579,0.9869226813316345,0.9743914008140564,0.9676371216773987,0.9655191898345947,0.9578679203987122,0.9651814103126526,0.9561008810997009,0.9482852816581726,0.9391928315162659,0.9181994199752808,0.9172080159187317,0.9125422239303589,0.9197526574134827,0.917694628238678,0.917574405670166,0.9374933242797852,0.9439318180084229,0.9293571710586548,0.9057941436767578,0.9036954641342163,0.9153416752815247,0.9211427569389343,0.9205335378646851,0.899215817451477,0.8914159536361694,0.8929585814476013,0.9040548801422119,0.8885099291801453,0.8619853258132935,0.8653361797332764,0.8650822639465332,0.8328458070755005,0.7610101103782654,0.8462792634963989,0.8604463934898376,0.8584887981414795,0.8682100772857666,0.8836542367935181,0.8895310163497925,0.8817100524902344,0.8863112926483154,0.8950788974761963,0.9130514860153198,0.9116911888122559,0.9104130864143372,0.9088190793991089,0.9005662798881531,0.9249986410140991,0.9406287670135498,0.9427984952926636,0.920933723449707,0.914185643196106,0.9087256193161011,0.9153500199317932,0.9230300188064575,0.9218251705169678,0.9397368431091309,0.9483007192611694,0.9513087272644043,0.9524999856948853,0.9450469017028809,0.969387948513031,0.9736435413360596,0.9819759130477905,0.986734926700592,0.9912596940994263,0.9818977117538452,0.9531824588775635
20,0.9137170314788818,0.9332625865936279,0.9647517800331116,0.9869226813316345,0.9999999403953552,0.9879487156867981,0.9801565408706665,0.9741381406784058,0.9541487693786621,0.965236246585846,0.9602778553962708,0.950162410736084,0.9392481446266174,0.9129621982574463,0.9112489223480225,0.909530520439148,0.9197444915771484,0.9191763997077942,0.9189934134483337,0.940578818321228,0.946250319480896,0.926063060760498,0.8985545635223389,0.899997353553772,0.9122899174690247,0.9161244034767151,0.9113336801528931,0.8878819346427917,0.8826488852500916,0.8795722126960754,0.8923394680023193,0.8736376762390137,0.8451363444328308,0.8480006456375122,0.8551535606384277,0.8345922827720642,0.7730557918548584,0.8455440998077393,0.8538008332252502,0.8416717052459717,0.8514885902404785,0.8701698184013367,0.8791869282722473,0.8709027767181396,0.8786877393722534,0.8837195038795471,0.9053815603256226,0.9038341045379639,0.9002940058708191,0.9012356996536255,0.8886467218399048,0.9187073111534119,0.9419859051704407,0.9468981623649597,0.9230616092681885,0.9126602411270142,0.9085504412651062,0.9141923189163208,0.9192821979522705,0.9184787273406982,0.9423727989196777,0.951905369758606,0.9599970579147339,0.9565622210502625,0.94999098777771,0.9806761741638184,0.9844388961791992,0.991096019744873,0.9903525114059448,0.9825642704963684,0.9682120084762573,0.928105890750885
25,0.9100366234779358,0.9234197735786438,0.9486796855926514,0.9743914008140564,0.9879487156867981,1.0000001192092896,0.9895592927932739,0.9857287406921387,0.9634214639663696,0.9752299785614014,0.9733995795249939,0.961271345615387,0.9534803628921509,0.9364772439002991,0.9350364208221436,0.9349282383918762,0.9410012364387512,0.9420521855354309,0.940467894077301,0.9542478322982788,0.9581992626190186,0.9341214895248413,0.907131552696228,0.911323606967926,0.9246159791946411,0.9310824275016785,0.9260437488555908,0.898409903049469,0.8945754170417786,0.8906990885734558,0.9030929803848267,0.8887485861778259,0.8613035678863525,0.8635058403015137,0.8729941844940186,0.8559092879295349,0.790695071220398,0.8665993213653564,0.8724758625030518,0.8567941188812256,0.867419958114624,0.8864971995353699,0.8930261731147766,0.8843216300010681,0.8909690976142883,0.893423855304718,0.9187492728233337,0.9141510725021362,0.913688600063324,0.9139900803565979,0.9010196924209595,0.9316533207893372,0.9546452760696411,0.956689178943634,0.9438731074333191,0.9369003176689148,0.9353173971176147,0.9373777508735657,0.943129301071167,0.9413047432899475,0.9561124444007874,0.9656010866165161,0.9772481918334961,0.9751611351966858,0.9701302647590637,0.985276460647583,0.9781696200370789,0.9871882200241089,0.9784550666809082,0.9744665026664734,0.9546169638633728,0.9140580296516418
30,0.9071561098098755,0.9187730550765991,0.9449576735496521,0.9676371216773987,0.9801565408706665,0.9895592927932739,1.000000238418579,0.9903050661087036,0.969925045967102,0.9769576191902161,0.9743954539299011,0.9658598899841309,0.9530914425849915,0.9304991364479065,0.9267757534980774,0.9201661348342896,0.9287283420562744,0.9302107095718384,0.9294291734695435,0.9488457441329956,0.9556020498275757,0.9392660856246948,0.9144636988639832,0.9175978899002075,0.928571343421936,0.9379382729530334,0.9312407374382019,0.9083591103553772,0.9030658006668091,0.8968707323074341,0.9039353728294373,0.8905685544013977,0.8652277588844299,0.8682701587677002,0.8761142492294312,0.8572614192962646,0.790821373462677,0.8671161532402039,0.8756884932518005,0.8630490899085999,0.8723825216293335,0.8898335099220276,0.8979514241218567,0.8942995667457581,0.9004108309745789,0.9035533666610718,0.9265857338905334,0.9250258207321167,0.9214869737625122,0.9180858135223389,0.9065681099891663,0.9367852210998535,0.9556010365486145,0.956147313117981,0.9380760192871094,0.9290052652359009,0.9205580353736877,0.9224783778190613,0.9350842237472534,0.9371596574783325,0.954613447189331,0.964263916015625,0.97288578748703,0.971871554851532,0.9729617238044739,0.9921121597290039,0.98568195104599,0.9808340072631836,0.967441976070404,0.9630301594734192,0.9426450729370117,0.9090699553489685
35,0.9123311638832092,0.9264179468154907,0.9461526274681091,0.9655191898345947,0.9741381406784058,0.9857287406921387,0.9903050661087036,0.9999999403953552,0.9842008948326111,0.9866827130317688,0.9807746410369873,0.9694864153862,0.9586194753646851,0.9390687942504883,0.9353524446487427,0.9298827052116394,0.9348483085632324,0.9368332028388977,0.9382874965667725,0.9540136456489563,0.9612227082252502,0.9464938044548035,0.9200724363327026,0.9238982200622559,0.9329352974891663,0.9414677023887634,0.9357417225837708,0.9126875400543213,0.9071781635284424,0.8974951505661011,0.9027436971664429,0.8932421207427979,0.8690636157989502,0.8709859251976013,0.8769928216934204,0.8569260835647583,0.7902429699897766,0.8661404252052307,0.8751652836799622,0.8655412197113037,0.875338077545166,0.8910895586013794,0.8978146910667419,0.8943784236907959,0.9019021987915039,0.9048035144805908,0.9274290800094604,0.9260000586509705,0.9251812100410461,0.9241309762001038,0.9145768880844116,0.944820761680603,0.9613111019134521,0.9598236083984375,0.9458406567573547,0.9377891421318054,0.9315047860145569,0.9318419098854065,0.9439889788627625,0.9449942111968994,0.9592199921607971,0.9688746333122253,0.9789761304855347,0.9827736020088196,0.9836983680725098,0.9922375679016113,0.9812384843826294,0.9782677888870239,0.9630155563354492,0.9616447687149048,0.9451273679733276,0.9141667485237122
40,0.9233552813529968,0.9271999597549438,0.9431400299072266,0.9578679203987122,0.9541487693786621,0.9634214639663696,0.969925045967102,0.9842008948326111,1.0000001192092896,0.9916510581970215,0.9807188510894775,0.9657216668128967,0.9546047449111938,0.9340430498123169,0.9335756301879883,0.9234792590141296,0.9280868768692017,0.9284107685089111,0.9301496744155884,0.9474356174468994,0.9594272971153259,0.9577840566635132,0.9402472376823425,0.938891589641571,0.9451058506965637,0.9523789286613464,0.9497588276863098,0.9322539567947388,0.9248539805412292,0.9145435094833374,0.9098837971687317,0.906953752040863,0.8903591632843018,0.891099750995636,0.8867829442024231,0.85563063621521,0.7779690027236938,0.8646319508552551,0.8806043267250061,0.8847213387489319,0.8933994770050049,0.9032868146896362,0.9083122611045837,0.9086543321609497,0.9153713583946228,0.9221306443214417,0.9411410093307495,0.9422182440757751,0.9454529881477356,0.9424486756324768,0.9421060085296631,0.9608751535415649,0.9636232256889343,0.958302915096283,0.9394291043281555,0.9322619438171387,0.9209467172622681,0.9213512539863586,0.9365512728691101,0.9380324482917786,0.9512516856193542,0.9639363288879395,0.9727706909179688,0.9806163311004639,0.9854024052619934,0.9790709018707275,0.9649582505226135,0.9598076343536377,0.9437365531921387,0.9458377361297607,0.9324053525924683,0.9102997779846191
45,0.9202137589454651,0.9291588664054871,0.948043704032898,0.9651814103126526,0.965236246585846,0.9752299785614014,0.9769576191902161,0.9866827130317688,0.9916510581970215,1.0000001192092896,0.9931022524833679,0.9812234044075012,0.9695324897766113,0.9504446387290955,0.9486415386199951,0.9383719563484192,0.943328857421875,0.9454861879348755,0.946431040763855,0.961438000202179,0.9686572551727295,0.9594433903694153,0.9374567866325378,0.9373777508735657,0.9462606906890869,0.9551055431365967,0.9520047903060913,0.9280329942703247,0.9212719798088074,0.9122949242591858,0.9108276963233948,0.9065908789634705,0.8850220441818237,0.8869650363922119,0.8848421573638916,0.852685272693634,0.7732341289520264,0.8632078170776367,0.8791255950927734,0.8800221085548401,0.8895373344421387,0.9039461612701416,0.9065497517585754,0.9048701524734497,0.9137983322143555,0.9217885136604309,0.9432767033576965,0.9436905980110168,0.9443973302841187,0.9432411789894104,0.9381572604179382,0.9617033004760742,0.9706036448478699,0.9687273502349854,0.9552450180053711,0.9489046931266785,0.9387979507446289,0.9369610548019409,0.95345538854599,0.9544119834899902,0.9665524363517761,0.9801387786865234,0.9895502328872681,0.9926996827125549,0.9886988997459412,0.9828407764434814,0.9707826375961304,0.9719461798667908,0.9569272994995117,0.9573397040367126,0.9406975507736206,0.9114494323730469
50,0.9126244783401489,0.9183679819107056,0.9377310276031494,0.9561008810997009,0.9602778553962708,0.9733995795249939,0.9743954539299011,0.9807746410369873,0.9807188510894775,0.9931022524833679,1.0000001192092896,0.9928680062294006,0.9818950295448303,0.9635834693908691,0.9617496132850647,0.9512556195259094,0.9561479687690735,0.9581001996994019,0.9597038626670837,0.9737648367881775,0.9783422350883484,0.9666940569877625,0.9448983669281006,0.9457128643989563,0.9550140500068665,0.9605396389961243,0.955511212348938,0.9299765825271606,0.9249739050865173,0.9155042171478271,0.915156900882721,0.9068357944488525,0.8816488981246948,0.8845140933990479,0.8833785653114319,0.8510059118270874,0.7702896595001221,0.8636194467544556,0.8778178691864014,0.8780349493026733,0.8871357440948486,0.9037166833877563,0.908290445804596,0.9091743230819702,0.9183310270309448,0.9257757663726807,0.9460844993591309,0.9488619565963745,0.9484432935714722,0.9489626288414001,0.9404429197311401,0.9658985733985901,0.9780819416046143,0.9785361886024475,0.9674115180969238,0.9607288241386414,0.9504270553588867,0.9502877593040466,0.9661386013031006,0.9682247638702393,0.9805297255516052,0.9917633533477783,0.993293821811676,0.9885835647583008,0.979638934135437,0.9767324924468994,0.9647753834724426,0.9674856066703796,0.9505969285964966,0.9510176777839661,0.93301922082901,0.904556155204773
55,0.896936297416687,0.9088637828826904,0.9324463605880737,0.9482852816581726,0.950162410736084,0.961271345615387,0.9658598899841309,0.9694864153862,0.9657216668128967,0.9812234044075012,0.9928680062294006,1.0,0.9920909404754639,0.9754195809364319,0.9707077145576477,0.9566476345062256,0.9623066782951355,0.9643992781639099,0.9667845368385315,0.9766517877578735,0.9746236801147461,0.9582958221435547,0.9342647194862366,0.9364936351776123,0.9456894993782043,0.950281023979187,0.9422450661659241,0.9146011471748352,0.9079532623291016,0.8979247212409973,0.8995213508605957,0.8879142999649048,0.8594624996185303,0.8643568754196167,0.8671997785568237,0.8370770215988159,0.7610766291618347,0.8497042655944824,0.8614686131477356,0.8574575185775757,0.8662040829658508,0.8843156695365906,0.8905644416809082,0.8927182555198669,0.9014390707015991,0.9110298156738281,0.9316814541816711,0.938597559928894,0.9364527463912964,0.9368240833282471,0.9242409467697144,0.9547602534294128,0.9712913036346436,0.9768752455711365,0.9723179340362549,0.96688312292099,0.9553177356719971,0.9561921954154968,0.9740037322044373,0.9793215990066528,0.9896806478500366,0.9947656989097595,0.9837986826896667,0.9744046926498413,0.9644440412521362,0.9651303887367249,0.9545447826385498,0.9544394016265869,0.9408990144729614,0.9432116746902466,0.9249050617218018,0.8958408832550049
60,0.8869499564170837,0.903592586517334,0.9265422821044922,0.9391928315162659,0.9392481446266174,0.9534803628921509,0.9530914425849915,0.9586194753646851,0.9546047449111938,0.9695324897766113,0.9818950295448303,0.9920909404754639,1.000000238418579,0.9909218549728394,0.9870566725730896,0.9718865752220154,0.9776483774185181,0.9769008159637451,0.9785493612289429,0.9802908897399902,0.9698822498321533,0.9460509419441223,0.9165430068969727,0.9183481931686401,0.9296150803565979,0.9343176484107971,0.9243490099906921,0.8928524851799011,0.8842284679412842,0.8750192523002625,0.8803538084030151,0.8692432045936584,0.8378903269767761,0.8441452980041504,0.8484121561050415,0.8220163583755493,0.751102864742279,0.8337228894233704,0.8424590826034546,0.835560142993927,0.8447178602218628,0.8652169704437256,0.8700664043426514,0.8687729239463806,0.8769148588180542,0.8877843618392944,0.9113133549690247,0.919010579586029,0.9193486571311951,0.9189966917037964,0.9057393074035645,0.9411051869392395,0.9640340805053711,0.976058840751648,0.9820420145988464,0.9791492223739624,0.9719864130020142,0.9718031883239746,0.9861272573471069,0.9919500350952148,0.9949097633361816,0.9902608394622803,0.9734886288642883,0.9634988307952881,0.9547751545906067,0.950819730758667,0.9370872378349304,0.9404314160346985,0.9320895075798035,0.9367386698722839,0.9189969897270203,0.8894534111022949
65,0.8752802610397339,0.8907266855239868,0.9078927636146545,0.9181994199752808,0.9129621982574463,0.9364772439002991,0.9304991364479065,0.9390687942504883,0.9340430498123169,0.9504446387290955,0.9635834693908691,0.9754195809364319,0.9909218549728394,0.9999999403953552,0.997390866279602,0.9841828346252441,0.9857010245323181,0.9850993156433105,0.9851975440979004,0.9758070707321167,0.9594230055809021,0.9311899542808533,0.8981887102127075,0.8997933268547058,0.9131016135215759,0.9215999841690063,0.9126035571098328,0.8757988214492798,0.8674389123916626,0.8611124157905579,0.8689520359039307,0.8603373765945435,0.8288449645042419,0.8354133367538452,0.8393592238426208,0.8132198452949524,0.7416348457336426,0.8254855871200562,0.833427369594574,0.8262872695922852,0.8357453346252441,0.8575541973114014,0.8598674535751343,0.8556733727455139,0.8607527017593384,0.8711873888969421,0.8968839049339294,0.9022022485733032,0.9052876830101013,0.9039698839187622,0.8909825086593628,0.9284393191337585,0.9514719247817993,0.9642454385757446,0.9844491481781006,0.9877596497535706,0.9841995239257812,0.9824138879776001,0.9938177466392517,0.9959747195243835,0.9851993322372437,0.9762187004089355,0.9585555195808411,0.9505270719528198,0.9402068257331848,0.9245942234992981,0.905951738357544,0.9155040383338928,0.9063681960105896,0.9178986549377441,0.9000294208526611,0.8738775849342346
70,0.8790943622589111,0.8901873230934143,0.9061564207077026,0.9172080159187317,0.9112489223480225,0.9350364208221436,0.9267757534980774,0.9353524446487427,0.9335756301879883,0.9486415386199951,0.9617496132850647,0.9707077145576477,0.9870566725730896,0.997390866279602,1.0000001192092896,0.9903716444969177,0.9912282228469849,0.9894458055496216,0.9886482357978821,0.9787026047706604,0.9624935984611511,0.935172438621521,0.9033475518226624,0.9043526649475098,0.9177558422088623,0.9248655438423157,0.9158685207366943,0.8795410394668579,0.8716174364089966,0.8657816052436829,0.8729409575462341,0.864729642868042,0.8335990905761719,0.8408209681510925,0.8428546190261841,0.8152719140052795,0.7416135668754578,0.8278868794441223,0.8365907073020935,0.8308671712875366,0.8404660224914551,0.8627271056175232,0.8647977709770203,0.8602364659309387,0.8645584583282471,0.8738815784454346,0.9001550078392029,0.9045724272727966,0.9099496603012085,0.9097059369087219,0.8975390195846558,0.9327045679092407,0.9546804428100586,0.9678228497505188,0.987524688243866,0.9902292490005493,0.9875056743621826,0.9864635467529297,0.9942570328712463,0.9934484362602234,0.9810110926628113,0.9724806547164917,0.9572480916976929,0.9499905109405518,0.9391655325889587,0.9215360879898071,0.9011691212654114,0.9135560393333435,0.9054605960845947,0.9157603979110718,0.8982394337654114,0.8740054965019226
75,0.8710049390792847,0.8815609216690063,0.8975690007209778,0.9125422239303589,0.909530520439148,0.9349282383918762,0.9201661348342896,0.9298827052116394,0.9234792590141296,0.9383719563484192,0.9512556195259094,0.9566476345062256,0.9718865752220154,0.9841828346252441,0.9903716444969177,1.0,0.9956690669059753,0.993524968624115,0.9906917810440063,0.9759165644645691,0.9597780108451843,0.9284235239028931,0.8961753845214844,0.8998410105705261,0.9137704372406006,0.9191601872444153,0.9100025296211243,0.8737949728965759,0.8687218427658081,0.8645684719085693,0.8741453886032104,0.8631107807159424,0.8309924602508545,0.8395058512687683,0.8421984910964966,0.820100724697113,0.7527689337730408,0.8337172269821167,0.8392517566680908,0.8291792273521423,0.8385633230209351,0.862824022769928,0.867628276348114,0.8598212003707886,0.8622645735740662,0.8668496608734131,0.8937143683433533,0.8940931558609009,0.9036650657653809,0.9078187942504883,0.8919221758842468,0.9261587262153625,0.9506528973579407,0.9635233879089355,0.9859559535980225,0.9887009263038635,0.9914384484291077,0.9937713146209717,0.987494707107544,0.981749415397644,0.9676489233970642,0.9602392911911011,0.9516522884368896,0.9446218013763428,0.9290841817855835,0.9154965877532959,0.8930774331092834,0.9112473130226135,0.9050136804580688,0.9121978878974915,0.8953588604927063,0.8677912950515747
80,0.8710554242134094,0.8854917883872986,0.9044908285140991,0.9197526574134827,0.9197444915771484,0.9410012364387512,0.9287283420562744,0.9348483085632324,0.9280868768692017,0.943328857421875,0.9561479687690735,0.9623066782951355,0.9776483774185181,0.9857010245323181,0.9912282228469849,0.9956690669059753,0.9999998807907104,0.9978432059288025,0.9945436120033264,0.9831520915031433,0.9665841460227966,0.9351567029953003,0.9015600085258484,0.9047718048095703,0.918408215045929,0.9218237400054932,0.9109839797019958,0.8755566477775574,0.8702438473701477,0.8663202524185181,0.8771618008613586,0.8644446730613708,0.8311377167701721,0.8397179841995239,0.8436504006385803,0.822446346282959,0.7560861110687256,0.8358027338981628,0.8404660224914551,0.8285034894943237,0.8383697271347046,0.8626446723937988,0.8689706921577454,0.8616220355033875,0.8643708825111389,0.8689595460891724,0.8957803249359131,0.8982356786727905,0.9053037762641907,0.9086740016937256,0.8929572105407715,0.9297363758087158,0.9554686546325684,0.9704834222793579,0.9891009330749512,0.9910081624984741,0.9903652667999268,0.9913380742073059,0.9879122972488403,0.9830425381660461,0.9730895757675171,0.9643589854240417,0.9535109400749207,0.9458567500114441,0.9324973821640015,0.9237391352653503,0.9045922160148621,0.919887900352478,0.9158641695976257,0.9197304844856262,0.9036489129066467,0.8725371360778809
85,0.868811845779419,0.8833358883857727,0.9015617966651917,0.917694628238678,0.9191763997077942,0.9420521855354309,0.9302107095718384,0.9368332028388977,0.9284107685089111,0.9454861879348755,0.9581001996994019,0.9643992781639099,0.9769008159637451,0.9850993156433105,0.9894458055496216,0.993524968624115,0.9978432059288025,0.9999999403953552,0.9966809749603271,0.9840577840805054,0.9682255983352661,0.9377751350402832,0.9048001766204834,0.9082590937614441,0.9219715595245361,0.9259247779846191,0.9154180288314819,0.8796334266662598,0.8746627569198608,0.8706223964691162,0.8815136551856995,0.8692739009857178,0.8361855745315552,0.8439894318580627,0.8486929535865784,0.8271623849868774,0.7595038414001465,0.8403638601303101,0.8457452654838562,0.8332563638687134,0.8436542749404907,0.8679936528205872,0.8731515407562256,0.8657951354980469,0.8687865138053894,0.8731794357299805,0.9006109237670898,0.9027059078216553,0.9087787866592407,0.9121817350387573,0.8958384990692139,0.9327779412269592,0.9569436311721802,0.971107006072998,0.9905720949172974,0.9935351014137268,0.9910413026809692,0.9903507232666016,0.9884770512580872,0.9830929040908813,0.9727247357368469,0.9657356142997742,0.9560993313789368,0.948514997959137,0.9355185031890869,0.925297200679779,0.9065765142440796,0.9215682744979858,0.9145216345787048,0.9188222289085388,0.9008511304855347,0.8696609139442444
90,0.8721412420272827,0.8865782618522644,0.9032654762268066,0.917574405670166,0.9189934134483337,0.940467894077301,0.9294291734695435,0.9382874965667725,0.9301496744155884,0.946431040763855,0.9597038626670837,0.9667845368385315,0.9785493612289429,0.9851975440979004,0.9886482357978821,0.9906917810440063,0.9945436120033264,0.9966809749603271,1.000000238418579,0.9896154403686523,0.9727930426597595,0.9419305920600891,0.9092148542404175,0.9126561284065247,0.9263131618499756,0.9294624328613281,0.9199895262718201,0.8861016631126404,0.8810999989509583,0.8769607543945312,0.8868627548217773,0.8751824498176575,0.8431038856506348,0.8503435850143433,0.8563061952590942,0.8346436619758606,0.7673789262771606,0.8481252193450928,0.8532551527023315,0.8401491641998291,0.8496451377868652,0.8726374506950378,0.8783950805664062,0.8733699321746826,0.876211404800415,0.8806154727935791,0.9056608080863953,0.9079785346984863,0.9138820171356201,0.9175321459770203,0.9008386135101318,0.9378388524055481,0.9609130024909973,0.9754279851913452,0.9938378930091858,0.9928784966468811,0.9894211292266846,0.9879165291786194,0.9883551001548767,0.9841800928115845,0.9748939275741577,0.9680353999137878,0.9564441442489624,0.9489877820014954,0.9350897669792175,0.9261390566825867,0.9083744883537292,0.9216806888580322,0.9141008257865906,0.918393611907959,0.9026740193367004,0.8727202415466309
95,0.8939366936683655,0.902868926525116,0.9224936366081238,0.9374933242797852,0.940578818321228,0.9542478322982788,0.9488457441329956,0.9540136456489563,0.9474356174468994,0.961438000202179,0.9737648367881775,0.9766517877578735,0.9802908897399902,0.9758070707321167,0.9787026047706604,0.9759165644645691,0.9831520915031433,0.9840577840805054,0.9896154403686523,1.0000001192092896,0.9920845031738281,0.9670658111572266,0.9356344938278198,0.9372025728225708,0.9488475918769836,0.9510730504989624,0.9419040083885193,0.9138919115066528,0.909507691860199,0.901637613773346,0.9069849848747253,0.8936395645141602,0.8634122610092163,0.8677581548690796,0.8737985491752625,0.8495060801506042,0.7783759236335754,0.8624909520149231,0.8698545098304749,0.8597776889801025,0.8699192404747009,0.8909263014793396,0.8983650207519531,0.8976876735687256,0.9045191407203674,0.9097138047218323,0.9306678771972656,0.9338853359222412,0.937293529510498,0.9390634894371033,0.9242753982543945,0.9589439034461975,0.9808124899864197,0.9912442564964294,0.9883125424385071,0.9808560013771057,0.9717754125595093,0.9732465147972107,0.9804415106773376,0.9778800010681152,0.9789687991142273,0.9763418436050415,0.9672068357467651,0.959578812122345,0.9449331164360046,0.9477295279502869,0.9363416433334351,0.9456006288528442,0.9370973110198975,0.9376901984214783,0.9216638207435608,0.8910327553749084
100,0.910557746887207,0.9092220067977905,0.926629900932312,0.9439318180084229,0.946250319480896,0.9581992626190186,0.9556020498275757,0.9612227082252502,0.9594272971153259,0.9686572551727295,0.9783422350883484,0.9746236801147461,0.9698822498321533,0.9594230055809021,0.9624935984611511,0.9597780108451843,0.9665841460227966,0.9682255983352661,0.9727930426597595,0.9920845031738281,1.000000238418579,0.9868800640106201,0.9631554484367371,0.9632328748703003,0.9714379906654358,0.9726282358169556,0.9654794335365295,0.9432182312011719,0.938818097114563,0.9286977648735046,0.9284974932670593,0.9166522026062012,0.8905686140060425,0.8918890357017517,0.8933405876159668,0.863254189491272,0.7848346829414368,0.8772304058074951,0.8886480331420898,0.8859316110610962,0.8962830305099487,0.9151728749275208,0.9217854142189026,0.9242663979530334,0.9334627985954285,0.9386501908302307,0.9560313820838928,0.9591375589370728,0.961571455001831,0.9636071920394897,0.952634334564209,0.9794450402259827,0.9935687184333801,0.9932239055633545,0.9759241938591003,0.9670962691307068,0.9538666605949402,0.9574739336967468,0.9673252105712891,0.9641897082328796,0.9705874919891357,0.9736471772193909,0.969592809677124,0.9646701812744141,0.9517488479614258,0.956607460975647,0.94784015417099,0.9553718566894531,0.9411734938621521,0.9410532712936401,0.9243989586830139,0.8981926441192627
105,0.915546178817749,0.9014489650726318,0.9145998954772949,0.9293571710586548,0.926063060760498,0.9341214895248413,0.9392660856246948,0.9464938044548035,0.9577840566635132,0.9594433903694153,0.9666940569877625,0.9582958221435547,0.9460509419441223,0.9311899542808533,0.935172438621521,0.9284235239028931,0.9351567029953003,0.9377751350402832,0.9419305920600891,0.9670658111572266,0.9868800640106201,1.0,0.9889042973518372,0.9855440855026245,0.9877870082855225,0.9868565797805786,0.9799463748931885,0.9684402942657471,0.9617853164672852,0.9479590058326721,0.9373064637184143,0.9298579096794128,0.9108250141143799,0.9108477830886841,0.8999254107475281,0.8589317202568054,0.773423969745636,0.8732069730758667,0.8931734561920166,0.9068313837051392,0.9165694713592529,0.9304251670837402,0.9347181916236877,0.9427087903022766,0.9540948271751404,0.9616659879684448,0.9740235209465027,0.9806261658668518,0.9807461500167847,0.9819204807281494,0.9776973128318787,0.9918113946914673,0.9881278872489929,0.9782596826553345,0.9495669007301331,0.9412361979484558,0.9210689067840576,0.9251400232315063,0.9394754767417908,0.9362787008285522,0.9454206824302673,0.9539515972137451,0.9519726037979126,0.950016438961029,0.9409867525100708,0.9421257972717285,0.9352028965950012,0.9380013346672058,0.9183495044708252,0.920608401298523,0.9036591053009033,0.8901252150535583
110,0.9060986042022705,0.88141268491745,0.8908953666687012,0.9057941436767578,0.8985545635223389,0.907131552696228,0.9144636988639832,0.9200724363327026,0.9402472376823425,0.9374567866325378,0.9448983669281006,0.9342647194862366,0.9165430068969727,0.8981887102127075,0.9033475518226624,0.8961753845214844,0.9015600085258484,0.9048001766204834,0.9092148542404175,0.9356344938278198,0.9631554484367371,0.9889042973518372,1.0,0.9955786466598511,0.993230938911438,0.9835464954376221,0.9782263040542603,0.9758526086807251,0.9695199131965637,0.9529606699943542,0.9362668991088867,0.9308499097824097,0.9170912504196167,0.9155778288841248,0.8991811871528625,0.8544111251831055,0.7677593231201172,0.8671592473983765,0.8924990892410278,0.9138333201408386,0.922566831111908,0.9320551156997681,0.9353811144828796,0.9476189017295837,0.9598709940910339,0.9676612615585327,0.9764030575752258,0.9847427010536194,0.9875534772872925,0.9892024397850037,0.987740695476532,0.9848636388778687,0.9691911339759827,0.9519703388214111,0.9196681976318359,0.9108277559280396,0.887717604637146,0.8926535248756409,0.9087501168251038,0.9063023924827576,0.9171410202980042,0.9290861487388611,0.9260106682777405,0.9246216416358948,0.9199438691139221,0.9191415309906006,0.9117617011070251,0.9121142625808716,0.8894253969192505,0.8935245275497437,0.8770645260810852,0.8702516555786133
115,0.9005756974220276,0.8783484697341919,0.8871555328369141,0.9036954641342163,0.899997353553772,0.911323606967926,0.9175978899002075,0.9238982200622559,0.938891589641571,0.9373777508735657,0.9457128643989563,0.9364936351776123,0.9183481931686401,0.8997933268547058,0.9043526649475098,0.8998410105705261,0.9047718048095703,0.9082590937614441,0.9126561284065247,0.9372025728225708,0.9632328748703003,0.9855440855026245,0.9955786466598511,0.9999999403953552,0.9964824318885803,0.9836840629577637,0.976340115070343,0.9751389026641846,0.9707314372062683,0.9526483416557312,0.9373875856399536,0.9310067296028137,0.9177970290184021,0.9169901609420776,0.9046099185943604,0.8677966594696045,0.789435088634491,0.8796393871307373,0.9004009962081909,0.9148630499839783,0.9229699373245239,0.9324567914009094,0.9381284713745117,0.9492497444152832,0.9613484144210815,0.9654790759086609,0.9748479127883911,0.9829527735710144,0.9868468046188354,0.9900680780410767,0.9828221797943115,0.9815653562545776,0.9690032005310059,0.9513577222824097,0.9218616485595703,0.9127241373062134,0.8911714553833008,0.8954023122787476,0.9101990461349487,0.9086439609527588,0.9195059537887573,0.9312199354171753,0.9296098947525024,0.9272131323814392,0.9225826263427734,0.9214714765548706,0.912456214427948,0.9132846593856812,0.8903123140335083,0.8934072852134705,0.8765983581542969,0.867493212223053
120,0.9097781777381897,0.8907539248466492,0.8993045687675476,0.9153416752815247,0.9122899174690247,0.9246159791946411,0.928571343421936,0.9329352974891663,0.9451058506965637,0.9462606906890869,0.9550140500068665,0.9456894993782043,0.9296150803565979,0.9131016135215759,0.9177558422088623,0.9137704372406006,0.918408215045929,0.9219715595245361,0.9263131618499756,0.9488475918769836,0.9714379906654358,0.9877870082855225,0.993230938911438,0.9964824318885803,0.9999998211860657,0.9905713796615601,0.9840889573097229,0.9776504635810852,0.9739498496055603,0.9585980772972107,0.9464037418365479,0.9393154978752136,0.9228404760360718,0.9216840863227844,0.9109387397766113,0.8726465106010437,0.7908161282539368,0.8859073519706726,0.9062674045562744,0.9187604784965515,0.9276384115219116,0.9400438070297241,0.9447368383407593,0.9539039731025696,0.9652293920516968,0.9700245261192322,0.9812583327293396,0.9872992038726807,0.9901244044303894,0.9909262657165527,0.9823240041732788,0.9848045110702515,0.976304829120636,0.9614922404289246,0.9354887008666992,0.9272799491882324,0.9079792499542236,0.9116489887237549,0.9248433113098145,0.9220772385597229,0.9317241311073303,0.9430310726165771,0.9418119192123413,0.9383623600006104,0.9322034120559692,0.9307015538215637,0.9223301410675049,0.925707221031189,0.9035543203353882,0.9075363874435425,0.8905185461044312,0.8809001445770264
125,0.9193665385246277,0.8986002802848816,0.9056440591812134,0.9211427569389343,0.9161244034767151,0.9310824275016785,0.9379382729530334,0.9414677023887634,0.9523789286613464,0.9551055431365967,0.9605396389961243,0.950281023979187,0.9343176484107971,0.9215999841690063,0.9248655438423157,0.9191601872444153,0.9218237400054932,0.9259247779846191,0.9294624328613281,0.9510730504989624,0.9726282358169556,0.9868565797805786,0.9835464954376221,0.9836840629577637,0.9905713796615601,0.9999997615814209,0.9958518743515015,0.9859120845794678,0.9802699089050293,0.9682289361953735,0.9561257362365723,0.9514210224151611,0.9347389936447144,0.9332306385040283,0.9219962358474731,0.8803608417510986,0.7899156212806702,0.8948671221733093,0.9164235591888428,0.9311321973800659,0.9396283626556396,0.9536371231079102,0.9565383791923523,0.9643287658691406,0.9738298058509827,0.9792317748069763,0.9912144541740417,0.9926695823669434,0.9911666512489319,0.9869430065155029,0.9796093702316284,0.9873818755149841,0.9788072109222412,0.9636253118515015,0.9385812282562256,0.9323898553848267,0.914085865020752,0.9162468314170837,0.9327235817909241,0.9287983179092407,0.9344513416290283,0.947526752948761,0.950877845287323,0.9505447149276733,0.9433826804161072,0.9383532404899597,0.9288464784622192,0.9326274991035461,0.9085209965705872,0.9139223694801331,0.8953522443771362,0.8862535357475281
130,0.9291661977767944,0.9067845344543457,0.9089668393135071,0.9205335378646851,0.9113336801528931,0.9260437488555908,0.9312407374382019,0.9357417225837708,0.9497588276863098,0.9520047903060913,0.955511212348938,0.9422450661659241,0.9243490099906921,0.9126035571098328,0.9158685207366943,0.9100025296211243,0.9109839797019958,0.9154180288314819,0.9199895262718201,0.9419040083885193,0.9654794335365295,0.9799463748931885,0.9782263040542603,0.976340115070343,0.9840889573097229,0.9958518743515015,1.000000238418579,0.9903807640075684,0.9858015179634094,0.9781465530395508,0.9660513401031494,0.962694525718689,0.9480901956558228,0.9456037878990173,0.9304500222206116,0.881462574005127,0.7836887240409851,0.8983325958251953,0.9232243895530701,0.942875862121582,0.9506949782371521,0.963484525680542,0.964809775352478,0.9725804924964905,0.9806557893753052,0.9861794710159302,0.9946603178977966,0.9917653799057007,0.9899129867553711,0.985221266746521,0.9812527298927307,0.9849591851234436,0.9735156297683716,0.955656886100769,0.9293718338012695,0.923846960067749,0.9060295820236206,0.9079902172088623,0.9249927401542664,0.9196135997772217,0.9251613616943359,0.9411281943321228,0.9466083645820618,0.9479168057441711,0.9402264356613159,0.9329211115837097,0.9254434108734131,0.9305321574211121,0.9041697978973389,0.9130659699440002,0.8986383676528931,0.8940783143043518
135,0.9199813604354858,0.8868343234062195,0.887528657913208,0.899215817451477,0.8878819346427917,0.898409903049469,0.9083591103553772,0.9126875400543213,0.9322539567947388,0.9280329942703247,0.9299765825271606,0.9146011471748352,0.8928524851799011,0.8757988214492798,0.8795410394668579,0.8737949728965759,0.8755566477775574,0.8796334266662598,0.8861016631126404,0.9138919115066528,0.9432182312011719,0.9684402942657471,0.9758526086807251,0.9751389026641846,0.9776504635810852,0.9859120845794678,0.9903807640075684,0.9999998211860657,0.9961403012275696,0.9851387143135071,0.9662843346595764,0.9635183215141296,0.9558323621749878,0.9518371820449829,0.9334707260131836,0.8866938948631287,0.7947790026664734,0.9010244011878967,0.9279793500900269,0.9520660638809204,0.9593753814697266,0.9660402536392212,0.9683602452278137,0.9813512563705444,0.990557074546814,0.9932677149772644,0.9933138489723206,0.989327609539032,0.9888916611671448,0.9823692440986633,0.9811056852340698,0.9756960868835449,0.9551044702529907,0.9326485991477966,0.8973664045333862,0.8893091678619385,0.8676141500473022,0.8709875345230103,0.8880631923675537,0.8839602470397949,0.8925503492355347,0.9106796979904175,0.9163191914558411,0.9203846454620361,0.9152377843856812,0.9127879738807678,0.9072487354278564,0.9084585309028625,0.8812010288238525,0.8876416087150574,0.8735636472702026,0.8748993873596191
140,0.915237307548523,0.8817437887191772,0.8794886469841003,0.8914159536361694,0.8826488852500916,0.8945754170417786,0.9030658006668091,0.9071781635284424,0.9248539805412292,0.9212719798088074,0.9249739050865173,0.9079532623291016,0.8842284679412842,0.8674389123916626,0.8716174364089966,0.8687218427658081,0.8702438473701477,0.8746627569198608,0.8810999989509583,0.909507691860199,0.938818097114563,0.9617853164672852,0.9695199131965637,0.9707314372062683,0.9739498496055603,0.9802699089050293,0.9858015179634094,0.9961403012275696,0.9999998807907104,0.9904124736785889,0.9729751348495483,0.9695677757263184,0.9624621272087097,0.9588732719421387,0.9435988068580627,0.8989498615264893,0.8086259365081787,0.9129492044448853,0.9385288953781128,0.9594453573226929,0.9649521708488464,0.9714066982269287,0.9750325679779053,0.9876567125320435,0.9945623278617859,0.9916371703147888,0.9905489087104797,0.9833170175552368,0.9838173985481262,0.9780820608139038,0.9756913185119629,0.970398485660553,0.9501269459724426,0.9271318316459656,0.8915389180183411,0.883276104927063,0.8630985617637634,0.8670054078102112,0.8817465901374817,0.8765283823013306,0.886188268661499,0.9057670831680298,0.9127049446105957,0.916680634021759,0.9087738990783691,0.9076234102249146,0.9021762013435364,0.9054607152938843,0.8767783641815186,0.8826671242713928,0.8696981072425842,0.8724952936172485
