,0,5,10,15,20,25,30,35,40,45,50,55,60,65,70,75,80,85,90,95,100,105,110,115,120,125,130,135,140,145,150,155,160,165,170,175,180,185,190,195,200,205,210,215,220,225,230,235,240,245,250,255,260,265,270,275,280,285,290,295,300,305,310,315,320,325,330,335,340,345,350,355
0,1.0000001192092896,0.8724437952041626,0.7632943391799927,0.6707465648651123,0.6172321438789368,0.5577701926231384,0.5570693016052246,0.542471170425415,0.5324492454528809,0.5113072991371155,0.5002264976501465,0.5031569600105286,0.49287915229797363,0.4756213426589966,0.4695289731025696,0.4601595103740692,0.4421635568141937,0.45692774653434753,0.4683194160461426,0.47743797302246094,0.46260762214660645,0.4361215829849243,0.45243269205093384,0.4477323889732361,0.44932422041893005,0.4449247717857361,0.45651620626449585,0.48659855127334595,0.5067699551582336,0.5213196277618408,0.5481550693511963,0.5490697026252747,0.5064213871955872,0.47096481919288635,0.4485898017883301,0.4719408452510834,0.4664253294467926,0.42956721782684326,0.4263511896133423,0.46249479055404663,0.5029828548431396,0.5340498089790344,0.5438314080238342,0.5090034008026123,0.5028597116470337,0.49269986152648926,0.46160241961479187,0.4510344862937927,0.438466876745224,0.443556547164917,0.43528392910957336,0.44521522521972656,0.46399015188217163,0.45454204082489014,0.45504552125930786,0.4352891445159912,0.4472349286079407,0.45028573274612427,0.4526419937610626,0.46745771169662476,0.4711074233055115,0.49004197120666504,0.5037828683853149,0.503987729549408,0.5206944942474365,0.5346778631210327,0.5573375821113586,0.5388891696929932,0.5942879319190979,0.6387758851051331,0.7784602642059326,0.8685968518257141
5,0.8724437952041626,1.000000238418579,0.9020624160766602,0.8314964771270752,0.7970422506332397,0.7371652126312256,0.7160769701004028,0.6924857497215271,0.684607207775116,0.6533920764923096,0.6349470615386963,0.6154819130897522,0.6004733443260193,0.5857198238372803,0.5791277885437012,0.5569363832473755,0.5506443381309509,0.5565699934959412,0.5548946857452393,0.5550876259803772,0.5559356212615967,0.5470798015594482,0.5579820871353149,0.55613112449646,0.5617061257362366,0.5610228180885315,0.5648685097694397,0.587946891784668,0.5921528935432434,0.6148832440376282,0.6227245926856995,0.6153644919395447,0.5561975240707397,0.5164900422096252,0.47738316655158997,0.4805378317832947,0.4476049840450287,0.44291383028030396,0.4593290090560913,0.5013472437858582,0.5418514013290405,0.6015166640281677,0.6056226491928101,0.6096625328063965,0.5924493074417114,0.5919500589370728,0.5669081211090088,0.5645333528518677,0.5554695725440979,0.5510504245758057,0.5454087257385254,0.5496087074279785,0.5535465478897095,0.5501799583435059,0.54316246509552,0.5377225279808044,0.5535048842430115,0.5567587018013,0.5700904130935669,0.583152174949646,0.5967391729354858,0.6207981109619141,0.6392099261283875,0.6556236743927002,0.6820381879806519,0.6950665712356567,0.7249851822853088,0.7257499098777771,0.7713324427604675,0.7927054166793823,0.915107250213623,0.9876565933227539
10,0.7632943391799927,0.9020624160766602,0.9999997615814209,0.9448540210723877,0.9090539216995239,0.8282232284545898,0.811782956123352,0.7788373827934265,0.7242664694786072,0.7005473971366882,0.6936239004135132,0.6512166261672974,0.635562002658844,0.6071837544441223,0.6097357273101807,0.5777899026870728,0.5572190284729004,0.5717505216598511,0.5829225182533264,0.5949432253837585,0.5852949619293213,0.5643864870071411,0.5805948972702026,0.5931223630905151,0.58954256772995,0.5802211761474609,0.5783023834228516,0.6132240891456604,0.6246979832649231,0.653018593788147,0.6547006368637085,0.6655986905097961,0.6325253844261169,0.5940774083137512,0.5634137392044067,0.5580304861068726,0.5118803977966309,0.519402027130127,0.5519329309463501,0.5774138569831848,0.6179362535476685,0.6496019959449768,0.6329421997070312,0.640344500541687,0.6243290901184082,0.6099444031715393,0.5857062339782715,0.5941310524940491,0.588519811630249,0.5918096303939819,0.5739005208015442,0.5869179964065552,0.5969901084899902,0.5849852561950684,0.5683209896087646,0.5497368574142456,0.5548504590988159,0.5748928785324097,0.5858264565467834,0.6007932424545288,0.6258567571640015,0.6459839344024658,0.6899170875549316,0.7037250399589539,0.7494059205055237,0.7697281837463379,0.8165609836578369,0.8106101751327515,0.8827717304229736,0.9119213819503784,0.9798726439476013,0.8948362469673157
15,0.6707465648651123,0.8314964771270752,0.9448540210723877,0.9999998807907104,0.9660171270370483,0.9082815647125244,0.8759602904319763,0.8608248233795166,0.7936930656433105,0.7723496556282043,0.7619930505752563,0.7188177704811096,0.7017808556556702,0.6723877191543579,0.6688454151153564,0.6324126124382019,0.61274653673172,0.624045729637146,0.6270003318786621,0.6381803154945374,0.6318668127059937,0.6181920766830444,0.6353108882904053,0.6486688852310181,0.6476403474807739,0.636658787727356,0.6371991038322449,0.658846378326416,0.6628267168998718,0.6863868236541748,0.6774479746818542,0.6711413264274597,0.627849817276001,0.5845938324928284,0.5519666075706482,0.5408287644386292,0.5034580230712891,0.5061740279197693,0.5356754660606384,0.5657631158828735,0.6124531626701355,0.6523975729942322,0.6492980718612671,0.6633275151252747,0.6576789021492004,0.6474597454071045,0.6368306875228882,0.6499879956245422,0.6521528959274292,0.6488641500473022,0.6246926784515381,0.638466477394104,0.6428148150444031,0.6368550658226013,0.618920087814331,0.6058260202407837,0.6119692325592041,0.6303988099098206,0.6500095725059509,0.6696155667304993,0.6949234008789062,0.7147312164306641,0.7600573897361755,0.7741779685020447,0.8170039653778076,0.8459569215774536,0.8799375891685486,0.8894163370132446,0.950268566608429,0.9725912809371948,0.9391624331474304,0.8341633081436157
20,0.6172321438789368,0.7970422506332397,0.9090539216995239,0.9660171270370483,1.0000001192092896,0.9515886902809143,0.9202081561088562,0.903735339641571,0.8494466543197632,0.8249268531799316,0.8139247894287109,0.7689296007156372,0.7474072575569153,0.7165666818618774,0.7158685922622681,0.6719169020652771,0.6616638898849487,0.6732231378555298,0.6695170998573303,0.6700888872146606,0.6695449352264404,0.6637645959854126,0.6737090349197388,0.6907029151916504,0.6911119222640991,0.6857001185417175,0.6834934949874878,0.7022742033004761,0.7006317377090454,0.7240908145904541,0.7148702144622803,0.7002156972885132,0.6478549838066101,0.6041823625564575,0.555052638053894,0.5389404296875,0.4989466369152069,0.5040058493614197,0.5409820079803467,0.583024263381958,0.6314135789871216,0.6833223700523376,0.6825574636459351,0.7011796236038208,0.6981155872344971,0.6917046308517456,0.6839108467102051,0.6982408165931702,0.6984835863113403,0.6900727152824402,0.664624035358429,0.6791082620620728,0.6805731654167175,0.6742914915084839,0.6607786417007446,0.6534202098846436,0.659476637840271,0.6772128343582153,0.6986695528030396,0.7185229659080505,0.7456437349319458,0.7694272398948669,0.808504581451416,0.8244041800498962,0.8659921288490295,0.886279821395874,0.9174411296844482,0.9316051006317139,0.9735073447227478,0.9498255252838135,0.9090901613235474,0.8045236468315125
25,0.5577701926231384,0.7371652126312256,0.8282232284545898,0.9082815647125244,0.9515886902809143,1.0,0.9758256077766418,0.9649475812911987,0.9194765090942383,0.9070281386375427,0.8847797513008118,0.848202645778656,0.8209185600280762,0.7944235801696777,0.7897607684135437,0.7503853440284729,0.7434764504432678,0.7491822242736816,0.7367066144943237,0.7288919687271118,0.7346524596214294,0.73518967628479,0.7390917539596558,0.7527101635932922,0.7588891983032227,0.7572845220565796,0.7540125846862793,0.7542892694473267,0.7379740476608276,0.753682017326355,0.7292801141738892,0.6658076047897339,0.5926826000213623,0.5376235842704773,0.47485774755477905,0.45348572731018066,0.4196421205997467,0.4155062437057495,0.4531380534172058,0.5146207809448242,0.5784813165664673,0.6540367007255554,0.6978929042816162,0.7257238626480103,0.7341120839118958,0.7389163970947266,0.7464691400527954,0.7633597254753113,0.7649270296096802,0.752953052520752,0.7270991802215576,0.739856481552124,0.7368041276931763,0.7422019243240356,0.7331206798553467,0.7295317053794861,0.7382848262786865,0.7492688894271851,0.7789050936698914,0.7969272136688232,0.8246647119522095,0.851655125617981,0.890862226486206,0.905802845954895,0.9338861703872681,0.9541239738464355,0.9645006656646729,0.9774034023284912,0.947484016418457,0.8933421969413757,0.830597996711731,0.7437041997909546
30,0.5570693016052246,0.7160769701004028,0.811782956123352,0.8759602904319763,0.9202081561088562,0.9758256077766418,1.0,0.9752428531646729,0.9347445368766785,0.9265312552452087,0.9053456783294678,0.8676246404647827,0.8364930152893066,0.8039768934249878,0.8042038679122925,0.7749423384666443,0.7646644711494446,0.7735469937324524,0.7675231695175171,0.7616778612136841,0.7599934339523315,0.7500736713409424,0.7581512331962585,0.7660907506942749,0.7696874737739563,0.7658055424690247,0.7670656442642212,0.769585371017456,0.7541323304176331,0.7657721042633057,0.7383983731269836,0.6654871106147766,0.5885586738586426,0.529931902885437,0.4667762517929077,0.44438788294792175,0.4083234965801239,0.40461409091949463,0.442923367023468,0.5047336220741272,0.5772906541824341,0.6543360948562622,0.7075443863868713,0.7354848384857178,0.7460261583328247,0.7523540258407593,0.7578268051147461,0.7713973522186279,0.773315966129303,0.7687054872512817,0.7448242902755737,0.7609412670135498,0.7638791799545288,0.765470027923584,0.7630603909492493,0.7524669170379639,0.7546642422676086,0.7677908539772034,0.7872102856636047,0.8031924962997437,0.8326067328453064,0.8622519969940186,0.9074680805206299,0.918204665184021,0.944427490234375,0.960261344909668,0.9817594289779663,0.9591560363769531,0.9183138012886047,0.8636751174926758,0.8122460842132568,0.7213606834411621
35,0.542471170425415,0.6924857497215271,0.7788373827934265,0.8608248233795166,0.903735339641571,0.9649475812911987,0.9752428531646729,1.000000238418579,0.9525389075279236,0.942559003829956,0.9245971441268921,0.893429696559906,0.863832950592041,0.8356537222862244,0.8347114324569702,0.802283525466919,0.7951931953430176,0.8035899996757507,0.7912754416465759,0.7863026857376099,0.7888246774673462,0.7843062877655029,0.7899060845375061,0.7960255146026611,0.8024451732635498,0.7911524772644043,0.7924003601074219,0.7902734875679016,0.7762869596481323,0.7836531400680542,0.7535795569419861,0.6753575801849365,0.5928716063499451,0.5356873273849487,0.46760040521621704,0.43989136815071106,0.4059144854545593,0.4025312662124634,0.4462989568710327,0.5111830234527588,0.5833508968353271,0.6677719354629517,0.7268714308738708,0.7525796294212341,0.7692286968231201,0.7748236656188965,0.7852775454521179,0.7978204488754272,0.805465817451477,0.7958625555038452,0.7751472592353821,0.7915056943893433,0.7939680814743042,0.7942143678665161,0.7904303073883057,0.7840743064880371,0.784625232219696,0.7972109317779541,0.8190498948097229,0.8360502123832703,0.8589549660682678,0.8832206130027771,0.9234107732772827,0.9317355155944824,0.9524791240692139,0.9732468724250793,0.9640880227088928,0.953039824962616,0.9076592922210693,0.8517693877220154,0.7880114912986755,0.6976820230484009
40,0.5324492454528809,0.684607207775116,0.7242664694786072,0.7936930656433105,0.8494466543197632,0.9194765090942383,0.9347445368766785,0.9525389075279236,1.0,0.9806503057479858,0.9702237248420715,0.9476003050804138,0.9156705141067505,0.8894517421722412,0.8920501470565796,0.8566199541091919,0.8555457592010498,0.8579097986221313,0.8422479629516602,0.8325390219688416,0.8386887311935425,0.8348829746246338,0.8319380879402161,0.8300197124481201,0.8354393243789673,0.8339926600456238,0.8319967985153198,0.8288196921348572,0.8149139881134033,0.8159568309783936,0.7883982062339783,0.696169376373291,0.6074881553649902,0.5485318303108215,0.4698202610015869,0.4370374083518982,0.40444883704185486,0.39916330575942993,0.4446702301502228,0.5255444645881653,0.5989044904708862,0.6920120716094971,0.760947048664093,0.7895304560661316,0.8002752661705017,0.8145965337753296,0.8253419399261475,0.836269736289978,0.8363934755325317,0.8275642395019531,0.8147088289260864,0.8312249183654785,0.8312453031539917,0.8408130407333374,0.8413305878639221,0.8400512337684631,0.8429533839225769,0.8525471687316895,0.8733055591583252,0.8839348554611206,0.9091129302978516,0.9330560564994812,0.9549515247344971,0.9625129699707031,0.9593552350997925,0.9408499002456665,0.9215399622917175,0.9138753414154053,0.8472244143486023,0.7776913642883301,0.7450875043869019,0.6873229742050171
45,0.5113072991371155,0.6533920764923096,0.7005473971366882,0.7723496556282043,0.8249268531799316,0.9070281386375427,0.9265312552452087,0.942559003829956,0.9806503057479858,1.0,0.9835212230682373,0.9700149893760681,0.9425965547561646,0.9176009893417358,0.9126754403114319,0.8839267492294312,0.8809552192687988,0.8810386657714844,0.859876275062561,0.8488036394119263,0.8595288991928101,0.8591005802154541,0.853323221206665,0.8539011478424072,0.8588998913764954,0.8571285605430603,0.8532010316848755,0.8470301628112793,0.8256722688674927,0.8228847980499268,0.7920772433280945,0.6910862326622009,0.5997549295425415,0.535964846611023,0.45698118209838867,0.4244697391986847,0.39013126492500305,0.38514581322669983,0.4329086244106293,0.5137209892272949,0.5918141603469849,0.6889599561691284,0.7653840780258179,0.7955403327941895,0.809851884841919,0.8280599117279053,0.8486975431442261,0.8624647855758667,0.8605427742004395,0.8524755835533142,0.8364590406417847,0.8553151488304138,0.8526495099067688,0.8620182275772095,0.8645341396331787,0.8677814602851868,0.8716890215873718,0.880057692527771,0.9037553668022156,0.916082501411438,0.9386351108551025,0.9615264534950256,0.9790148138999939,0.9790323376655579,0.962931752204895,0.942070722579956,0.918070912361145,0.9068926572799683,0.8370776176452637,0.7668918371200562,0.721023678779602,0.6580667495727539
50,0.5002264976501465,0.6349470615386963,0.6936239004135132,0.7619930505752563,0.8139247894287109,0.8847797513008118,0.9053456783294678,0.9245971441268921,0.9702237248420715,0.9835212230682373,1.0000001192092896,0.9822606444358826,0.9612172842025757,0.9364320039749146,0.937691330909729,0.9062241315841675,0.8981060981750488,0.8991317749023438,0.8822115063667297,0.8744531869888306,0.8725478649139404,0.8607157468795776,0.8537230491638184,0.8577167987823486,0.8549988865852356,0.8477078676223755,0.8395687341690063,0.8401758670806885,0.827462911605835,0.8204358816146851,0.7908234000205994,0.7017886638641357,0.6077830791473389,0.5450595617294312,0.46843260526657104,0.4365242123603821,0.40029895305633545,0.3958853483200073,0.44466230273246765,0.5232095122337341,0.6017202138900757,0.6991901993751526,0.763719916343689,0.7915393114089966,0.8109827041625977,0.8278936147689819,0.8434695601463318,0.8587296605110168,0.855347216129303,0.8544432520866394,0.8385883569717407,0.8628132939338684,0.8705676794052124,0.8821790218353271,0.8826220035552979,0.8839000463485718,0.8889021873474121,0.9066479206085205,0.9228610992431641,0.9342331290245056,0.9551348686218262,0.9681423902511597,0.98045814037323,0.9710934162139893,0.9551522731781006,0.9246327877044678,0.901563286781311,0.8884781002998352,0.8184071183204651,0.7525073885917664,0.7123361825942993,0.6389032602310181
55,0.5031569600105286,0.6154819130897522,0.6512166261672974,0.7188177704811096,0.7689296007156372,0.848202645778656,0.8676246404647827,0.893429696559906,0.9476003050804138,0.9700149893760681,0.9822606444358826,1.0,0.9831560254096985,0.9656015634536743,0.9585806131362915,0.9324215650558472,0.9268811941146851,0.9231377840042114,0.9004665017127991,0.8913933038711548,0.8923305869102478,0.8809462189674377,0.8725438117980957,0.8708446025848389,0.8691695928573608,0.8614427447319031,0.8566598892211914,0.8573123216629028,0.8454310894012451,0.828356146812439,0.7975171208381653,0.6981266736984253,0.599303662776947,0.5365263223648071,0.45657721161842346,0.42568910121917725,0.39613276720046997,0.38606196641921997,0.4325008988380432,0.5165582895278931,0.598747968673706,0.6985005736351013,0.776547908782959,0.8028772473335266,0.8265851736068726,0.847373902797699,0.860758900642395,0.8727165460586548,0.8695508241653442,0.8688185214996338,0.8554306626319885,0.8794794082641602,0.8867725133895874,0.9013036489486694,0.9044018983840942,0.9107162356376648,0.9172499179840088,0.9295793771743774,0.9468928575515747,0.9566103219985962,0.968604564666748,0.9799070358276367,0.9718481302261353,0.9554488062858582,0.9290050268173218,0.8973819613456726,0.865204930305481,0.8544049263000488,0.7792660593986511,0.7161064743995667,0.6761202216148376,0.6187211275100708
60,0.49287915229797363,0.6004733443260193,0.635562002658844,0.7017808556556702,0.7474072575569153,0.8209185600280762,0.8364930152893066,0.863832950592041,0.9156705141067505,0.9425965547561646,0.9612172842025757,0.9831560254096985,1.0000001192092896,0.9870763421058655,0.9787596464157104,0.9545496702194214,0.942808985710144,0.9371069669723511,0.9130924344062805,0.9011674523353577,0.8996134400367737,0.8834627866744995,0.8738102912902832,0.8727157115936279,0.8720657825469971,0.868466854095459,0.8619428873062134,0.8664414882659912,0.8535778522491455,0.8348988890647888,0.8052257299423218,0.7062747478485107,0.6026842594146729,0.5379847288131714,0.4560456871986389,0.42603635787963867,0.3956705331802368,0.3872030973434448,0.4338855743408203,0.5175970792770386,0.6030229330062866,0.7097852230072021,0.78575599193573,0.8078672885894775,0.8347357511520386,0.8571898937225342,0.8685522079467773,0.8812487721443176,0.8734012246131897,0.8727896213531494,0.8584514856338501,0.8846939206123352,0.894881546497345,0.9112579822540283,0.916500449180603,0.9240598678588867,0.9317280054092407,0.9447784423828125,0.965278685092926,0.9746919274330139,0.9787976741790771,0.9709460735321045,0.9563109278678894,0.9368910789489746,0.909099817276001,0.8757027983665466,0.8405295014381409,0.8313400745391846,0.7592635154724121,0.7044785022735596,0.661213755607605,0.6041829586029053
65,0.4756213426589966,0.5857198238372803,0.6071837544441223,0.6723877191543579,0.7165666818618774,0.7944235801696777,0.8039768934249878,0.8356537222862244,0.8894517421722412,0.9176009893417358,0.9364320039749146,0.9656015634536743,0.9870763421058655,1.0,0.9855668544769287,0.9632929563522339,0.9555952548980713,0.9421457052230835,0.9101213216781616,0.8980154991149902,0.9015041589736938,0.8875597715377808,0.8733106851577759,0.8683005571365356,0.8687328100204468,0.8660866022109985,0.8600383996963501,0.8581618070602417,0.8408925533294678,0.819914698600769,0.7849540114402771,0.6802181005477905,0.5749675035476685,0.5104665756225586,0.424598753452301,0.39428243041038513,0.3647361397743225,0.3573358654975891,0.40363937616348267,0.49250468611717224,0.5761273503303528,0.6880802512168884,0.7713545560836792,0.7990665435791016,0.8258782625198364,0.8539676666259766,0.8701795339584351,0.8809056282043457,0.8747856616973877,0.8731774091720581,0.8629693984985352,0.885712742805481,0.8941298127174377,0.9141744375228882,0.9184932112693787,0.9341460466384888,0.9476342797279358,0.9552475810050964,0.9782686233520508,0.983951210975647,0.9732687473297119,0.9575373530387878,0.9345724582672119,0.9175745248794556,0.8856993317604065,0.8538172841072083,0.8110914826393127,0.8101987838745117,0.733848512172699,0.6788302659988403,0.6384067535400391,0.5890610218048096
70,0.4695289731025696,0.5791277885437012,0.6097357273101807,0.6688454151153564,0.7158685922622681,0.7897607684135437,0.8042038679122925,0.8347114324569702,0.8920501470565796,0.9126754403114319,0.937691330909729,0.9585806131362915,0.9787596464157104,0.9855668544769287,1.000000238418579,0.9790281057357788,0.9669148921966553,0.9548425078392029,0.9277431964874268,0.914018452167511,0.9113267064094543,0.89139324426651,0.8794432878494263,0.873801589012146,0.8724356889724731,0.8649052381515503,0.8553109765052795,0.8577871918678284,0.8455421924591064,0.8266440033912659,0.7923014163970947,0.6881285309791565,0.5845947265625,0.5200996398925781,0.4294276237487793,0.3962651193141937,0.36363810300827026,0.3585740625858307,0.410551518201828,0.5011966228485107,0.5857632756233215,0.6950474977493286,0.7770459055900574,0.806775689125061,0.8319016098976135,0.8542613983154297,0.867423415184021,0.879851222038269,0.8722974061965942,0.8773834705352783,0.8694249391555786,0.8936845064163208,0.904392421245575,0.9214680194854736,0.9304389953613281,0.9461969137191772,0.9564220905303955,0.9697390198707581,0.9808785915374756,0.972689688205719,0.9624074101448059,0.9473286271095276,0.9293236136436462,0.9115790128707886,0.8810262680053711,0.8470500707626343,0.8081468343734741,0.801545262336731,0.7253984808921814,0.6695380806922913,0.6371854543685913,0.5835310816764832
75,0.4601595103740692,0.5569363832473755,0.5777899026870728,0.6324126124382019,0.6719169020652771,0.7503853440284729,0.7749423384666443,0.802283525466919,0.8566199541091919,0.8839267492294312,0.9062241315841675,0.9324215650558472,0.9545496702194214,0.9632929563522339,0.9790281057357788,1.0000001192092896,0.9782275557518005,0.9604024291038513,0.9335277676582336,0.9229918718338013,0.9177373647689819,0.8929452300071716,0.8864880800247192,0.8772706985473633,0.8707181811332703,0.854348361492157,0.8474554419517517,0.8499511480331421,0.8381780385971069,0.8073770999908447,0.7675267457962036,0.6616725921630859,0.5550599694252014,0.4901837706565857,0.40399613976478577,0.3690236210823059,0.33366215229034424,0.3333919048309326,0.38415956497192383,0.47280436754226685,0.5617424249649048,0.6697061061859131,0.7571108341217041,0.7880909442901611,0.821200430393219,0.8482523560523987,0.8613243103027344,0.8724265694618225,0.865115225315094,0.8835057616233826,0.8765226602554321,0.9017689228057861,0.9125885367393494,0.9264495968818665,0.9380168914794922,0.9553353190422058,0.9658434987068176,0.9826022386550903,0.9699310064315796,0.956567645072937,0.9411724805831909,0.9273620247840881,0.9088575839996338,0.8881425261497498,0.8542596101760864,0.8229620456695557,0.7810032367706299,0.765262246131897,0.6875928044319153,0.6384910345077515,0.6099879145622253,0.5610342025756836
80,0.4421635568141937,0.5506443381309509,0.5572190284729004,0.61274653673172,0.6616638898849487,0.7434764504432678,0.7646644711494446,0.7951931953430176,0.8555457592010498,0.8809552192687988,0.8981060981750488,0.9268811941146851,0.942808985710144,0.9555952548980713,0.9669148921966553,0.9782275557518005,0.9999998807907104,0.9861243963241577,0.9569306373596191,0.9376499056816101,0.9425270557403564,0.9284764528274536,0.9120287895202637,0.9017239809036255,0.9047163128852844,0.9005321264266968,0.8889760375022888,0.879343569278717,0.8575724363327026,0.830902636051178,0.7852716445922852,0.6699866652488708,0.5575265884399414,0.4952869415283203,0.40307411551475525,0.3670499920845032,0.3318268954753876,0.3336312174797058,0.38410234451293945,0.4783579707145691,0.5637511014938354,0.6809861063957214,0.7807111740112305,0.8216269016265869,0.8482257127761841,0.8811899423599243,0.8977105617523193,0.9093353748321533,0.9014440178871155,0.906734824180603,0.904939591884613,0.9236010313034058,0.9295863509178162,0.9497407674789429,0.9638906121253967,0.981721043586731,0.9835307002067566,0.9753660559654236,0.9743412733078003,0.9551222324371338,0.9427350163459778,0.9311105012893677,0.9034079909324646,0.8869054317474365,0.8511518239974976,0.8172563314437866,0.7731776237487793,0.7631947994232178,0.6778159141540527,0.6227863430976868,0.5899114608764648,0.5526962280273438
85,0.45692774653434753,0.5565699934959412,0.5717505216598511,0.624045729637146,0.6732231378555298,0.7491822242736816,0.7735469937324524,0.8035899996757507,0.8579097986221313,0.8810386657714844,0.8991317749023438,0.9231377840042114,0.9371069669723511,0.9421457052230835,0.9548425078392029,0.9604024291038513,0.9861243963241577,1.0,0.9807193279266357,0.9613096117973328,0.9620681405067444,0.9417821764945984,0.9228866100311279,0.913947343826294,0.9152264595031738,0.9103385806083679,0.8962216973304749,0.8879880905151367,0.865123987197876,0.8384792804718018,0.7947330474853516,0.687665581703186,0.580031156539917,0.5169079303741455,0.427448570728302,0.3915290832519531,0.35639533400535583,0.35856109857559204,0.4076424837112427,0.49921470880508423,0.5836434364318848,0.6988674998283386,0.7896649837493896,0.828533411026001,0.8576079607009888,0.8887902498245239,0.904434084892273,0.917865514755249,0.9110240936279297,0.9160733222961426,0.9158697128295898,0.9385185837745667,0.9502179026603699,0.962160050868988,0.9773718118667603,0.9813176393508911,0.9672422409057617,0.9571253657341003,0.9580658078193665,0.9428153038024902,0.9354737997055054,0.9247101545333862,0.9023122191429138,0.8832963705062866,0.8511697053909302,0.8173922300338745,0.7797512412071228,0.766312301158905,0.6870790719985962,0.6341724991798401,0.6001016497612,0.5581825971603394
90,0.4683194160461426,0.5548946857452393,0.5829225182533264,0.6270003318786621,0.6695170998573303,0.7367066144943237,0.7675231695175171,0.7912754416465759,0.8422479629516602,0.859876275062561,0.8822115063667297,0.9004665017127991,0.9130924344062805,0.9101213216781616,0.9277431964874268,0.9335277676582336,0.9569306373596191,0.9807193279266357,0.9999998807907104,0.9834728240966797,0.9700018763542175,0.9374290704727173,0.9239276051521301,0.919267475605011,0.9098144769668579,0.9020359516143799,0.8859555125236511,0.8828808665275574,0.861818253993988,0.8340204358100891,0.7901487946510315,0.6899092793464661,0.592838704586029,0.5286380052566528,0.4487089514732361,0.41387781500816345,0.3754867911338806,0.3810827434062958,0.4286506474018097,0.5096331238746643,0.5935789942741394,0.7001372575759888,0.7882635593414307,0.8233757019042969,0.855116605758667,0.8843167424201965,0.8954113125801086,0.907160758972168,0.9015136957168579,0.918674111366272,0.9177051782608032,0.9445242285728455,0.965678334236145,0.97210294008255,0.9829200506210327,0.9600153565406799,0.9404693841934204,0.93015056848526,0.9259274005889893,0.9131863117218018,0.912868320941925,0.8985347151756287,0.8825311660766602,0.864915132522583,0.8364372253417969,0.8027182817459106,0.7736655473709106,0.7550170421600342,0.6864029765129089,0.6396195292472839,0.6062883734703064,0.5545448660850525
95,0.47743797302246094,0.5550876259803772,0.5949432253837585,0.6381803154945374,0.6700888872146606,0.7288919687271118,0.7616778612136841,0.7863026857376099,0.8325390219688416,0.8488036394119263,0.8744531869888306,0.8913933038711548,0.9011674523353577,0.8980154991149902,0.914018452167511,0.9229918718338013,0.9376499056816101,0.9613096117973328,0.9834728240966797,1.0,0.9794216156005859,0.9344194531440735,0.9272894859313965,0.9178249835968018,0.902270495891571,0.8814442157745361,0.8670104742050171,0.8676431179046631,0.8509116172790527,0.8219676613807678,0.7767370939254761,0.687973141670227,0.6005793809890747,0.538706362247467,0.4678235948085785,0.4339081048965454,0.3919294476509094,0.3986284136772156,0.444742351770401,0.5199148654937744,0.6029709577560425,0.695958137512207,0.7723029851913452,0.8081774711608887,0.8394954204559326,0.8704310059547424,0.8777612447738647,0.8904646635055542,0.8949100971221924,0.9185365438461304,0.9200989007949829,0.9480336308479309,0.9773197770118713,0.9788131713867188,0.973644495010376,0.9485015273094177,0.928126871585846,0.9211249351501465,0.9092562794685364,0.899073600769043,0.8966786861419678,0.879925012588501,0.871304988861084,0.8538317084312439,0.8272421956062317,0.7961834073066711,0.7670092582702637,0.7467710971832275,0.6863142251968384,0.6487506031990051,0.6172852516174316,0.5502017736434937
100,0.46260762214660645,0.5559356212615967,0.5852949619293213,0.6318668127059937,0.6695449352264404,0.7346524596214294,0.7599934339523315,0.7888246774673462,0.8386887311935425,0.8595288991928101,0.8725478649139404,0.8923305869102478,0.8996134400367737,0.9015041589736938,0.9113267064094543,0.9177373647689819,0.9425270557403564,0.9620681405067444,0.9700018763542175,0.9794216156005859,1.000000238418579,0.977158784866333,0.9638360738754272,0.9480817317962646,0.9406145811080933,0.9236119389533997,0.9098012447357178,0.9017515778541565,0.8725429773330688,0.8464236259460449,0.7933531403541565,0.6909671425819397,0.5986843705177307,0.5297316312789917,0.44912612438201904,0.41349366307258606,0.3733256459236145,0.38192716240882874,0.4306522011756897,0.5135914087295532,0.6011079549789429,0.7018813490867615,0.7853925228118896,0.8385332822799683,0.8655514717102051,0.9009496569633484,0.9199309349060059,0.9305474758148193,0.9386663436889648,0.9537532925605774,0.9577012062072754,0.9764565229415894,0.9850671291351318,0.9744976162910461,0.9681110382080078,0.952856183052063,0.9337828755378723,0.9199278354644775,0.9168957471847534,0.9043887853622437,0.9033679366111755,0.8906510472297668,0.877089262008667,0.8625931739807129,0.827850341796875,0.8007352352142334,0.7661781311035156,0.7546042203903198,0.6909999847412109,0.644015371799469,0.6111435294151306,0.5522315502166748
105,0.4361215829849243,0.5470798015594482,0.5643864870071411,0.6181920766830444,0.6637645959854126,0.73518967628479,0.7500736713409424,0.7843062877655029,0.8348829746246338,0.8591005802154541,0.8607157468795776,0.8809462189674377,0.8834627866744995,0.8875597715377808,0.89139324426651,0.8929452300071716,0.9284764528274536,0.9417821764945984,0.9374290704727173,0.9344194531440735,0.977158784866333,1.000000238418579,0.9841969013214111,0.9689081907272339,0.9680518507957458,0.9532498121261597,0.9365061521530151,0.9193485975265503,0.8795108199119568,0.857853889465332,0.8031246066093445,0.6916897892951965,0.5947327613830566,0.5215715765953064,0.4318684935569763,0.3933632969856262,0.35428521037101746,0.3651828169822693,0.418772429227829,0.5074241161346436,0.5983619093894958,0.7052671909332275,0.8002379536628723,0.8568089008331299,0.8812426328659058,0.9156273603439331,0.9422925710678101,0.9547216296195984,0.9659221768379211,0.971186637878418,0.9787119626998901,0.9833484888076782,0.9631178379058838,0.9502757787704468,0.9448744058609009,0.9407608509063721,0.9240745306015015,0.9010106921195984,0.9107443690299988,0.8986894488334656,0.9008193016052246,0.8950070738792419,0.8776702880859375,0.8670529723167419,0.828107476234436,0.802581250667572,0.7595270872116089,0.7630987167358398,0.6945605278015137,0.6354008316993713,0.5959241986274719,0.543674886226654
110,0.45243269205093384,0.5579820871353149,0.5805948972702026,0.6353108882904053,0.6737090349197388,0.7390917539596558,0.7581512331962585,0.7899060845375061,0.8319380879402161,0.853323221206665,0.8537230491638184,0.8725438117980957,0.8738102912902832,0.8733106851577759,0.8794432878494263,0.8864880800247192,0.9120287895202637,0.9228866100311279,0.9239276051521301,0.9272894859313965,0.9638360738754272,0.9841969013214111,0.9999999403953552,0.9849574565887451,0.9784538149833679,0.9501659274101257,0.9376674890518188,0.9234001636505127,0.8881100416183472,0.8662187457084656,0.8123372793197632,0.7098350524902344,0.6231182217597961,0.5511424541473389,0.4624266028404236,0.4223136007785797,0.3778092861175537,0.39188870787620544,0.44858217239379883,0.5335837602615356,0.6264051198959351,0.7201470136642456,0.8064665794372559,0.8610615730285645,0.8842287063598633,0.9176433682441711,0.9377594590187073,0.9511681795120239,0.9673275947570801,0.9811978340148926,0.9855902194976807,0.9790629148483276,0.9537250995635986,0.9362772107124329,0.9299623370170593,0.9239672422409058,0.9103262424468994,0.8886304497718811,0.8911929726600647,0.8798368573188782,0.8837814331054688,0.8784487247467041,0.8693299889564514,0.8582335114479065,0.8236401081085205,0.8025397062301636,0.7671105861663818,0.7672684788703918,0.7089610695838928,0.6549329161643982,0.613775372505188,0.5556800961494446
115,0.4477323889732361,0.55613112449646,0.5931223630905151,0.6486688852310181,0.6907029151916504,0.7527101635932922,0.7660907506942749,0.7960255146026611,0.8300197124481201,0.8539011478424072,0.8577167987823486,0.8708446025848389,0.8727157115936279,0.8683005571365356,0.873801589012146,0.8772706985473633,0.9017239809036255,0.913947343826294,0.919267475605011,0.9178249835968018,0.9480817317962646,0.9689081907272339,0.9849574565887451,1.0,0.9863093495368958,0.9547113180160522,0.9393140077590942,0.9312223196029663,0.9033643007278442,0.8811123371124268,0.8335509896278381,0.7411550879478455,0.6595832109451294,0.589164674282074,0.5056283473968506,0.4617927074432373,0.4127903878688812,0.4322175681591034,0.4932272732257843,0.5682790279388428,0.6623147130012512,0.7527716159820557,0.8301257491111755,0.8740512728691101,0.8986687660217285,0.9257403016090393,0.9408320188522339,0.958185076713562,0.9709545969963074,0.9853449463844299,0.9754400253295898,0.9716280102729797,0.9453470706939697,0.9280276298522949,0.9200981259346008,0.9103588461875916,0.895949125289917,0.8779966235160828,0.8844404220581055,0.8776307106018066,0.8840627074241638,0.8776829838752747,0.8739416003227234,0.861365795135498,0.8328043222427368,0.8086289167404175,0.7787946462631226,0.7836180925369263,0.7325570583343506,0.677654504776001,0.6254127621650696,0.55363529920578
120,0.44932422041893005,0.5617061257362366,0.58954256772995,0.6476403474807739,0.6911119222640991,0.7588891983032227,0.7696874737739563,0.8024451732635498,0.8354393243789673,0.8588998913764954,0.8549988865852356,0.8691695928573608,0.8720657825469971,0.8687328100204468,0.8724356889724731,0.8707181811332703,0.9047163128852844,0.9152264595031738,0.9098144769668579,0.902270495891571,0.9406145811080933,0.9680518507957458,0.9784538149833679,0.9863093495368958,1.000000238418579,0.9790069460868835,0.9670294523239136,0.9522221684455872,0.9173554182052612,0.90206378698349,0.8539543151855469,0.7502560019493103,0.6581995487213135,0.5859091877937317,0.49243128299713135,0.45174986124038696,0.40771979093551636,0.4195236563682556,0.47859296202659607,0.5644270181655884,0.6582908034324646,0.7610951662063599,0.8481842279434204,0.89422607421875,0.9159072041511536,0.9419944882392883,0.9607799053192139,0.9761150479316711,0.985787034034729,0.9786577224731445,0.9697069525718689,0.9605687260627747,0.9289361238479614,0.920064389705658,0.9149044156074524,0.9109948873519897,0.8973238468170166,0.8726850152015686,0.8862343430519104,0.8768914937973022,0.8830377459526062,0.880221962928772,0.8760585784912109,0.8654683828353882,0.8359026908874512,0.8151669502258301,0.7827585935592651,0.7874961495399475,0.7308295965194702,0.6737815141677856,0.6227232813835144,0.5613782405853271
125,0.4449247717857361,0.5610228180885315,0.5802211761474609,0.636658787727356,0.6857001185417175,0.7572845220565796,0.7658055424690247,0.7911524772644043,0.8339926600456238,0.8571285605430603,0.8477078676223755,0.8614427447319031,0.868466854095459,0.8660866022109985,0.8649052381515503,0.854348361492157,0.9005321264266968,0.9103385806083679,0.9020359516143799,0.8814442157745361,0.9236119389533997,0.9532498121261597,0.9501659274101257,0.9547113180160522,0.9790069460868835,1.0,0.987401008605957,0.9660791158676147,0.923818826675415,0.911852240562439,0.8657851815223694,0.7484056949615479,0.6490176916122437,0.5774973630905151,0.48111236095428467,0.4429110288619995,0.4018133878707886,0.40826523303985596,0.46763262152671814,0.5587580800056458,0.6491389870643616,0.7639840841293335,0.8630847930908203,0.9078284502029419,0.9265235662460327,0.9532982110977173,0.9766843914985657,0.9862871170043945,0.9754382371902466,0.9546681046485901,0.942924439907074,0.9341908693313599,0.9009569883346558,0.9060274958610535,0.9066628217697144,0.9021910429000854,0.8907727003097534,0.8577200174331665,0.8836847543716431,0.8733617663383484,0.8829042315483093,0.8786534070968628,0.8700689673423767,0.8652382493019104,0.8380263447761536,0.810085654258728,0.7785153388977051,0.7875743508338928,0.7224581837654114,0.6609523296356201,0.613004744052887,0.5638433694839478
130,0.45651620626449585,0.5648685097694397,0.5783023834228516,0.6371991038322449,0.6834934949874878,0.7540125846862793,0.7670656442642212,0.7924003601074219,0.8319967985153198,0.8532010316848755,0.8395687341690063,0.8566598892211914,0.8619428873062134,0.8600383996963501,0.8553109765052795,0.8474554419517517,0.8889760375022888,0.8962216973304749,0.8859555125236511,0.8670104742050171,0.9098012447357178,0.9365061521530151,0.9376674890518188,0.9393140077590942,0.9670294523239136,0.987401008605957,1.000000238418579,0.9827063679695129,0.9434390068054199,0.92855304479599,0.8773131966590881,0.7539123296737671,0.6480650305747986,0.5792075395584106,0.48454877734184265,0.45048266649246216,0.4111138582229614,0.4149359166622162,0.4706141948699951,0.5621185302734375,0.6526724696159363,0.7677316069602966,0.8741273880004883,0.9214848279953003,0.9410772919654846,0.9667209386825562,0.9805876016616821,0.9759452939033508,0.9621015787124634,0.9402741193771362,0.9252166152000427,0.9175906181335449,0.8867565393447876,0.8894851803779602,0.8896066546440125,0.8854188919067383,0.8749696612358093,0.8448945879936218,0.8711608052253723,0.8649122714996338,0.871618926525116,0.8698387145996094,0.8615989685058594,0.8592172861099243,0.830443263053894,0.8080759048461914,0.7774848937988281,0.7847477197647095,0.7202712893486023,0.6602712869644165,0.6116202473640442,0.5701466798782349
135,0.48659855127334595,0.587946891784668,0.6132240891456604,0.658846378326416,0.7022742033004761,0.7542892694473267,0.769585371017456,0.7902734875679016,0.8288196921348572,0.8470301628112793,0.8401758670806885,0.8573123216629028,0.8664414882659912,0.8581618070602417,0.8577871918678284,0.8499511480331421,0.879343569278717,0.8879880905151367,0.8828808665275574,0.8676431179046631,0.9017515778541565,0.9193485975265503,0.9234001636505127,0.9312223196029663,0.9522221684455872,0.9660791158676147,0.9827063679695129,1.0000001192092896,0.9788751602172852,0.961571991443634,0.9173648953437805,0.8087915778160095,0.7044708728790283,0.6396070122718811,0.5520140528678894,0.5179198384284973,0.4720860719680786,0.48143935203552246,0.5404679775238037,0.6239638328552246,0.7122146487236023,0.8226909637451172,0.9145835638046265,0.952419102191925,0.9721171855926514,0.9844791293144226,0.9748210906982422,0.9634286165237427,0.9422832131385803,0.9281871318817139,0.9100146293640137,0.9108121395111084,0.8875782489776611,0.8806533217430115,0.877682089805603,0.8703168034553528,0.8615233898162842,0.8425450325012207,0.8628681302070618,0.8594405055046082,0.8651097416877747,0.8625127077102661,0.8586667776107788,0.8544016480445862,0.8315023183822632,0.8032492995262146,0.7831339240074158,0.7836360335350037,0.7358513474464417,0.687592625617981,0.6462721824645996,0.5893257856369019
140,0.5067699551582336,0.5921528935432434,0.6246979832649231,0.6628267168998718,0.7006317377090454,0.7379740476608276,0.7541323304176331,0.7762869596481323,0.8149139881134033,0.8256722688674927,0.827462911605835,0.8454310894012451,0.8535778522491455,0.8408925533294678,0.8455421924591064,0.8381780385971069,0.8575724363327026,0.865123987197876,0.861818253993988,0.8509116172790527,0.8725429773330688,0.8795108199119568,0.8881100416183472,0.9033643007278442,0.9173554182052612,0.923818826675415,0.9434390068054199,0.9788751602172852,1.0,0.9783404469490051,0.9456493854522705,0.8511441946029663,0.7490298748016357,0.6871383190155029,0.6051424145698547,0.5703355669975281,0.522828221321106,0.531886875629425,0.594036877155304,0.6730795502662659,0.7587943077087402,0.8610363006591797,0.9453129768371582,0.9648351669311523,0.984428882598877,0.9723235368728638,0.9424616694450378,0.9307336211204529,0.9037728905677795,0.8958844542503357,0.8729910850524902,0.881113588809967,0.8676113486289978,0.8568993806838989,0.8513616323471069,0.8416072726249695,0.8351689577102661,0.8282649517059326,0.8387804627418518,0.8370775580406189,0.8411170244216919,0.8380094766616821,0.8381223082542419,0.8314201235771179,0.8165334463119507,0.7856258153915405,0.7694908976554871,0.7666863203048706,0.7297608852386475,0.6935434341430664,0.6573600172996521,0.5905301570892334
