,0,5,10,15,20,25,30,35,40,45,50,55,60,65,70,75,80,85,90,95,100,105,110,115,120,125,130,135,140,145,150,155,160,165,170,175,180,185,190,195,200,205,210,215,220,225,230,235,240,245,250,255,260,265,270,275,280,285,290,295,300,305,310,315,320,325,330,335,340,345,350,355
0,1.000000238418579,0.9882441759109497,0.9808785915374756,0.9762020111083984,0.9693387150764465,0.9608258008956909,0.9514573812484741,0.9421778321266174,0.918972373008728,0.9172565937042236,0.9098600745201111,0.9234645366668701,0.9123514890670776,0.908149778842926,0.8432965278625488,0.791511595249176,0.8753778338432312,0.8920333385467529,0.8711057305335999,0.8460804224014282,0.8152080774307251,0.8118413090705872,0.8106653690338135,0.7933342456817627,0.8032042384147644,0.8126010298728943,0.8300666809082031,0.8573839664459229,0.8202019929885864,0.7877731919288635,0.7722293734550476,0.7882309556007385,0.7955872416496277,0.8026217818260193,0.8016229867935181,0.8038463592529297,0.804833710193634,0.8021580576896667,0.7905588150024414,0.7882153391838074,0.7934545874595642,0.7814699411392212,0.7829797267913818,0.7819072008132935,0.8031972050666809,0.7998030185699463,0.8022140860557556,0.8060851693153381,0.805980920791626,0.7997565269470215,0.8052712678909302,0.7901213765144348,0.7900437712669373,0.817782998085022,0.8144383430480957,0.7968988418579102,0.8127609491348267,0.7902418971061707,0.8006616830825806,0.7989674806594849,0.8095837831497192,0.8337768316268921,0.8495483994483948,0.8431816697120667,0.8731327056884766,0.920330286026001,0.9004740118980408,0.9267656803131104,0.9341534376144409,0.9480124711990356,0.9654426574707031,0.9849512577056885
5,0.9882441759109497,1.000000238418579,0.9915546178817749,0.9839473366737366,0.9765328168869019,0.968119204044342,0.9562118649482727,0.946855366230011,0.9238724708557129,0.9235454201698303,0.9094621539115906,0.9220682382583618,0.9129617214202881,0.9127206206321716,0.8548665046691895,0.8013682961463928,0.8844946026802063,0.898146390914917,0.8777651786804199,0.8540292382240295,0.8221732378005981,0.8192702531814575,0.8132489323616028,0.8000455498695374,0.8101150393486023,0.8195591568946838,0.8371660113334656,0.8646693825721741,0.8266732096672058,0.7947678565979004,0.7778336405754089,0.7944476008415222,0.8048522472381592,0.8126416206359863,0.8102105855941772,0.8126451373100281,0.8136522769927979,0.8118753433227539,0.8006875514984131,0.7965787053108215,0.8040817975997925,0.7921199202537537,0.7915126085281372,0.7885613441467285,0.8125126957893372,0.805931031703949,0.8091275095939636,0.8127751350402832,0.8118069171905518,0.8104063868522644,0.8121063113212585,0.7945543527603149,0.7960290908813477,0.8250285387039185,0.8213726878166199,0.8053735494613647,0.8189206719398499,0.7961241602897644,0.807833731174469,0.8069606423377991,0.8169746398925781,0.8409674167633057,0.8550376892089844,0.8533633351325989,0.8769124150276184,0.9237706661224365,0.9061527848243713,0.9349967837333679,0.9401211142539978,0.9559468626976013,0.9710605144500732,0.9842095375061035
10,0.9808785915374756,0.9915546178817749,1.000000238418579,0.9924256801605225,0.987300455570221,0.9796140193939209,0.9669948220252991,0.956233024597168,0.9366913437843323,0.9354096055030823,0.9182255864143372,0.9295245409011841,0.9187478423118591,0.9168681502342224,0.8602293729782104,0.8095448017120361,0.8873237371444702,0.8973411321640015,0.8817941546440125,0.8592236638069153,0.8329498767852783,0.822795569896698,0.8224667906761169,0.8138210773468018,0.8208689093589783,0.8251134157180786,0.8463749885559082,0.8717383146286011,0.8313506841659546,0.8019338250160217,0.7897623181343079,0.7985251545906067,0.8075919151306152,0.8158586025238037,0.8130097389221191,0.8177481889724731,0.8185805082321167,0.8132823705673218,0.8039198517799377,0.8035993576049805,0.8148442506790161,0.8022471070289612,0.8028538227081299,0.7994612455368042,0.826653003692627,0.818739652633667,0.8143529891967773,0.8225653171539307,0.8254431486129761,0.818761944770813,0.8176827430725098,0.7939785718917847,0.7895094752311707,0.8242930173873901,0.8211514949798584,0.8094366788864136,0.8222675323486328,0.8038861155509949,0.8135546445846558,0.8157618641853333,0.8200079202651978,0.8460665941238403,0.8682796359062195,0.8596833944320679,0.8868683576583862,0.9330322742462158,0.9133890271186829,0.9395064115524292,0.950049877166748,0.9597978591918945,0.9693229794502258,0.9789571762084961
15,0.9762020111083984,0.9839473366737366,0.9924256801605225,1.0000003576278687,0.9891001582145691,0.9797996282577515,0.9686990976333618,0.956732451915741,0.9385794401168823,0.9363265037536621,0.9198025465011597,0.9311501383781433,0.9237425327301025,0.9169317483901978,0.8522646427154541,0.804451584815979,0.8829296231269836,0.8980174660682678,0.8779046535491943,0.8508005142211914,0.8246580362319946,0.8130210638046265,0.8179808259010315,0.8100248575210571,0.8172690272331238,0.8220371007919312,0.8441003561019897,0.8680098652839661,0.8247780799865723,0.7951073050498962,0.7842034697532654,0.7945907711982727,0.8052239418029785,0.8123466372489929,0.8091673851013184,0.8128250241279602,0.8128688335418701,0.8068090677261353,0.7982771396636963,0.7996870875358582,0.8116963505744934,0.7989495992660522,0.7999247312545776,0.7970453500747681,0.8244413733482361,0.8143080472946167,0.809346616268158,0.8137919902801514,0.8160880208015442,0.8104300498962402,0.8091065287590027,0.7846169471740723,0.7801222205162048,0.8151765465736389,0.8120613098144531,0.8051015138626099,0.8145159482955933,0.7954273819923401,0.8098339438438416,0.8136217594146729,0.816904604434967,0.8416858315467834,0.8662351369857788,0.8556482791900635,0.8849316835403442,0.9360777139663696,0.9143745303153992,0.9371281862258911,0.9468092322349548,0.9590476751327515,0.966850221157074,0.9744104146957397
20,0.9693387150764465,0.9765328168869019,0.987300455570221,0.9891001582145691,1.0000001192092896,0.9881675243377686,0.9724843502044678,0.9631218910217285,0.9489160776138306,0.9475733041763306,0.9278860092163086,0.9378625154495239,0.9300692081451416,0.9264718890190125,0.8744311332702637,0.8272484540939331,0.8939726948738098,0.9078565835952759,0.884007453918457,0.859956681728363,0.8397215604782104,0.8246750831604004,0.831281304359436,0.8335323333740234,0.8362739086151123,0.8364086151123047,0.8640538454055786,0.8825984001159668,0.842160701751709,0.8117455244064331,0.8087331652641296,0.8140912055969238,0.8277873396873474,0.8323695063591003,0.8255488276481628,0.833720862865448,0.8325610160827637,0.8220224380493164,0.8167803883552551,0.8182781934738159,0.832932710647583,0.821560800075531,0.8196979761123657,0.8161216378211975,0.8445432186126709,0.8335264921188354,0.826654314994812,0.8356912732124329,0.8423364758491516,0.8334755897521973,0.828467845916748,0.7987903356552124,0.787230372428894,0.8288407325744629,0.8218247294425964,0.8175104856491089,0.8290491104125977,0.8154517412185669,0.8254473209381104,0.832474946975708,0.8309966325759888,0.856987714767456,0.8835737705230713,0.8753692507743835,0.9012017846107483,0.9457812905311584,0.9316866397857666,0.9495011568069458,0.9558162689208984,0.9656602144241333,0.9687660932540894,0.9736638069152832
25,0.9608258008956909,0.968119204044342,0.9796140193939209,0.9797996282577515,0.9881675243377686,1.0000001192092896,0.9867463707923889,0.9764683246612549,0.9663590788841248,0.9673151969909668,0.9491744041442871,0.9558584690093994,0.9498866200447083,0.9423403739929199,0.8931570649147034,0.8522282838821411,0.9129106998443604,0.9249616265296936,0.8995139598846436,0.8777532577514648,0.860559344291687,0.8439124226570129,0.8549514412879944,0.8622399568557739,0.8642811179161072,0.8626547455787659,0.890845775604248,0.9086880683898926,0.8690122365951538,0.8418805003166199,0.8366135358810425,0.8374531269073486,0.8501632213592529,0.852563738822937,0.8437990546226501,0.8546051979064941,0.8516532182693481,0.8383319973945618,0.8348788022994995,0.839556872844696,0.8549697399139404,0.8482525944709778,0.8470621705055237,0.8419516682624817,0.8676233291625977,0.8579696416854858,0.8527944684028625,0.8583654165267944,0.865949273109436,0.8546701073646545,0.8487797975540161,0.8163849115371704,0.8027773499488831,0.8469029664993286,0.8384198546409607,0.8372855186462402,0.847594141960144,0.8356888294219971,0.8479706048965454,0.8571410775184631,0.856322705745697,0.8798637390136719,0.9012026190757751,0.8886833190917969,0.9162618517875671,0.9439535140991211,0.9284418821334839,0.9433934688568115,0.9570376873016357,0.9580288529396057,0.9572840332984924,0.9627864360809326
30,0.9514573812484741,0.9562118649482727,0.9669948220252991,0.9686990976333618,0.9724843502044678,0.9867463707923889,1.000000238418579,0.9897957444190979,0.9770367741584778,0.970812201499939,0.9518362879753113,0.9600282311439514,0.955913782119751,0.9455184936523438,0.8875824809074402,0.8538857102394104,0.9130813479423523,0.9272377490997314,0.8948525190353394,0.8738281726837158,0.8574245572090149,0.8369137048721313,0.8551986217498779,0.8623479604721069,0.8675256967544556,0.8662126660346985,0.890324056148529,0.910596489906311,0.8702297806739807,0.8426334857940674,0.8326296806335449,0.8288941979408264,0.8420613408088684,0.8458958864212036,0.8384801745414734,0.8457962274551392,0.8474939465522766,0.8326656818389893,0.8284974098205566,0.8339819312095642,0.8506697416305542,0.8459222316741943,0.8515534400939941,0.8448264598846436,0.8686822652816772,0.8546174168586731,0.8558965921401978,0.8577947020530701,0.8659626245498657,0.8525208234786987,0.8459041118621826,0.8157174587249756,0.8018840551376343,0.844764769077301,0.8331458568572998,0.8328114151954651,0.8404641151428223,0.8288022875785828,0.844229519367218,0.856352686882019,0.8564378619194031,0.8782860040664673,0.8971073627471924,0.886272132396698,0.9157040119171143,0.9389175176620483,0.9229721426963806,0.9315111637115479,0.9478811621665955,0.9434492588043213,0.9430341720581055,0.9528602361679077
35,0.9421778321266174,0.946855366230011,0.956233024597168,0.956732451915741,0.9631218910217285,0.9764683246612549,0.9897957444190979,0.9999999403953552,0.9861741662025452,0.9771739840507507,0.9585715532302856,0.9628000259399414,0.9600452184677124,0.9509373903274536,0.8957028985023499,0.8621311783790588,0.9185531139373779,0.9342597723007202,0.8936449289321899,0.8728983998298645,0.8542357683181763,0.8352137804031372,0.8513215184211731,0.8607929348945618,0.8634198307991028,0.8626348376274109,0.8859003186225891,0.9045135378837585,0.8647443056106567,0.8349111080169678,0.8227326273918152,0.8212517499923706,0.8359299302101135,0.8428874015808105,0.8350628614425659,0.8407363295555115,0.8418697118759155,0.8262891173362732,0.8224526047706604,0.8235894441604614,0.8439701795578003,0.8406762480735779,0.8454710245132446,0.8420778512954712,0.8654868602752686,0.8541712164878845,0.860663652420044,0.8550787568092346,0.8667079210281372,0.8548610210418701,0.8487665057182312,0.8180609941482544,0.8040633797645569,0.8464688062667847,0.8327572345733643,0.8293285965919495,0.8389027118682861,0.8240901231765747,0.8394695520401001,0.852317750453949,0.8534027338027954,0.8752502202987671,0.8923206329345703,0.8825548887252808,0.9069355130195618,0.9304769039154053,0.9215312004089355,0.9288953542709351,0.9438591599464417,0.9381808042526245,0.9360401034355164,0.9442318081855774
40,0.918972373008728,0.9238724708557129,0.9366913437843323,0.9385794401168823,0.9489160776138306,0.9663590788841248,0.9770367741584778,0.9861741662025452,1.000000238418579,0.9845075011253357,0.9566946625709534,0.9574518203735352,0.9572553038597107,0.9455423355102539,0.8985460996627808,0.8719028234481812,0.9164103269577026,0.930618166923523,0.8833465576171875,0.8623414039611816,0.8536992073059082,0.8268019556999207,0.8476107120513916,0.8687238097190857,0.8658913373947144,0.8583601713180542,0.891270101070404,0.8989532589912415,0.857059121131897,0.8279104232788086,0.8228832483291626,0.8106762170791626,0.8335020542144775,0.8320823311805725,0.8249950408935547,0.8355281352996826,0.8371343612670898,0.8178074955940247,0.8162970542907715,0.8183808326721191,0.8417779207229614,0.8435428738594055,0.847861647605896,0.8484870791435242,0.8734965324401855,0.8616384863853455,0.8602644205093384,0.8539185523986816,0.8737553954124451,0.8551769256591797,0.8463529348373413,0.8143783211708069,0.7902792692184448,0.8366876840591431,0.8211639523506165,0.8228710889816284,0.8299483060836792,0.8203936815261841,0.8347745537757874,0.85328608751297,0.8441195487976074,0.86907559633255,0.8936001658439636,0.8838735818862915,0.9060377478599548,0.9242915511131287,0.9215925335884094,0.9191400408744812,0.9368531107902527,0.9332928657531738,0.9239338636398315,0.9263175129890442
45,0.9172565937042236,0.9235454201698303,0.9354096055030823,0.9363265037536621,0.9475733041763306,0.9673151969909668,0.970812201499939,0.9771739840507507,0.9845075011253357,1.0000001192092896,0.9753171801567078,0.972429633140564,0.9676660299301147,0.9546799063682556,0.9124021530151367,0.8789228796958923,0.9296635389328003,0.9450206160545349,0.8976779580116272,0.8793820738792419,0.8667015433311462,0.8417727947235107,0.8556016683578491,0.8758121728897095,0.8726285696029663,0.8636993765830994,0.8948679566383362,0.9066542387008667,0.870181143283844,0.8446113467216492,0.8370346426963806,0.8344913721084595,0.8513824939727783,0.848872184753418,0.8410526514053345,0.8526167869567871,0.851942241191864,0.8361619114875793,0.8356617093086243,0.8337966203689575,0.8540818691253662,0.8549284934997559,0.8539239168167114,0.8502843379974365,0.8767939209938049,0.8662893176078796,0.8679719567298889,0.8639476299285889,0.8772891759872437,0.8684618473052979,0.859546422958374,0.8274561166763306,0.8109025955200195,0.8578944206237793,0.8414527177810669,0.8432790040969849,0.8520063757896423,0.8374684453010559,0.8498201370239258,0.8627235889434814,0.8631188869476318,0.8786437511444092,0.8999349474906921,0.8845656514167786,0.9086264371871948,0.9244282245635986,0.9179039597511292,0.9235334992408752,0.9354360699653625,0.9274857044219971,0.9188438653945923,0.9231396317481995
50,0.9098600745201111,0.9094621539115906,0.9182255864143372,0.9198025465011597,0.9278860092163086,0.9491744041442871,0.9518362879753113,0.9585715532302856,0.9566946625709534,0.9753171801567078,1.0000003576278687,0.9849028587341309,0.9791908860206604,0.9725560545921326,0.9327462911605835,0.8929843306541443,0.9459554553031921,0.9578696489334106,0.9239020347595215,0.9136040806770325,0.8927377462387085,0.8749136924743652,0.8813961148262024,0.8857749104499817,0.8821938037872314,0.8757227063179016,0.8971531391143799,0.908184289932251,0.8869360685348511,0.8632959723472595,0.8439637422561646,0.844926655292511,0.854270875453949,0.8563250303268433,0.8546644449234009,0.857411801815033,0.8577805161476135,0.8502206206321716,0.846609890460968,0.8394259810447693,0.8520824313163757,0.8493759632110596,0.851627767086029,0.8493055701255798,0.8749792575836182,0.8759961128234863,0.879313588142395,0.8750984072685242,0.8814888000488281,0.8788107633590698,0.8793559074401855,0.8545961380004883,0.8483714461326599,0.8858051896095276,0.8735701441764832,0.8694425821304321,0.8830222487449646,0.8558559417724609,0.8643596172332764,0.8662207126617432,0.8821672201156616,0.8834308981895447,0.8878968954086304,0.8722963333129883,0.9051352143287659,0.9074603319168091,0.8978450298309326,0.9075155854225159,0.9135231375694275,0.8975253105163574,0.8933887481689453,0.9005980491638184
55,0.9234645366668701,0.9220682382583618,0.9295245409011841,0.9311501383781433,0.9378625154495239,0.9558584690093994,0.9600282311439514,0.9628000259399414,0.9574518203735352,0.972429633140564,0.9849028587341309,1.000000238418579,0.9896005988121033,0.9736125469207764,0.9150024056434631,0.8697922229766846,0.9364112019538879,0.958469569683075,0.918868362903595,0.9006384015083313,0.8791402578353882,0.8638652563095093,0.8673135042190552,0.8665897846221924,0.8665799498558044,0.8643438816070557,0.8842459917068481,0.9012495875358582,0.8763540983200073,0.8522603511810303,0.833175539970398,0.8398020267486572,0.8443143367767334,0.8453850746154785,0.8460196256637573,0.8480119109153748,0.8496803641319275,0.8409392237663269,0.837202787399292,0.8307138681411743,0.8418009877204895,0.8343225717544556,0.8383558988571167,0.8343180418014526,0.8613348007202148,0.8563843369483948,0.8585822582244873,0.8594917058944702,0.8631531000137329,0.8634876012802124,0.8643748164176941,0.8413065671920776,0.8390951156616211,0.874281644821167,0.8639822602272034,0.8586471080780029,0.8718575239181519,0.847730278968811,0.8549951314926147,0.8550283908843994,0.8704492449760437,0.876865804195404,0.8863093852996826,0.8683167695999146,0.900896430015564,0.9225395917892456,0.9058683514595032,0.9200345277786255,0.9224913120269775,0.9075117111206055,0.9056868553161621,0.9197767376899719
60,0.9123514890670776,0.9129617214202881,0.9187478423118591,0.9237425327301025,0.9300692081451416,0.9498866200447083,0.955913782119751,0.9600452184677124,0.9572553038597107,0.9676660299301147,0.9791908860206604,0.9896005988121033,1.000000238418579,0.9826596975326538,0.9227036833763123,0.875225841999054,0.9402434825897217,0.9682121276855469,0.9263219833374023,0.9004231691360474,0.8786467909812927,0.8603214025497437,0.863292932510376,0.8734961152076721,0.8705902099609375,0.8677715063095093,0.8919702768325806,0.9049180746078491,0.8778769969940186,0.8505297303199768,0.8326265811920166,0.8373603820800781,0.8457833528518677,0.8423507213592529,0.8406516313552856,0.845962643623352,0.8473004698753357,0.8392266035079956,0.8356596231460571,0.8292157649993896,0.8406317830085754,0.8352034091949463,0.8417622447013855,0.8367835879325867,0.8667588233947754,0.8590281009674072,0.8565786480903625,0.8567585349082947,0.8667528629302979,0.8662213683128357,0.8633074760437012,0.8371725082397461,0.8343719840049744,0.8741455078125,0.8615140914916992,0.8569900989532471,0.8688980937004089,0.8459229469299316,0.8549894094467163,0.8565208315849304,0.8678153157234192,0.8716198801994324,0.8801705241203308,0.863059937953949,0.8935055136680603,0.9118521213531494,0.8988209366798401,0.9097055196762085,0.9110907316207886,0.8976877331733704,0.8954956531524658,0.9092899560928345
65,0.908149778842926,0.9127206206321716,0.9168681502342224,0.9169317483901978,0.9264718890190125,0.9423403739929199,0.9455184936523438,0.9509373903274536,0.9455423355102539,0.9546799063682556,0.9725560545921326,0.9736125469207764,0.9826596975326538,1.0000001192092896,0.9592280387878418,0.9087184071540833,0.9628663063049316,0.9782364964485168,0.9578884840011597,0.9371435046195984,0.9169243574142456,0.9020619988441467,0.8993374109268188,0.9039533138275146,0.9006128311157227,0.8964935541152954,0.91506028175354,0.926643967628479,0.9054754376411438,0.8759145140647888,0.8614403605461121,0.8665467500686646,0.8778023719787598,0.8793720006942749,0.8756109476089478,0.8803582787513733,0.8830602169036865,0.8771064281463623,0.8726010322570801,0.8625991940498352,0.8716060519218445,0.8625977635383606,0.8679242134094238,0.8669867515563965,0.8973912000656128,0.8959957361221313,0.8902032971382141,0.891082763671875,0.9007048606872559,0.9014532566070557,0.9063015580177307,0.8725383281707764,0.8709683418273926,0.9135330319404602,0.9052190780639648,0.8953383564949036,0.9075871706008911,0.8822000026702881,0.8830012679100037,0.8820239901542664,0.8929423093795776,0.8996922969818115,0.8986157178878784,0.8913328647613525,0.9136731028556824,0.912364661693573,0.9077597856521606,0.9213485717773438,0.9208102226257324,0.9014648795127869,0.896733820438385,0.9057203531265259
70,0.8432965278625488,0.8548665046691895,0.8602293729782104,0.8522646427154541,0.8744311332702637,0.8931570649147034,0.8875824809074402,0.8957028985023499,0.8985460996627808,0.9124021530151367,0.9327462911605835,0.9150024056434631,0.9227036833763123,0.9592280387878418,1.0,0.9668911099433899,0.9695842266082764,0.9523690938949585,0.9572412967681885,0.9618402719497681,0.9576175212860107,0.9405791759490967,0.9333290457725525,0.9495494961738586,0.9368417859077454,0.9221602082252502,0.9394462704658508,0.931708037853241,0.9233053922653198,0.9090186357498169,0.8989359736442566,0.8932662010192871,0.9095264673233032,0.9058411121368408,0.9021368026733398,0.9121286273002625,0.9102643132209778,0.9030773043632507,0.9030069708824158,0.8909094929695129,0.9040153622627258,0.9024184942245483,0.8993089199066162,0.9044995903968811,0.9294590353965759,0.9371521472930908,0.9250130653381348,0.9289146661758423,0.9439499378204346,0.9461294412612915,0.9510777592658997,0.9142967462539673,0.9011454582214355,0.9445325136184692,0.937599778175354,0.9308512210845947,0.9465752840042114,0.9241631031036377,0.9172298908233643,0.9202694892883301,0.9210706949234009,0.9263995885848999,0.9150655269622803,0.910356879234314,0.9184203743934631,0.8805761337280273,0.8920609951019287,0.8946255445480347,0.8945744633674622,0.8634089231491089,0.8557419180870056,0.8500523567199707
75,0.791511595249176,0.8013682961463928,0.8095448017120361,0.804451584815979,0.8272484540939331,0.8522282838821411,0.8538857102394104,0.8621311783790588,0.8719028234481812,0.8789228796958923,0.8929843306541443,0.8697922229766846,0.875225841999054,0.9087184071540833,0.9668911099433899,1.0000003576278687,0.9528709650039673,0.914054811000824,0.9196282029151917,0.9471216201782227,0.9632431268692017,0.9444167613983154,0.950975775718689,0.9676133394241333,0.9612934589385986,0.9488783478736877,0.9563336372375488,0.9331133365631104,0.9359639883041382,0.9314587116241455,0.9224823713302612,0.9022986888885498,0.9252662062644958,0.9169235229492188,0.9241482615470886,0.9249343872070312,0.9256163239479065,0.9183574914932251,0.9183531403541565,0.9118295311927795,0.927080512046814,0.9339392781257629,0.935558021068573,0.9458102583885193,0.949385941028595,0.9517278075218201,0.9505397081375122,0.9554309844970703,0.9636049866676331,0.9702741503715515,0.9638862609863281,0.943362832069397,0.9193743467330933,0.9476117491722107,0.9387203454971313,0.9467135667800903,0.9491531848907471,0.937308132648468,0.939955472946167,0.9436622262001038,0.9383218288421631,0.9407529830932617,0.9203700423240662,0.9243326187133789,0.9198794364929199,0.8574190139770508,0.8751860857009888,0.8611469864845276,0.8702803254127502,0.8325820565223694,0.8189557194709778,0.805627703666687
80,0.8753778338432312,0.8844946026802063,0.8873237371444702,0.8829296231269836,0.8939726948738098,0.9129106998443604,0.9130813479423523,0.9185531139373779,0.9164103269577026,0.9296635389328003,0.9459554553031921,0.9364112019538879,0.9402434825897217,0.9628663063049316,0.9695842266082764,0.9528709650039673,1.0000003576278687,0.9775771498680115,0.9653955698013306,0.9628827571868896,0.9516257047653198,0.9402985572814941,0.9291852712631226,0.9335561990737915,0.9312484860420227,0.929995596408844,0.93857741355896,0.9441659450531006,0.928913414478302,0.9140957593917847,0.8952924013137817,0.8956432342529297,0.901757538318634,0.902086615562439,0.9079613089561462,0.9108939170837402,0.9077279567718506,0.9023909568786621,0.9027364253997803,0.8922988176345825,0.9016553163528442,0.8956968188285828,0.8963503837585449,0.8982312083244324,0.9116112589836121,0.9172238707542419,0.9220563173294067,0.9263514280319214,0.9305565357208252,0.9395445585250854,0.9422973394393921,0.9225554466247559,0.9156686067581177,0.9500681161880493,0.9411309361457825,0.9357433319091797,0.9453917145729065,0.9254419207572937,0.92360520362854,0.918718159198761,0.9299604296684265,0.9334086775779724,0.9277538657188416,0.9233283996582031,0.9288040399551392,0.9059276580810547,0.9080477952957153,0.9145782589912415,0.9164750576019287,0.8878574967384338,0.8844520449638367,0.8828350305557251
85,0.8920333385467529,0.898146390914917,0.8973411321640015,0.8980174660682678,0.9078565835952759,0.9249616265296936,0.9272377490997314,0.9342597723007202,0.930618166923523,0.9450206160545349,0.9578696489334106,0.958469569683075,0.9682121276855469,0.9782364964485168,0.9523690938949585,0.914054811000824,0.9775771498680115,1.0,0.9599490761756897,0.938835620880127,0.9180024266242981,0.9043089151382446,0.8957538604736328,0.9048680663108826,0.9032204747200012,0.901604950428009,0.9173421859741211,0.9283990263938904,0.9058084487915039,0.8801444172859192,0.8624334931373596,0.8751865029335022,0.880874514579773,0.8825631141662598,0.8812714219093323,0.886614978313446,0.8846234679222107,0.8816514611244202,0.8810334205627441,0.8687436580657959,0.8798456788063049,0.8736329674720764,0.8749762773513794,0.8690190315246582,0.8922435641288757,0.8882866501808167,0.8892782330513,0.8898047208786011,0.8935451507568359,0.9063082933425903,0.9069794416427612,0.8840069770812988,0.8839638829231262,0.926026463508606,0.9117812514305115,0.9062338471412659,0.91499924659729,0.8924179673194885,0.8945283889770508,0.891672670841217,0.904964029788971,0.9063302278518677,0.9018878936767578,0.8953428268432617,0.9057942628860474,0.9030585289001465,0.8973434567451477,0.9114352464675903,0.9082162976264954,0.8876635432243347,0.8875603675842285,0.8965646624565125
90,0.8711057305335999,0.8777651786804199,0.8817941546440125,0.8779046535491943,0.884007453918457,0.8995139598846436,0.8948525190353394,0.8936449289321899,0.8833465576171875,0.8976779580116272,0.9239020347595215,0.918868362903595,0.9263219833374023,0.9578884840011597,0.9572412967681885,0.9196282029151917,0.9653955698013306,0.9599490761756897,1.0,0.9763653874397278,0.950669527053833,0.9404590129852295,0.9267045259475708,0.9247035980224609,0.9195823073387146,0.9214341044425964,0.9262322783470154,0.9291237592697144,0.9166581034660339,0.8955235481262207,0.8791688680648804,0.8895483016967773,0.8939319849014282,0.8970447778701782,0.8951001167297363,0.8979615569114685,0.8993706107139587,0.8938342332839966,0.8893294334411621,0.8821420073509216,0.8887850046157837,0.8751590847969055,0.876525342464447,0.8760398030281067,0.9003810882568359,0.9052833914756775,0.8944547772407532,0.9068561792373657,0.9126896858215332,0.9198765754699707,0.925589919090271,0.8957859873771667,0.8970060348510742,0.9384101629257202,0.9425908327102661,0.9289200901985168,0.9394409656524658,0.917425274848938,0.9112163186073303,0.9079901576042175,0.9134481549263,0.9192549586296082,0.905001163482666,0.8936780691146851,0.9058599472045898,0.8851356506347656,0.8782922625541687,0.8952776789665222,0.8941017985343933,0.8645516633987427,0.8643811941146851,0.8672888875007629
95,0.8460804224014282,0.8540292382240295,0.8592236638069153,0.8508005142211914,0.859956681728363,0.8777532577514648,0.8738281726837158,0.8728983998298645,0.8623414039611816,0.8793820738792419,0.9136040806770325,0.9006384015083313,0.9004231691360474,0.9371435046195984,0.9618402719497681,0.9471216201782227,0.9628827571868896,0.938835620880127,0.9763653874397278,0.9999999403953552,0.9845036268234253,0.9761990904808044,0.9678840637207031,0.9485743045806885,0.9462541341781616,0.9441729187965393,0.9355322122573853,0.9344184398651123,0.9382123947143555,0.9266464710235596,0.9081678986549377,0.9070682525634766,0.9066646695137024,0.9118353724479675,0.9189847707748413,0.91461580991745,0.9195972681045532,0.9199672937393188,0.9153667092323303,0.9090530872344971,0.9131899476051331,0.9032379388809204,0.9044265747070312,0.9086032509803772,0.9215947389602661,0.9327142238616943,0.9271937012672424,0.9413730502128601,0.9379369020462036,0.9465668201446533,0.9548540115356445,0.9305432438850403,0.9302315711975098,0.9608796834945679,0.96966153383255,0.9611012935638428,0.9686597585678101,0.9470512866973877,0.9399369955062866,0.92638099193573,0.9378371238708496,0.9334404468536377,0.9103237986564636,0.9013910889625549,0.915071964263916,0.8715150356292725,0.8689178228378296,0.8792091608047485,0.8840631246566772,0.8452749252319336,0.8420770764350891,0.842048704624176
100,0.8152080774307251,0.8221732378005981,0.8329498767852783,0.8246580362319946,0.8397215604782104,0.860559344291687,0.8574245572090149,0.8542357683181763,0.8536992073059082,0.8667015433311462,0.8927377462387085,0.8791402578353882,0.8786467909812927,0.9169243574142456,0.9576175212860107,0.9632431268692017,0.9516257047653198,0.9180024266242981,0.950669527053833,0.9845036268234253,1.0,0.9852294325828552,0.9804688692092896,0.9682902097702026,0.966736912727356,0.9585846066474915,0.9510219097137451,0.9414023756980896,0.9511683583259583,0.9436786770820618,0.9310747385025024,0.9155153036117554,0.9196025729179382,0.923954963684082,0.9326329231262207,0.9301230311393738,0.9333582520484924,0.9314680695533752,0.9310165643692017,0.930347740650177,0.9347243309020996,0.926846444606781,0.9279876351356506,0.9331011176109314,0.9409162402153015,0.9477154016494751,0.9372411966323853,0.9588438272476196,0.9587583541870117,0.960455596446991,0.9671341776847839,0.9446902871131897,0.9328550100326538,0.961966872215271,0.9709793329238892,0.973324179649353,0.9759516716003418,0.9690194725990295,0.9576793909072876,0.9455007314682007,0.9487336874008179,0.9420552849769592,0.9194216132164001,0.9154826402664185,0.9249286651611328,0.8660752773284912,0.8723134994506836,0.8699177503585815,0.8798853158950806,0.8369454741477966,0.8265383839607239,0.8192306756973267
105,0.8118413090705872,0.8192702531814575,0.822795569896698,0.8130210638046265,0.8246750831604004,0.8439124226570129,0.8369137048721313,0.8352137804031372,0.8268019556999207,0.8417727947235107,0.8749136924743652,0.8638652563095093,0.8603214025497437,0.9020619988441467,0.9405791759490967,0.9444167613983154,0.9402985572814941,0.9043089151382446,0.9404590129852295,0.9761990904808044,0.9852294325828552,1.0000001192092896,0.9752146005630493,0.9478572607040405,0.9501934051513672,0.9526994824409485,0.9345844984054565,0.9309501647949219,0.9482743740081787,0.9413217902183533,0.9174066185951233,0.9151143431663513,0.9155829548835754,0.9265910387039185,0.9410689473152161,0.9316362738609314,0.936005711555481,0.9383030533790588,0.936253547668457,0.9319343566894531,0.927772045135498,0.9150461554527283,0.9107146263122559,0.9181555509567261,0.9189634323120117,0.9293627142906189,0.9283167719841003,0.9509702920913696,0.9353654980659485,0.9474486112594604,0.961883008480072,0.9469839334487915,0.9503273367881775,0.9637242555618286,0.9810706377029419,0.9758901000022888,0.9767864942550659,0.9667240381240845,0.9543071389198303,0.9314063191413879,0.9497185945510864,0.9368137121200562,0.9002853035926819,0.9050037860870361,0.9087561368942261,0.8524729609489441,0.8602133989334106,0.8646249175071716,0.8655017614364624,0.8282137513160706,0.8218311071395874,0.8146834373474121
110,0.8106653690338135,0.8132489323616028,0.8224667906761169,0.8179808259010315,0.831281304359436,0.8549514412879944,0.8551986217498779,0.8513215184211731,0.8476107120513916,0.8556016683578491,0.8813961148262024,0.8673135042190552,0.863292932510376,0.8993374109268188,0.9333290457725525,0.950975775718689,0.9291852712631226,0.8957538604736328,0.9267045259475708,0.9678840637207031,0.9804688692092896,0.9752146005630493,1.000000238418579,0.9745718836784363,0.9739725589752197,0.9675960540771484,0.9551458358764648,0.947963535785675,0.9604488611221313,0.9517194628715515,0.9450183510780334,0.9238156080245972,0.9274899959564209,0.9372589588165283,0.9435414671897888,0.9370285868644714,0.9435882568359375,0.9359911680221558,0.9341232776641846,0.9391055107116699,0.9431443810462952,0.9383561611175537,0.9388399720191956,0.9468556642532349,0.9432274103164673,0.9561434984207153,0.9524185061454773,0.9665256142616272,0.956749439239502,0.9564551115036011,0.9637613296508789,0.9360625147819519,0.9218299388885498,0.9508806467056274,0.9609418511390686,0.9683785438537598,0.9649419784545898,0.961834728717804,0.9553263187408447,0.9438874125480652,0.9493852853775024,0.9459038972854614,0.9181856513023376,0.9186418652534485,0.93254554271698,0.8674441576004028,0.8708845376968384,0.8657732605934143,0.8784673810005188,0.8360571265220642,0.8238503932952881,0.8154836893081665
115,0.7933342456817627,0.8000455498695374,0.8138210773468018,0.8100248575210571,0.8335323333740234,0.8622399568557739,0.8623479604721069,0.8607929348945618,0.8687238097190857,0.8758121728897095,0.8857749104499817,0.8665897846221924,0.8734961152076721,0.9039533138275146,0.9495494961738586,0.9676133394241333,0.9335561990737915,0.9048680663108826,0.9247035980224609,0.9485743045806885,0.9682902097702026,0.9478572607040405,0.9745718836784363,1.0000001192092896,0.9886337518692017,0.9720925092697144,0.9791204929351807,0.9587852954864502,0.96085524559021,0.954380989074707,0.9595437049865723,0.9289246201515198,0.9428542852401733,0.9395920038223267,0.9348820447921753,0.9432809352874756,0.9433724880218506,0.9269980192184448,0.9300503134727478,0.935049831867218,0.9525904655456543,0.9549230337142944,0.9553197622299194,0.9573754668235779,0.963282585144043,0.9620776176452637,0.9531267285346985,0.967133641242981,0.9777523279190063,0.9710272550582886,0.9606360197067261,0.9191882014274597,0.8943899869918823,0.9412592053413391,0.9368427991867065,0.951513409614563,0.9522936344146729,0.9573735594749451,0.9555121660232544,0.9617723226547241,0.9507808685302734,0.951342761516571,0.9383993148803711,0.9339009523391724,0.9404805898666382,0.8709834814071655,0.8821613788604736,0.8673686981201172,0.882573664188385,0.8383132815361023,0.8198168873786926,0.8075385689735413
120,0.8032042384147644,0.8101150393486023,0.8208689093589783,0.8172690272331238,0.8362739086151123,0.8642811179161072,0.8675256967544556,0.8634198307991028,0.8658913373947144,0.8726285696029663,0.8821938037872314,0.8665799498558044,0.8705902099609375,0.9006128311157227,0.9368417859077454,0.9612934589385986,0.9312484860420227,0.9032204747200012,0.9195823073387146,0.9462541341781616,0.966736912727356,0.9501934051513672,0.9739725589752197,0.9886337518692017,1.0,0.9888935685157776,0.9808885455131531,0.968116044998169,0.9731982946395874,0.9644687175750732,0.961155891418457,0.9356071949005127,0.9435298442840576,0.9447935819625854,0.944281816482544,0.9491138458251953,0.9478398561477661,0.9362660050392151,0.9383599162101746,0.9444745779037476,0.9581160545349121,0.9589616656303406,0.9618793725967407,0.959752082824707,0.9601658582687378,0.9542193412780762,0.9526728987693787,0.9680447578430176,0.9710118770599365,0.9674909114837646,0.9598952531814575,0.9271907210350037,0.905118465423584,0.9438283443450928,0.9422450661659241,0.9591751098632812,0.957210123538971,0.9648454785346985,0.9656260013580322,0.9679840207099915,0.9662954807281494,0.9636819958686829,0.9415770769119263,0.9414964914321899,0.9443998336791992,0.8766136765480042,0.8842999935150146,0.8710483312606812,0.8818538784980774,0.8436434864997864,0.8256741166114807,0.8167373538017273
125,0.8126010298728943,0.8195591568946838,0.8251134157180786,0.8220371007919312,0.8364086151123047,0.8626547455787659,0.8662126660346985,0.8626348376274109,0.8583601713180542,0.8636993765830994,0.8757227063179016,0.8643438816070557,0.8677715063095093,0.8964935541152954,0.9221602082252502,0.9488783478736877,0.929995596408844,0.901604950428009,0.9214341044425964,0.9441729187965393,0.9585846066474915,0.9526994824409485,0.9675960540771484,0.9720925092697144,0.9888935685157776,1.0000001192092896,0.9797133207321167,0.9725396037101746,0.9777268171310425,0.9631813168525696,0.9516423940658569,0.9345776438713074,0.9391008019447327,0.9428799748420715,0.948854923248291,0.9477161765098572,0.9459804892539978,0.9372096657752991,0.9375344514846802,0.942498505115509,0.9546414613723755,0.9494556784629822,0.953125536441803,0.9512048363685608,0.9460945725440979,0.9392756819725037,0.9476437568664551,0.9615088105201721,0.9551438689231873,0.9580093622207642,0.9532303214073181,0.9292728900909424,0.9134791493415833,0.943225085735321,0.9491032361984253,0.9607447981834412,0.9572400450706482,0.9659454226493835,0.9700996279716492,0.967251718044281,0.973931074142456,0.971446692943573,0.9429709911346436,0.9467388391494751,0.9425988793373108,0.878836452960968,0.8849753141403198,0.8747105002403259,0.8802103996276855,0.8467271327972412,0.8325297236442566,0.8252841234207153
130,0.8300666809082031,0.8371660113334656,0.8463749885559082,0.8441003561019897,0.8640538454055786,0.890845775604248,0.890324056148529,0.8859003186225891,0.891270101070404,0.8948679566383362,0.8971531391143799,0.8842459917068481,0.8919702768325806,0.91506028175354,0.9394462704658508,0.9563336372375488,0.93857741355896,0.9173421859741211,0.9262322783470154,0.9355322122573853,0.9510219097137451,0.9345844984054565,0.9551458358764648,0.9791204929351807,0.9808885455131531,0.9797133207321167,1.0,0.9835373163223267,0.9717047214508057,0.9556624293327332,0.9540769457817078,0.9369592070579529,0.951259970664978,0.9461430907249451,0.9454088807106018,0.9529737830162048,0.9494422674179077,0.935483992099762,0.9358482360839844,0.9410900473594666,0.9568113684654236,0.9565987586975098,0.9563798904418945,0.9545559287071228,0.959942102432251,0.9511963129043579,0.9463218450546265,0.9573464393615723,0.9638652801513672,0.9585376977920532,0.9450708031654358,0.9181094765663147,0.8963502645492554,0.9360989928245544,0.9318277835845947,0.9460097551345825,0.9450988173484802,0.9501392245292664,0.9578548073768616,0.9667795896530151,0.9592354893684387,0.9665377140045166,0.9546930193901062,0.9541771411895752,0.955115556716919,0.8949781656265259,0.9033856391906738,0.8924068808555603,0.9034926891326904,0.8722231388092041,0.8556020259857178,0.8462138772010803
135,0.8573839664459229,0.8646693825721741,0.8717383146286011,0.8680098652839661,0.8825984001159668,0.9086880683898926,0.910596489906311,0.9045135378837585,0.8989532589912415,0.9066542387008667,0.908184289932251,0.9012495875358582,0.9049180746078491,0.926643967628479,0.931708037853241,0.9331133365631104,0.9441659450531006,0.9283990263938904,0.9291237592697144,0.9344184398651123,0.9414023756980896,0.9309501647949219,0.947963535785675,0.9587852954864502,0.968116044998169,0.9725396037101746,0.9835373163223267,0.9999999403953552,0.9789943695068359,0.9589224457740784,0.9490460157394409,0.9409230947494507,0.9448578953742981,0.9486837387084961,0.9489552974700928,0.9541464447975159,0.949571967124939,0.933582603931427,0.9325751066207886,0.9406449794769287,0.9558397531509399,0.9494727849960327,0.9481416344642639,0.9412218332290649,0.9454902410507202,0.937517523765564,0.9393602609634399,0.947830855846405,0.9478177428245544,0.9430402517318726,0.9384360909461975,0.9062448740005493,0.891539454460144,0.9320859909057617,0.9305887222290039,0.9384841322898865,0.9384269714355469,0.9440487623214722,0.9514406323432922,0.9561266899108887,0.9567670822143555,0.9674266576766968,0.956059455871582,0.9553443193435669,0.9594492316246033,0.9109928607940674,0.911108136177063,0.9106618165969849,0.9213905930519104,0.891952633857727,0.8764318227767944,0.8736344575881958
140,0.8202019929885864,0.8266732096672058,0.8313506841659546,0.8247780799865723,0.842160701751709,0.8690122365951538,0.8702297806739807,0.8647443056106567,0.857059121131897,0.870181143283844,0.8869360685348511,0.8763540983200073,0.8778769969940186,0.9054754376411438,0.9233053922653198,0.9359639883041382,0.928913414478302,0.9058084487915039,0.9166581034660339,0.9382123947143555,0.9511683583259583,0.9482743740081787,0.9604488611221313,0.96085524559021,0.9731982946395874,0.9777268171310425,0.9717047214508057,0.9789943695068359,1.000000238418579,0.9839707612991333,0.9674858450889587,0.9547041654586792,0.9568578600883484,0.9620492458343506,0.9639017581939697,0.9609525799751282,0.9592187404632568,0.9516857862472534,0.9510178565979004,0.9509574174880981,0.9533833265304565,0.9477646946907043,0.9449789524078369,0.9403500556945801,0.9341510534286499,0.9262925982475281,0.9380356669425964,0.959282398223877,0.94771808385849,0.950836181640625,0.9521622061729431,0.9306309819221497,0.9209057688713074,0.9497675895690918,0.948329746723175,0.9601444005966187,0.957065761089325,0.9584652781486511,0.9593424201011658,0.9520190954208374,0.9682410359382629,0.9586132168769836,0.9337944984436035,0.9431959390640259,0.9486969113349915,0.8832096457481384,0.8907943964004517,0.8852563500404358,0.8911949992179871,0.8537700176239014,0.8390097618103027,0.8337783813476562
