,0,5,10,15,20,25,30,35,40,45,50,55,60,65,70,75,80,85,90,95,100,105,110,115,120,125,130,135,140,145,150,155,160,165,170,175,180,185,190,195,200,205,210,215,220,225,230,235,240,245,250,255,260,265,270,275,280,285,290,295,300,305,310,315,320,325,330,335,340,345,350,355
0,0.9999998807907104,0.9472914934158325,0.9338301420211792,0.9017707109451294,0.924302875995636,0.8573898673057556,0.8510298728942871,0.8561694622039795,0.7986949682235718,0.7580364346504211,0.7025928497314453,0.7091485261917114,0.6673661470413208,0.6493369340896606,0.5743536353111267,0.5453468561172485,0.559190034866333,0.5592989921569824,0.5879900455474854,0.5999082922935486,0.5358707904815674,0.5651935338973999,0.5220863819122314,0.5008662343025208,0.5441829562187195,0.5191687345504761,0.463348925113678,0.4659577012062073,0.5158084630966187,0.44249027967453003,0.4585586190223694,0.4294547438621521,0.43689143657684326,0.4253895580768585,0.4061214029788971,0.4514007270336151,0.44139790534973145,0.5020160675048828,0.45545750856399536,0.4736817479133606,0.4903426766395569,0.46007126569747925,0.4377102851867676,0.4424259662628174,0.41009387373924255,0.3372545838356018,0.44348835945129395,0.4211006760597229,0.41002100706100464,0.3633701801300049,0.3906267285346985,0.4348883628845215,0.4053420424461365,0.4617246389389038,0.49689561128616333,0.5579739809036255,0.5511568188667297,0.5153838396072388,0.5126051902770996,0.6277514696121216,0.6040389537811279,0.5957707762718201,0.5623708367347717,0.5294605493545532,0.6891043186187744,0.7058528661727905,0.8082912564277649,0.8277910947799683,0.8855002522468567,0.9299318790435791,0.9406635761260986,0.9513696432113647
5,0.9472914934158325,1.0000001192092896,0.9571074843406677,0.9391868114471436,0.9500249624252319,0.9107569456100464,0.8845986127853394,0.8783270716667175,0.840510368347168,0.7914658784866333,0.7287026643753052,0.7137175798416138,0.6820456385612488,0.6861535310745239,0.5879019498825073,0.5454638004302979,0.5568879246711731,0.5755402445793152,0.5755972862243652,0.6010769605636597,0.5239818692207336,0.5457909107208252,0.4994463622570038,0.4880349040031433,0.510930061340332,0.4857655167579651,0.4357380270957947,0.44041329622268677,0.47907525300979614,0.4069315791130066,0.42322397232055664,0.3976474702358246,0.3961260914802551,0.3915706276893616,0.3738836348056793,0.42148280143737793,0.40266549587249756,0.4627330005168915,0.4137282371520996,0.4434606730937958,0.45604193210601807,0.4279705882072449,0.4097011089324951,0.41443732380867004,0.3858255445957184,0.3154568672180176,0.4141043424606323,0.38994884490966797,0.380524605512619,0.337127685546875,0.3559471368789673,0.4024198651313782,0.36818015575408936,0.42450273036956787,0.45183056592941284,0.5128509998321533,0.504976749420166,0.4758186936378479,0.4661374092102051,0.5731368064880371,0.5483952760696411,0.5485397577285767,0.5161495804786682,0.47411859035491943,0.6206424832344055,0.6574774980545044,0.7338236570358276,0.7790846824645996,0.8207371234893799,0.8941875100135803,0.8812276124954224,0.9548811912536621
10,0.9338301420211792,0.9571074843406677,1.0000001192092896,0.9602839350700378,0.9463461637496948,0.9233145713806152,0.915004312992096,0.902866005897522,0.859751284122467,0.8208258152008057,0.7577488422393799,0.7426997423171997,0.7168019413948059,0.7125745415687561,0.6333961486816406,0.5843321084976196,0.5975878238677979,0.6174535751342773,0.6091440916061401,0.6433033347129822,0.5739696621894836,0.5963935852050781,0.545775294303894,0.535183310508728,0.5531842112541199,0.5256281495094299,0.46747255325317383,0.4599165618419647,0.5094770193099976,0.42667028307914734,0.44931668043136597,0.41745835542678833,0.4160635471343994,0.40754854679107666,0.4030873775482178,0.45096611976623535,0.4272109270095825,0.4920066297054291,0.44674789905548096,0.46962928771972656,0.48814892768859863,0.4616801142692566,0.43454402685165405,0.4350019097328186,0.4049205482006073,0.3402823507785797,0.43505775928497314,0.40944644808769226,0.4124959707260132,0.3593595027923584,0.3845387101173401,0.42720651626586914,0.3959362506866455,0.45779287815093994,0.4827004671096802,0.5472792983055115,0.5472341775894165,0.5110901594161987,0.5055351257324219,0.6068821549415588,0.5924590826034546,0.5861032605171204,0.5538319945335388,0.5115838646888733,0.6470882892608643,0.6783449649810791,0.7461194396018982,0.7862064838409424,0.8283822536468506,0.8751943707466125,0.8815723657608032,0.9329433441162109
15,0.9017707109451294,0.9391868114471436,0.9602839350700378,1.000000238418579,0.9469418525695801,0.9482032656669617,0.9085521697998047,0.9179761409759521,0.8806707859039307,0.8240941762924194,0.7907992601394653,0.7474073767662048,0.7244405150413513,0.7251842021942139,0.6505854725837708,0.5995325446128845,0.6116474270820618,0.6408894062042236,0.6283373832702637,0.656292736530304,0.5791916847229004,0.6097522974014282,0.5591117143630981,0.5494834184646606,0.5545153617858887,0.5252476334571838,0.47265809774398804,0.4581594467163086,0.5120059251785278,0.41836124658584595,0.4430236220359802,0.41180717945098877,0.41374874114990234,0.40337881445884705,0.39030343294143677,0.4428396224975586,0.41182419657707214,0.47377809882164,0.4219003915786743,0.45166128873825073,0.4698144197463989,0.4500730335712433,0.4219723641872406,0.41719692945480347,0.3927767276763916,0.3226136863231659,0.42602095007896423,0.39896440505981445,0.3930158019065857,0.348806768655777,0.3706088066101074,0.416608601808548,0.37855660915374756,0.44118934869766235,0.46748480200767517,0.52985018491745,0.5242430567741394,0.504058837890625,0.49007484316825867,0.5930253267288208,0.5740303993225098,0.5661294460296631,0.5334764719009399,0.4806865453720093,0.6158155202865601,0.642777681350708,0.715380072593689,0.7455167770385742,0.7941599488258362,0.8393408060073853,0.8527870178222656,0.9045185446739197
20,0.924302875995636,0.9500249624252319,0.9463461637496948,0.9469418525695801,1.0,0.9227346181869507,0.924707293510437,0.9214423894882202,0.8777649402618408,0.8526233434677124,0.7739163637161255,0.7703061103820801,0.7302342653274536,0.7220537066459656,0.6340986490249634,0.5881190299987793,0.5872882008552551,0.6118878722190857,0.6140499711036682,0.6358625292778015,0.5592085719108582,0.5869165062904358,0.5482062101364136,0.5286070108413696,0.5528421401977539,0.5248358845710754,0.472700297832489,0.4852791428565979,0.5085008144378662,0.4426010847091675,0.45266881585121155,0.4273225665092468,0.42133188247680664,0.4159699082374573,0.4020833373069763,0.44252562522888184,0.4299963712692261,0.48373517394065857,0.4348215162754059,0.45621997117996216,0.48331305384635925,0.4429664611816406,0.4280718266963959,0.4354882836341858,0.4018455445766449,0.33408600091934204,0.43490955233573914,0.4200534224510193,0.40420377254486084,0.3614517152309418,0.3806248903274536,0.42361021041870117,0.3956260085105896,0.4477759003639221,0.48010000586509705,0.5449281930923462,0.5311882495880127,0.507332444190979,0.500472903251648,0.5908929109573364,0.5765742063522339,0.5778533816337585,0.5462508201599121,0.5059413909912109,0.6454250812530518,0.6812841892242432,0.7504355907440186,0.7835862636566162,0.8133861422538757,0.867868185043335,0.8637694716453552,0.9185647368431091
25,0.8573898673057556,0.9107569456100464,0.9233145713806152,0.9482032656669617,0.9227346181869507,1.0,0.9377638697624207,0.9429259300231934,0.9417283535003662,0.8792391419410706,0.8690924644470215,0.8122990131378174,0.7882110476493835,0.7968182563781738,0.7328299880027771,0.6763050556182861,0.6812503337860107,0.7129530906677246,0.6906335353851318,0.7071624398231506,0.6288809776306152,0.645487904548645,0.5982760787010193,0.5913404822349548,0.5900675058364868,0.5575185418128967,0.5073889493942261,0.49706825613975525,0.5407737493515015,0.4477221369743347,0.4658978581428528,0.43708473443984985,0.43301886320114136,0.42363062500953674,0.4028180241584778,0.4616203308105469,0.4370306134223938,0.4969971776008606,0.4434605538845062,0.4659478962421417,0.4897676408290863,0.47184106707572937,0.44691401720046997,0.43886372447013855,0.42073991894721985,0.351782888174057,0.45805782079696655,0.4311244785785675,0.4221675395965576,0.3847980499267578,0.4015793800354004,0.44844022393226624,0.4123355448246002,0.46950003504753113,0.48806658387184143,0.5532081127166748,0.5420515537261963,0.5196152329444885,0.514957070350647,0.6099199652671814,0.5926501154899597,0.5859794616699219,0.5493406057357788,0.49680963158607483,0.6195268630981445,0.6387404203414917,0.6783215999603271,0.7255135774612427,0.7533101439476013,0.796114444732666,0.8088315725326538,0.8554803133010864
30,0.8510298728942871,0.8845986127853394,0.915004312992096,0.9085521697998047,0.924707293510437,0.9377638697624207,1.0,0.9321832060813904,0.9324163794517517,0.9229320287704468,0.8612316846847534,0.8318625092506409,0.8214664459228516,0.8105795383453369,0.7500931620597839,0.6878827810287476,0.6917126774787903,0.727224588394165,0.7136190533638,0.7256290316581726,0.6540789604187012,0.6692421436309814,0.6264610886573792,0.6168411374092102,0.6255996823310852,0.5908342599868774,0.5375313758850098,0.5483589768409729,0.5603421330451965,0.4926076829433441,0.4925536513328552,0.4723053574562073,0.4598971903324127,0.45950132608413696,0.4390202760696411,0.4841824769973755,0.4752987325191498,0.5296860933303833,0.49174168705940247,0.5097599625587463,0.529679000377655,0.5017186403274536,0.4856126308441162,0.4832179546356201,0.4522477984428406,0.3926939070224762,0.4857107698917389,0.4681967794895172,0.45049959421157837,0.405060738325119,0.42577287554740906,0.46854278445243835,0.44561678171157837,0.5039612054824829,0.5157458186149597,0.5850608348846436,0.5741834044456482,0.550502359867096,0.5457746982574463,0.6135334968566895,0.6121927499771118,0.6123203039169312,0.5798362493515015,0.5380029082298279,0.649859607219696,0.6856845021247864,0.6932804584503174,0.7568515539169312,0.7536065578460693,0.8011333346366882,0.8065813779830933,0.8520740270614624
35,0.8561694622039795,0.8783270716667175,0.902866005897522,0.9179761409759521,0.9214423894882202,0.9429259300231934,0.9321832060813904,1.0,0.9503394365310669,0.9152591228485107,0.889746904373169,0.8679216504096985,0.831251859664917,0.8210896849632263,0.755803108215332,0.6950459480285645,0.670802116394043,0.7259120941162109,0.7017144560813904,0.7233599424362183,0.6456300020217896,0.6591522693634033,0.6327134370803833,0.6094443798065186,0.6177761554718018,0.60693359375,0.5399993658065796,0.5461052656173706,0.5720327496528625,0.501752495765686,0.5074973106384277,0.4830455183982849,0.47228509187698364,0.4609954357147217,0.432454913854599,0.49226030707359314,0.4707491099834442,0.5288511514663696,0.4822614789009094,0.5077322721481323,0.531610906124115,0.5064259767532349,0.483210951089859,0.47631198167800903,0.452190101146698,0.3792283535003662,0.48893964290618896,0.46237319707870483,0.4571746289730072,0.40234431624412537,0.4350326955318451,0.4776240587234497,0.4411647319793701,0.5010412931442261,0.5278223752975464,0.5946173667907715,0.5842036604881287,0.5659312605857849,0.5558433532714844,0.6484359502792358,0.6315068602561951,0.6319220066070557,0.5958288908004761,0.5440040230751038,0.6715331077575684,0.7013223171234131,0.7256895303726196,0.7716174721717834,0.7909395694732666,0.8116070032119751,0.8256939649581909,0.8393454551696777
40,0.7986949682235718,0.840510368347168,0.859751284122467,0.8806707859039307,0.8777649402618408,0.9417283535003662,0.9324163794517517,0.9503394365310669,1.000000238418579,0.9417732954025269,0.9196960926055908,0.8798240423202515,0.8569462299346924,0.8614160418510437,0.804015576839447,0.735291600227356,0.7298137545585632,0.7614952921867371,0.7490087747573853,0.7469272613525391,0.675026535987854,0.6846284866333008,0.657361626625061,0.6466919779777527,0.6398641467094421,0.6212317943572998,0.5784099698066711,0.5822111368179321,0.5958829522132874,0.5256295800209045,0.5278753042221069,0.5068726539611816,0.49443352222442627,0.48213714361190796,0.46190789341926575,0.5140215754508972,0.4991181194782257,0.5506793856620789,0.5044944882392883,0.5263333916664124,0.552381157875061,0.5240604281425476,0.5068591237068176,0.5014780163764954,0.48720312118530273,0.41618722677230835,0.5155084133148193,0.5021376013755798,0.4796483814716339,0.4394497871398926,0.45937734842300415,0.5009905099868774,0.4731209874153137,0.5307530164718628,0.5452918410301208,0.6071789264678955,0.598158597946167,0.5866615176200867,0.5708897709846497,0.644435465335846,0.6280325651168823,0.6380161643028259,0.6059634685516357,0.5443112850189209,0.6454405784606934,0.6742086410522461,0.6652863621711731,0.7191542387008667,0.714506208896637,0.7520662546157837,0.7640918493270874,0.7923261523246765
45,0.7580364346504211,0.7914658784866333,0.8208258152008057,0.8240941762924194,0.8526233434677124,0.8792391419410706,0.9229320287704468,0.9152591228485107,0.9417732954025269,1.0,0.9284316301345825,0.9294057488441467,0.9148126840591431,0.9071065187454224,0.8631332516670227,0.8032903671264648,0.7862138152122498,0.808657705783844,0.800998866558075,0.7965102195739746,0.7507013082504272,0.753546416759491,0.7310119867324829,0.7228229641914368,0.714598536491394,0.6967947483062744,0.6435254812240601,0.6678221821784973,0.6584019064903259,0.5977095365524292,0.6009378433227539,0.5755761861801147,0.5599206686019897,0.5477975606918335,0.5303081274032593,0.5767845511436462,0.5732359290122986,0.6199148297309875,0.5791187286376953,0.5998516082763672,0.6175771951675415,0.5872465372085571,0.5723780393600464,0.5612806081771851,0.5420433878898621,0.48443692922592163,0.584526002407074,0.5691676139831543,0.5552464723587036,0.5047582387924194,0.5239214897155762,0.558485746383667,0.5365943908691406,0.5864590406417847,0.605402410030365,0.6716704964637756,0.6577901244163513,0.6409697532653809,0.6387225389480591,0.6812871098518372,0.6894489526748657,0.6950688362121582,0.6717007756233215,0.6216721534729004,0.7116883993148804,0.7407525777816772,0.6970939040184021,0.758519172668457,0.7229259014129639,0.7512695789337158,0.7394089698791504,0.7597203254699707
50,0.7025928497314453,0.7287026643753052,0.7577488422393799,0.7907992601394653,0.7739163637161255,0.8690924644470215,0.8612316846847534,0.889746904373169,0.9196960926055908,0.9284316301345825,1.0,0.9270333051681519,0.9168684482574463,0.9139477014541626,0.9132031202316284,0.857381284236908,0.8312270641326904,0.8701654672622681,0.8447543978691101,0.8354294300079346,0.7834747433662415,0.7852272987365723,0.7582647800445557,0.7537542581558228,0.7261155247688293,0.7156122326850891,0.6631409525871277,0.6529137492179871,0.6759264469146729,0.5894403457641602,0.5963342189788818,0.5641836524009705,0.5601286888122559,0.5407034158706665,0.508198618888855,0.56666499376297,0.5508994460105896,0.5944738984107971,0.5449367165565491,0.5660748481750488,0.5814809799194336,0.5663354396820068,0.5472819805145264,0.5239722728729248,0.5120205283164978,0.4406784176826477,0.5640828609466553,0.5330967307090759,0.5184438824653625,0.4763549268245697,0.4980480968952179,0.5397870540618896,0.5085866451263428,0.5583944320678711,0.5761353969573975,0.6493147611618042,0.6349931359291077,0.6206659078598022,0.6214742660522461,0.682356595993042,0.6850812435150146,0.6777380108833313,0.6464319229125977,0.5895205140113831,0.6901291608810425,0.6827991008758545,0.654647707939148,0.703010618686676,0.6824167370796204,0.6829255223274231,0.6970314979553223,0.6832274198532104
55,0.7091485261917114,0.7137175798416138,0.7426997423171997,0.7474073767662048,0.7703061103820801,0.8122990131378174,0.8318625092506409,0.8679216504096985,0.8798240423202515,0.9294057488441467,0.9270333051681519,1.0,0.9267592430114746,0.9222362041473389,0.8995442390441895,0.8710606098175049,0.8092141151428223,0.8590043783187866,0.8545706272125244,0.8635154366493225,0.8099392652511597,0.8187793493270874,0.8089102506637573,0.7770634293556213,0.7816817164421082,0.7660263180732727,0.7037671804428101,0.707486629486084,0.7133016586303711,0.6604049205780029,0.6561892032623291,0.6316325068473816,0.6019263863563538,0.5923227667808533,0.562865674495697,0.622643232345581,0.6217376589775085,0.672243058681488,0.6238593459129333,0.6410764455795288,0.6591922640800476,0.6302579641342163,0.6165841817855835,0.5945295095443726,0.5777072906494141,0.506048858165741,0.624519944190979,0.6073532104492188,0.5976583957672119,0.5427531003952026,0.5735390186309814,0.6164349913597107,0.5735279321670532,0.6240176558494568,0.6591513156890869,0.7253831624984741,0.7152735590934753,0.6881537437438965,0.6949349045753479,0.7498708963394165,0.7571476101875305,0.7412372827529907,0.717395544052124,0.6630465984344482,0.7602044343948364,0.7715804576873779,0.723784327507019,0.7652000784873962,0.7305800318717957,0.723739504814148,0.7102464437484741,0.6949903964996338
60,0.6673661470413208,0.6820456385612488,0.7168019413948059,0.7244405150413513,0.7302342653274536,0.7882110476493835,0.8214664459228516,0.831251859664917,0.8569462299346924,0.9148126840591431,0.9168684482574463,0.9267592430114746,1.000000238418579,0.9532212018966675,0.9352340698242188,0.8826000094413757,0.8382819890975952,0.8881461024284363,0.8546140193939209,0.8482736349105835,0.8077549338340759,0.8179836273193359,0.8045097589492798,0.7850275039672852,0.772212564945221,0.7622284889221191,0.7204247713088989,0.7218729853630066,0.7372960448265076,0.6656602621078491,0.6834564805030823,0.6599047780036926,0.6331017017364502,0.6293853521347046,0.5996176600456238,0.654891848564148,0.6313419938087463,0.6800665855407715,0.6399121880531311,0.6639024615287781,0.6718244552612305,0.6541793346405029,0.6453890204429626,0.6122138500213623,0.5987493395805359,0.544837474822998,0.6606888175010681,0.6295726895332336,0.6302880048751831,0.5726395845413208,0.587401270866394,0.6183687448501587,0.603347897529602,0.6337521076202393,0.6568526029586792,0.716402530670166,0.712084949016571,0.6928449869155884,0.6883301734924316,0.712561845779419,0.7421088814735413,0.7356953024864197,0.7163587808609009,0.6678789854049683,0.7455672025680542,0.7266882061958313,0.6851133704185486,0.7402015328407288,0.6839134097099304,0.6809273958206177,0.6624096632003784,0.6531364321708679
65,0.6493369340896606,0.6861535310745239,0.7125745415687561,0.7251842021942139,0.7220537066459656,0.7968182563781738,0.8105795383453369,0.8210896849632263,0.8614160418510437,0.9071065187454224,0.9139477014541626,0.9222362041473389,0.9532212018966675,1.0000001192092896,0.9347177743911743,0.8857457637786865,0.8386365175247192,0.9081097841262817,0.8487897515296936,0.8562958240509033,0.8088490962982178,0.8077024221420288,0.7915624380111694,0.7822834253311157,0.7515851259231567,0.739549458026886,0.6956075429916382,0.6995084881782532,0.7117635011672974,0.6458313465118408,0.6539191007614136,0.6403365135192871,0.5979751944541931,0.5951225757598877,0.5674675703048706,0.6214689016342163,0.6004587411880493,0.6469501256942749,0.6139529347419739,0.6375542283058167,0.6466681957244873,0.6241981983184814,0.6190686225891113,0.5891112089157104,0.5796120166778564,0.5061103105545044,0.6287169456481934,0.5944024324417114,0.5905985832214355,0.5412141680717468,0.5533616542816162,0.5940368175506592,0.5681419372558594,0.6011765003204346,0.6297954320907593,0.6807277798652649,0.6719334721565247,0.657850444316864,0.6496656537055969,0.6724259257316589,0.6898992657661438,0.6917793154716492,0.6670637130737305,0.6087213754653931,0.67719566822052,0.6821463704109192,0.6214587688446045,0.6985946893692017,0.6293044090270996,0.6528587341308594,0.6270090341567993,0.6402854919433594
70,0.5743536353111267,0.5879019498825073,0.6333961486816406,0.6505854725837708,0.6340986490249634,0.7328299880027771,0.7500931620597839,0.755803108215332,0.804015576839447,0.8631332516670227,0.9132031202316284,0.8995442390441895,0.9352340698242188,0.9347177743911743,0.9999998807907104,0.9415066242218018,0.9112144708633423,0.9333995580673218,0.9011861681938171,0.8817234039306641,0.85379958152771,0.8481330871582031,0.8339248895645142,0.8384332656860352,0.7967284917831421,0.7891570329666138,0.7506296634674072,0.7294775247573853,0.7486024498939514,0.6606999635696411,0.6816346645355225,0.6463965177536011,0.6394703388214111,0.6216003894805908,0.5895693898200989,0.6413900852203369,0.6179866194725037,0.6589962840080261,0.6140016913414001,0.6324024200439453,0.6365371346473694,0.6370914578437805,0.6177326440811157,0.5788481831550598,0.5760515332221985,0.5155733823776245,0.6342372894287109,0.6030318140983582,0.6035435199737549,0.5573794841766357,0.5834184288978577,0.6042801737785339,0.5869271755218506,0.6167834997177124,0.6301053762435913,0.693718671798706,0.68520587682724,0.6659615635871887,0.6703223586082458,0.6867242455482483,0.7130036354064941,0.6973826885223389,0.6747167706489563,0.6225749254226685,0.682424008846283,0.6484435200691223,0.5915948152542114,0.6423331499099731,0.6015316843986511,0.5864373445510864,0.5868558287620544,0.5582754015922546
75,0.5453468561172485,0.5454638004302979,0.5843321084976196,0.5995325446128845,0.5881190299987793,0.6763050556182861,0.6878827810287476,0.6950459480285645,0.735291600227356,0.8032903671264648,0.857381284236908,0.8710606098175049,0.8826000094413757,0.8857457637786865,0.9415066242218018,1.0000001192092896,0.9281708002090454,0.9419145584106445,0.9323984980583191,0.9002626538276672,0.9019526839256287,0.896614134311676,0.8858926296234131,0.8859089612960815,0.8440110683441162,0.8369659185409546,0.7934002876281738,0.7499858140945435,0.7836570739746094,0.6930537819862366,0.7135981917381287,0.6696629524230957,0.662078857421875,0.64753657579422,0.6106525659561157,0.6708981394767761,0.6387331485748291,0.6761514544487,0.6366033554077148,0.6512853503227234,0.6529713273048401,0.6568823456764221,0.6525460481643677,0.6022409200668335,0.6002264618873596,0.5354731678962708,0.6620551347732544,0.6246891021728516,0.6301015615463257,0.5900722742080688,0.6142653226852417,0.6500048041343689,0.6111370921134949,0.6280807256698608,0.6462666988372803,0.7007113695144653,0.6978701949119568,0.6673561334609985,0.6868430376052856,0.7016175985336304,0.731118381023407,0.7008443474769592,0.6720703840255737,0.6343197226524353,0.6979748606681824,0.6539788246154785,0.5971360206604004,0.6359204649925232,0.5986732244491577,0.5797203779220581,0.5711463093757629,0.5282384157180786
80,0.559190034866333,0.5568879246711731,0.5975878238677979,0.6116474270820618,0.5872882008552551,0.6812503337860107,0.6917126774787903,0.670802116394043,0.7298137545585632,0.7862138152122498,0.8312270641326904,0.8092141151428223,0.8382819890975952,0.8386365175247192,0.9112144708633423,0.9281708002090454,1.0000001192092896,0.9178981184959412,0.9336830973625183,0.8858777284622192,0.8910700678825378,0.8837543725967407,0.8497035503387451,0.8818067312240601,0.8399658799171448,0.8079912662506104,0.764525294303894,0.7130045890808105,0.7467739582061768,0.6369597911834717,0.6642221212387085,0.6170250773429871,0.6268836259841919,0.6029271483421326,0.5941208600997925,0.6290579438209534,0.6042200922966003,0.6353669762611389,0.6053004264831543,0.6181761622428894,0.6145070195198059,0.6292845010757446,0.6150863170623779,0.5722783803939819,0.5676722526550293,0.5232850909233093,0.6328108310699463,0.5988145470619202,0.5876855254173279,0.5706120729446411,0.592290997505188,0.6027917265892029,0.6078938245773315,0.6130993366241455,0.625253438949585,0.6683963537216187,0.6628214120864868,0.6313021183013916,0.6531186103820801,0.6712204813957214,0.676677942276001,0.6597291231155396,0.6131419539451599,0.5815991163253784,0.6414760947227478,0.6056833267211914,0.5404043793678284,0.5810233950614929,0.561449408531189,0.5494856834411621,0.5751047730445862,0.5362671613693237
85,0.5592989921569824,0.5755402445793152,0.6174535751342773,0.6408894062042236,0.6118878722190857,0.7129530906677246,0.727224588394165,0.7259120941162109,0.7614952921867371,0.808657705783844,0.8701654672622681,0.8590043783187866,0.8881461024284363,0.9081097841262817,0.9333995580673218,0.9419145584106445,0.9178981184959412,0.9999999403953552,0.9273172616958618,0.9314336180686951,0.9078376293182373,0.8983322978019714,0.8894647359848022,0.8735985159873962,0.8365828394889832,0.8142037987709045,0.7629152536392212,0.7198675274848938,0.7405654191970825,0.6595762372016907,0.6793848276138306,0.6348330974578857,0.615039050579071,0.6073452830314636,0.5729796290397644,0.6341491937637329,0.6048709154129028,0.6386106610298157,0.6134170889854431,0.6279096603393555,0.6321932673454285,0.6277796030044556,0.6163870096206665,0.5806863307952881,0.571631669998169,0.5030351877212524,0.6226348876953125,0.5841661095619202,0.5911679267883301,0.5448169708251953,0.566883385181427,0.6007355451583862,0.5757784843444824,0.6078177094459534,0.632782518863678,0.6804357767105103,0.6744627356529236,0.6591300368309021,0.6675847768783569,0.6920372247695923,0.7004296779632568,0.6826092600822449,0.6490402221679688,0.5899641513824463,0.654401421546936,0.6338430047035217,0.5725052356719971,0.6263573169708252,0.5846890211105347,0.575095534324646,0.5757548809051514,0.5563642978668213
90,0.5879900455474854,0.5755972862243652,0.6091440916061401,0.6283373832702637,0.6140499711036682,0.6906335353851318,0.7136190533638,0.7017144560813904,0.7490087747573853,0.800998866558075,0.8447543978691101,0.8545706272125244,0.8546140193939209,0.8487897515296936,0.9011861681938171,0.9323984980583191,0.9336830973625183,0.9273172616958618,1.0,0.9380298852920532,0.921151876449585,0.9341015815734863,0.9177313446998596,0.9064548015594482,0.8956385254859924,0.8754910230636597,0.8313941955566406,0.790733814239502,0.8117777705192566,0.7234141826629639,0.7351667881011963,0.6949245929718018,0.6872265338897705,0.6779367327690125,0.6507294178009033,0.7037543654441833,0.6892037391662598,0.7252638339996338,0.6840618848800659,0.6948075294494629,0.6993362903594971,0.6958222389221191,0.6899610757827759,0.6536663770675659,0.6456661224365234,0.5897148251533508,0.6960436105728149,0.6669250726699829,0.6627485752105713,0.6397756934165955,0.6612120866775513,0.6856010556221008,0.6644482612609863,0.6870918273925781,0.7022446990013123,0.7545529007911682,0.7434422373771667,0.7141358852386475,0.730629026889801,0.7374110221862793,0.7633630037307739,0.7377297878265381,0.7049258947372437,0.670423150062561,0.7210836410522461,0.6881425976753235,0.6217072010040283,0.6558201909065247,0.616651713848114,0.5900974273681641,0.6088645458221436,0.5623501539230347
95,0.5999082922935486,0.6010769605636597,0.6433033347129822,0.656292736530304,0.6358625292778015,0.7071624398231506,0.7256290316581726,0.7233599424362183,0.7469272613525391,0.7965102195739746,0.8354294300079346,0.8635154366493225,0.8482736349105835,0.8562958240509033,0.8817234039306641,0.9002626538276672,0.8858777284622192,0.9314336180686951,0.9380298852920532,1.000000238418579,0.9413468241691589,0.94610995054245,0.9307831525802612,0.9105198979377747,0.9046928286552429,0.8811100721359253,0.8271614909172058,0.7741259336471558,0.8016442060470581,0.7041295170783997,0.723781406879425,0.6701152324676514,0.6580015420913696,0.6428664922714233,0.6208427548408508,0.6885684132575989,0.6690452098846436,0.71873939037323,0.6766202449798584,0.6981157064437866,0.7020553350448608,0.6934571266174316,0.6795551776885986,0.6477147340774536,0.636083722114563,0.5500000715255737,0.6780638694763184,0.6329758763313293,0.6341562867164612,0.5937120318412781,0.6196438074111938,0.6513732671737671,0.6268479824066162,0.6566900014877319,0.6916203498840332,0.7592507600784302,0.7470073699951172,0.7101724147796631,0.7181997299194336,0.7714692950248718,0.7678539752960205,0.7390724420547485,0.7205470204353333,0.6512531042098999,0.729544997215271,0.70969158411026,0.62562096118927,0.6788328289985657,0.6385216116905212,0.6102278828620911,0.6213303804397583,0.5879561901092529
100,0.5358707904815674,0.5239818692207336,0.5739696621894836,0.5791916847229004,0.5592085719108582,0.6288809776306152,0.6540789604187012,0.6456300020217896,0.675026535987854,0.7507013082504272,0.7834747433662415,0.8099392652511597,0.8077549338340759,0.8088490962982178,0.85379958152771,0.9019526839256287,0.8910700678825378,0.9078376293182373,0.921151876449585,0.9413468241691589,1.0,0.9624134302139282,0.9469767808914185,0.9479939937591553,0.9362137317657471,0.9205869436264038,0.867414116859436,0.7958041429519653,0.820184588432312,0.729178786277771,0.7494876384735107,0.6899508237838745,0.6794819831848145,0.6577765345573425,0.6331126689910889,0.6903494596481323,0.6787336468696594,0.7199737429618835,0.7033811807632446,0.7082263231277466,0.7051612138748169,0.6998271942138672,0.6983872652053833,0.6667982339859009,0.6604679822921753,0.5792511701583862,0.7019137740135193,0.6512410044670105,0.659072995185852,0.6136912107467651,0.6410283446311951,0.6545586585998535,0.6361494660377502,0.6359838843345642,0.6769775748252869,0.7246793508529663,0.7269896268844604,0.7039347887039185,0.7182349562644958,0.7476052045822144,0.7474761009216309,0.7275044322013855,0.700707197189331,0.6376851201057434,0.7066967487335205,0.6693904995918274,0.5822949409484863,0.6242333650588989,0.5759931802749634,0.5555310249328613,0.5549550652503967,0.5165479779243469
105,0.5651935338973999,0.5457909107208252,0.5963935852050781,0.6097522974014282,0.5869165062904358,0.645487904548645,0.6692421436309814,0.6591522693634033,0.6846284866333008,0.753546416759491,0.7852272987365723,0.8187793493270874,0.8179836273193359,0.8077024221420288,0.8481330871582031,0.896614134311676,0.8837543725967407,0.8983322978019714,0.9341015815734863,0.94610995054245,0.9624134302139282,1.000000238418579,0.9630898237228394,0.9498045444488525,0.9432203769683838,0.9137328863143921,0.8586189150810242,0.7738641500473022,0.8206071853637695,0.7148012518882751,0.7356280088424683,0.6804054975509644,0.6660529375076294,0.6562879085540771,0.6373130083084106,0.7020589113235474,0.6792376041412354,0.7287678718566895,0.6923607587814331,0.7096903324127197,0.7121022939682007,0.7064451575279236,0.7007449865341187,0.6644698977470398,0.6539404988288879,0.5817660093307495,0.7048147916793823,0.6565727591514587,0.6634807586669922,0.6228782534599304,0.6431896686553955,0.670947253704071,0.6449898481369019,0.6572131514549255,0.6896008849143982,0.7498106360435486,0.7450817823410034,0.7145143747329712,0.7269542813301086,0.7626363039016724,0.7709585428237915,0.7367005944252014,0.7166885137557983,0.6548505425453186,0.7336346507072449,0.6796707510948181,0.6238715648651123,0.6516156196594238,0.6140577793121338,0.5806074738502502,0.5869663953781128,0.5454871654510498
110,0.5220863819122314,0.4994463622570038,0.545775294303894,0.5591117143630981,0.5482062101364136,0.5982760787010193,0.6264610886573792,0.6327134370803833,0.657361626625061,0.7310119867324829,0.7582647800445557,0.8089102506637573,0.8045097589492798,0.7915624380111694,0.8339248895645142,0.8858926296234131,0.8497035503387451,0.8894647359848022,0.9177313446998596,0.9307831525802612,0.9469767808914185,0.9630898237228394,1.0,0.9517771005630493,0.9529068470001221,0.9390326738357544,0.8972678780555725,0.8230403661727905,0.8554958701133728,0.7687037587165833,0.786429762840271,0.7291910648345947,0.7104547619819641,0.6957405209541321,0.6637512445449829,0.7299574613571167,0.7072131037712097,0.7483550310134888,0.7219297885894775,0.7360676527023315,0.7466262578964233,0.7381666898727417,0.7325116395950317,0.6958287358283997,0.694822371006012,0.6223714351654053,0.7451295852661133,0.7007560133934021,0.7071152925491333,0.6518123745918274,0.6773912906646729,0.701514482498169,0.6676208972930908,0.6816419363021851,0.7184776663780212,0.7623229026794434,0.7620654106140137,0.7375637292861938,0.7555873394012451,0.7706692218780518,0.7844358682632446,0.7521464824676514,0.7394516468048096,0.6813188791275024,0.7380236983299255,0.6926764845848083,0.6099572777748108,0.6351528167724609,0.5909963250160217,0.5521488189697266,0.5518074631690979,0.5029513835906982
115,0.5008662343025208,0.4880349040031433,0.535183310508728,0.5494834184646606,0.5286070108413696,0.5913404822349548,0.6168411374092102,0.6094443798065186,0.6466919779777527,0.7228229641914368,0.7537542581558228,0.7770634293556213,0.7850275039672852,0.7822834253311157,0.8384332656860352,0.8859089612960815,0.8818067312240601,0.8735985159873962,0.9064548015594482,0.9105198979377747,0.9479939937591553,0.9498045444488525,0.9517771005630493,1.0,0.9406431317329407,0.9367632865905762,0.900218665599823,0.8164932727813721,0.8505656123161316,0.7452602386474609,0.7609198093414307,0.7080856561660767,0.7009957432746887,0.6774609088897705,0.6570872068405151,0.7209742069244385,0.6937733292579651,0.7431631088256836,0.7106040716171265,0.7287909984588623,0.7276818752288818,0.7422568798065186,0.7198631763458252,0.6766337156295776,0.6768064498901367,0.5947766304016113,0.7256081104278564,0.6709774732589722,0.6647117733955383,0.6223706603050232,0.6461303234100342,0.66456538438797,0.6415669918060303,0.6398997902870178,0.671658992767334,0.7277799844741821,0.7207131385803223,0.6958504915237427,0.7049379348754883,0.7476798295974731,0.7361056208610535,0.7187165021896362,0.6918617486953735,0.6364997625350952,0.7108331918716431,0.6510336399078369,0.5758392810821533,0.6058068871498108,0.560340940952301,0.5306045413017273,0.5343157052993774,0.4834374785423279
120,0.5441829562187195,0.510930061340332,0.5531842112541199,0.5545153617858887,0.5528421401977539,0.5900675058364868,0.6255996823310852,0.6177761554718018,0.6398641467094421,0.714598536491394,0.7261155247688293,0.7816817164421082,0.772212564945221,0.7515851259231567,0.7967284917831421,0.8440110683441162,0.8399658799171448,0.8365828394889832,0.8956385254859924,0.9046928286552429,0.9362137317657471,0.9432203769683838,0.9529068470001221,0.9406431317329407,1.0000001192092896,0.9556283950805664,0.9208140969276428,0.846394956111908,0.8790313005447388,0.7960323095321655,0.8104171752929688,0.7557310461997986,0.7328943014144897,0.7200641632080078,0.6946243643760681,0.7493685483932495,0.7364560961723328,0.7717385292053223,0.7581303119659424,0.7571688294410706,0.7646500468254089,0.7626692652702332,0.7736344933509827,0.7337422966957092,0.7281725406646729,0.6635500192642212,0.772714376449585,0.7305662631988525,0.7332478761672974,0.6888054013252258,0.7103897333145142,0.730530858039856,0.7088131308555603,0.7098587155342102,0.7440281510353088,0.7792692184448242,0.7800450325012207,0.748796284198761,0.7725707292556763,0.7822637557983398,0.7952060103416443,0.7740557193756104,0.750725269317627,0.7005150318145752,0.7572096586227417,0.7174439430236816,0.6284893155097961,0.6555756330490112,0.6096319556236267,0.5692344307899475,0.5753082036972046,0.5180000066757202
125,0.5191687345504761,0.4857655167579651,0.5256281495094299,0.5252476334571838,0.5248358845710754,0.5575185418128967,0.5908342599868774,0.60693359375,0.6212317943572998,0.6967947483062744,0.7156122326850891,0.7660263180732727,0.7622284889221191,0.739549458026886,0.7891570329666138,0.8369659185409546,0.8079912662506104,0.8142037987709045,0.8754910230636597,0.8811100721359253,0.9205869436264038,0.9137328863143921,0.9390326738357544,0.9367632865905762,0.9556283950805664,1.0,0.9489374756813049,0.8933523893356323,0.9186944365501404,0.8492278456687927,0.8598730564117432,0.8129212260246277,0.7932145595550537,0.7799049615859985,0.7428934574127197,0.7940975427627563,0.773753821849823,0.8012599945068359,0.791357159614563,0.7962730526924133,0.7939377427101135,0.7920664548873901,0.7976980209350586,0.7696268558502197,0.7667020559310913,0.6921676993370056,0.7954981327056885,0.7581695318222046,0.7585111856460571,0.7109338641166687,0.7372074127197266,0.7544234991073608,0.7282406091690063,0.7231800556182861,0.7518674731254578,0.789513885974884,0.7951401472091675,0.7790207862854004,0.7879310250282288,0.7844763994216919,0.8051691055297852,0.7951915264129639,0.771460771560669,0.7283905744552612,0.7645355463027954,0.7189220786094666,0.6196112036705017,0.650576651096344,0.5840027332305908,0.5458260774612427,0.5568245053291321,0.4894033670425415
130,0.463348925113678,0.4357380270957947,0.46747255325317383,0.47265809774398804,0.472700297832489,0.5073889493942261,0.5375313758850098,0.5399993658065796,0.5784099698066711,0.6435254812240601,0.6631409525871277,0.7037671804428101,0.7204247713088989,0.6956075429916382,0.7506296634674072,0.7934002876281738,0.764525294303894,0.7629152536392212,0.8313941955566406,0.8271614909172058,0.867414116859436,0.8586189150810242,0.8972678780555725,0.900218665599823,0.9208140969276428,0.9489374756813049,1.000000238418579,0.9084291458129883,0.9450353384017944,0.8800202012062073,0.8901823163032532,0.8491657972335815,0.8292163610458374,0.8068467378616333,0.777385950088501,0.8096864819526672,0.795723557472229,0.808085560798645,0.7968640923500061,0.8002979755401611,0.8005838394165039,0.800793468952179,0.8116353750228882,0.7806891202926636,0.799680233001709,0.721500039100647,0.8111347556114197,0.7718051671981812,0.7779300212860107,0.7458609342575073,0.7450142502784729,0.7557119131088257,0.7335307002067566,0.717507004737854,0.7431890964508057,0.7691481113433838,0.774446964263916,0.7601348161697388,0.7659895420074463,0.7485707998275757,0.7651792764663696,0.7725540995597839,0.783267617225647,0.7282876372337341,0.7389302849769592,0.7001286745071411,0.5736156105995178,0.6037040948867798,0.533133864402771,0.4936021566390991,0.504166841506958,0.4340309500694275
135,0.4659577012062073,0.44041329622268677,0.4599165618419647,0.4581594467163086,0.4852791428565979,0.49706825613975525,0.5483589768409729,0.5461052656173706,0.5822111368179321,0.6678221821784973,0.6529137492179871,0.707486629486084,0.7218729853630066,0.6995084881782532,0.7294775247573853,0.7499858140945435,0.7130045890808105,0.7198675274848938,0.790733814239502,0.7741259336471558,0.7958041429519653,0.7738641500473022,0.8230403661727905,0.8164932727813721,0.846394956111908,0.8933523893356323,0.9084291458129883,1.0000001192092896,0.930358350276947,0.9263325929641724,0.9082924127578735,0.8902639746665955,0.8779871463775635,0.8660315275192261,0.8348487019538879,0.8329715728759766,0.8377196788787842,0.8089367747306824,0.8245900869369507,0.8094616532325745,0.8093650937080383,0.783761739730835,0.7934550642967224,0.7725558876991272,0.7858832478523254,0.7440627813339233,0.8134469985961914,0.794424831867218,0.7819529175758362,0.7599970698356628,0.7611792087554932,0.7552005648612976,0.7676522135734558,0.7273010611534119,0.7611032128334045,0.7837485074996948,0.7822523713111877,0.8053274154663086,0.7900000214576721,0.7402425408363342,0.7638816237449646,0.8008213043212891,0.7862024307250977,0.7846050262451172,0.758488118648529,0.7563835382461548,0.5803791284561157,0.6262983083724976,0.5300952792167664,0.5012489557266235,0.5051639676094055,0.4446433186531067
140,0.5158084630966187,0.47907525300979614,0.5094770193099976,0.5120059251785278,0.5085008144378662,0.5407737493515015,0.5603421330451965,0.5720327496528625,0.5958829522132874,0.6584019064903259,0.6759264469146729,0.7133016586303711,0.7372960448265076,0.7117635011672974,0.7486024498939514,0.7836570739746094,0.7467739582061768,0.7405654191970825,0.8117777705192566,0.8016442060470581,0.820184588432312,0.8206071853637695,0.8554958701133728,0.8505656123161316,0.8790313005447388,0.9186944365501404,0.9450353384017944,0.930358350276947,0.9999998807907104,0.9151284694671631,0.9407699108123779,0.9002576470375061,0.8949432373046875,0.8734689950942993,0.8401615023612976,0.8674995303153992,0.8384603261947632,0.8329185247421265,0.8303238153457642,0.8259638547897339,0.8259261846542358,0.812116801738739,0.8268215656280518,0.7904180884361267,0.8086312413215637,0.7461261749267578,0.8417780995368958,0.7876335978507996,0.7976187467575073,0.7678631544113159,0.7739750742912292,0.7823601961135864,0.7650243639945984,0.7361534833908081,0.7678062915802002,0.7876860499382019,0.8032592535018921,0.7923972606658936,0.7901713848114014,0.7536613941192627,0.7884645462036133,0.7893264293670654,0.7908243536949158,0.7721113562583923,0.7766050100326538,0.7334089279174805,0.6144077777862549,0.6454228758811951,0.5741854310035706,0.5329599380493164,0.5467520952224731,0.4759250283241272
