,0,5,10,15,20,25,30,35,40,45,50,55,60,65,70,75,80,85,90,95,100,105,110,115,120,125,130,135,140,145,150,155,160,165,170,175,180,185,190,195,200,205,210,215,220,225,230,235,240,245,250,255,260,265,270,275,280,285,290,295,300,305,310,315,320,325,330,335,340,345,350,355
0,1.000000238418579,0.9781329035758972,0.9680890440940857,0.926653265953064,0.8646888732910156,0.8218090534210205,0.7840914130210876,0.8218884468078613,0.7927982211112976,0.8637722134590149,0.8969653248786926,0.94461590051651,0.9567480683326721,0.9446673393249512,0.9365278482437134,0.9391708374023438,0.9216788411140442,0.9173441529273987,0.9255301356315613,0.9128191471099854,0.883512020111084,0.8845784068107605,0.8778392672538757,0.8754767179489136,0.8915838003158569,0.8786881566047668,0.880477786064148,0.8818566203117371,0.8753234148025513,0.8638141751289368,0.8600764274597168,0.8602116107940674,0.8828946948051453,0.8900097012519836,0.8956394195556641,0.907078206539154,0.8991689682006836,0.9256554245948792,0.9234407544136047,0.9305517673492432,0.9163765907287598,0.9060645699501038,0.9008004069328308,0.8731578588485718,0.9055349826812744,0.9203790426254272,0.9129674434661865,0.9302501678466797,0.9309190511703491,0.9186104536056519,0.8970910310745239,0.9065136909484863,0.8996723890304565,0.887442409992218,0.896217942237854,0.8880054950714111,0.8868246078491211,0.8722634315490723,0.8614113330841064,0.8492071032524109,0.859328031539917,0.8374295234680176,0.8447517156600952,0.860265851020813,0.8745480179786682,0.8893653154373169,0.8816726207733154,0.9066345691680908,0.9358119964599609,0.9466440081596375,0.9667153358459473,0.9782482981681824
5,0.9781329035758972,1.0,0.981135368347168,0.9518753290176392,0.8870092034339905,0.8362546563148499,0.7953492999076843,0.8246113657951355,0.8040698170661926,0.8854824900627136,0.9026147127151489,0.951154351234436,0.9619311094284058,0.9518930315971375,0.9383851289749146,0.9476138949394226,0.9290854930877686,0.9213799238204956,0.9238499402999878,0.9187900424003601,0.8933713436126709,0.8949030637741089,0.8907155394554138,0.8925120234489441,0.9023069143295288,0.8891562819480896,0.8896607756614685,0.8915126919746399,0.8826292753219604,0.8736490607261658,0.8736558556556702,0.8743298649787903,0.8955866098403931,0.9037251472473145,0.9075862169265747,0.923500120639801,0.9123959541320801,0.9440468549728394,0.9422829747200012,0.9409171938896179,0.9392746686935425,0.9155535101890564,0.9349088668823242,0.8974998593330383,0.9291688203811646,0.9404139518737793,0.93345707654953,0.945502519607544,0.941041111946106,0.9218671321868896,0.8938212394714355,0.9016062021255493,0.8944786190986633,0.8869109749794006,0.8948456645011902,0.8900330066680908,0.8890588283538818,0.8794589042663574,0.875072181224823,0.8614964485168457,0.8690782785415649,0.8463863134384155,0.853988528251648,0.8684412837028503,0.8790236711502075,0.8914275169372559,0.8839897513389587,0.9063556790351868,0.928215742111206,0.9348938465118408,0.9482167959213257,0.9680797457695007
10,0.9680890440940857,0.981135368347168,1.0000001192092896,0.9814789891242981,0.9329150319099426,0.8934576511383057,0.860366940498352,0.8857356905937195,0.8688452839851379,0.9270976781845093,0.947079062461853,0.9712099432945251,0.9619606733322144,0.9389493465423584,0.9199290871620178,0.9331539869308472,0.914400577545166,0.9014979600906372,0.9044899940490723,0.8970576524734497,0.871845543384552,0.8747943639755249,0.8727576732635498,0.8785912394523621,0.8843989372253418,0.8669541478157043,0.8668695092201233,0.8697828650474548,0.8608704805374146,0.8561322689056396,0.857218325138092,0.8622011542320251,0.8800175189971924,0.8851504325866699,0.8870162963867188,0.9117389917373657,0.9163427352905273,0.9442178010940552,0.9484031796455383,0.9514657855033875,0.9482200145721436,0.9281011819839478,0.9456564784049988,0.9273452758789062,0.9205243587493896,0.9449713826179504,0.924005389213562,0.9408503770828247,0.9450666308403015,0.9154515862464905,0.8938581943511963,0.894877552986145,0.8839865326881409,0.8819835782051086,0.8836039304733276,0.8822152018547058,0.8819489479064941,0.8705037832260132,0.8603537082672119,0.8486666679382324,0.854563295841217,0.8388630151748657,0.8485491275787354,0.8647860288619995,0.8682444095611572,0.8770890831947327,0.8660116195678711,0.8892921805381775,0.9123928546905518,0.9213429093360901,0.931391179561615,0.9605695009231567
15,0.926653265953064,0.9518753290176392,0.9814789891242981,1.000000238418579,0.9701710343360901,0.9353160858154297,0.9047508239746094,0.9187909364700317,0.9141511917114258,0.9609744548797607,0.9594130516052246,0.9621374607086182,0.9365416765213013,0.9066789150238037,0.88283771276474,0.9008604884147644,0.884596586227417,0.8618069887161255,0.8606070876121521,0.8560143709182739,0.8359470367431641,0.8358423113822937,0.8429547548294067,0.8548744916915894,0.8503062129020691,0.8291212916374207,0.8281683325767517,0.8324824571609497,0.8243927359580994,0.827001690864563,0.8298456072807312,0.8390806913375854,0.8536770343780518,0.8599623441696167,0.8586605787277222,0.8966399431228638,0.9103954434394836,0.9334225058555603,0.9452168941497803,0.9462530016899109,0.9527519345283508,0.9263786673545837,0.9620587229728699,0.9494954943656921,0.9216145277023315,0.9476619362831116,0.9193314909934998,0.9288495779037476,0.9363025426864624,0.8979629278182983,0.8758653402328491,0.8696783185005188,0.8567143678665161,0.8586891889572144,0.8533331155776978,0.8564846515655518,0.8579356074333191,0.8467957973480225,0.8383104801177979,0.8279617428779602,0.8324517011642456,0.8231534957885742,0.8333986401557922,0.8484010100364685,0.8406763076782227,0.8486298322677612,0.8381514549255371,0.8661776781082153,0.8806795477867126,0.8892065286636353,0.8916385769844055,0.928077220916748
20,0.8646888732910156,0.8870092034339905,0.9329150319099426,0.9701710343360901,1.0000001192092896,0.9747710227966309,0.9630708694458008,0.963273286819458,0.9625044465065002,0.9729640483856201,0.9549546241760254,0.9236947298049927,0.8797356486320496,0.8411744832992554,0.8107621669769287,0.8322314023971558,0.8173303604125977,0.7825406789779663,0.7808965444564819,0.7755382061004639,0.7560160756111145,0.7543510794639587,0.770675778388977,0.7886267900466919,0.7740018963813782,0.7472055554389954,0.7475215196609497,0.7555989027023315,0.746321976184845,0.754252552986145,0.7580906748771667,0.7754587531089783,0.7869864106178284,0.792728066444397,0.7865337133407593,0.8428871631622314,0.8743374943733215,0.8845256567001343,0.9113651514053345,0.9247251749038696,0.9254248142242432,0.911562442779541,0.9463988542556763,0.9546327590942383,0.8936560153961182,0.9221502542495728,0.8750210404396057,0.883787214756012,0.8981555104255676,0.8476364612579346,0.8271950483322144,0.8107717037200928,0.7945629954338074,0.7984001636505127,0.7847306728363037,0.7892724275588989,0.7938493490219116,0.779693603515625,0.7695469856262207,0.7592840194702148,0.7629257440567017,0.7619913220405579,0.7741297483444214,0.7918556928634644,0.7723583579063416,0.7749443054199219,0.7650144100189209,0.798616349697113,0.8105452060699463,0.8258160948753357,0.8250989317893982,0.8682314157485962
25,0.8218090534210205,0.8362546563148499,0.8934576511383057,0.9353160858154297,0.9747710227966309,1.0,0.9792762994766235,0.9744201302528381,0.9732391238212585,0.9634984135627747,0.9510422945022583,0.8881348967552185,0.8366309404373169,0.7913728356361389,0.7562240362167358,0.7767461538314819,0.7585557699203491,0.7282770872116089,0.731367290019989,0.719057559967041,0.6995999217033386,0.6968851089477539,0.7076512575149536,0.7237160801887512,0.7142602801322937,0.688308835029602,0.6899800896644592,0.6964436769485474,0.6876701712608337,0.6922062039375305,0.6943526864051819,0.7085163593292236,0.7185814380645752,0.7274366617202759,0.7184122204780579,0.7754004001617432,0.8207642436027527,0.8243064880371094,0.867584764957428,0.8973438143730164,0.9083033204078674,0.902474045753479,0.9179385304450989,0.9340869188308716,0.8564301133155823,0.880923330783844,0.8147772550582886,0.8238017559051514,0.8416374921798706,0.7900968790054321,0.7707443833351135,0.7535253763198853,0.7365846037864685,0.739261269569397,0.7295259833335876,0.7329050302505493,0.7413050532341003,0.7239418029785156,0.7102566361427307,0.7032186985015869,0.7042016386985779,0.7043341994285583,0.7147272229194641,0.7333248257637024,0.7149412631988525,0.7192087769508362,0.7070299386978149,0.7422193288803101,0.7607653141021729,0.7692912220954895,0.773430347442627,0.8161680102348328
30,0.7840914130210876,0.7953492999076843,0.860366940498352,0.9047508239746094,0.9630708694458008,0.9792762994766235,1.0000001192092896,0.9865215420722961,0.9815765619277954,0.9456011652946472,0.9204025864601135,0.8540672063827515,0.8016190528869629,0.757977306842804,0.7239252924919128,0.7478529214859009,0.7289235591888428,0.6908551454544067,0.6889247894287109,0.6791779398918152,0.6619099378585815,0.6570357084274292,0.6751934289932251,0.6933284997940063,0.6781917810440063,0.6524157524108887,0.6541607975959778,0.6620078086853027,0.6515380144119263,0.6619386076927185,0.6657353043556213,0.6877667903900146,0.6963708996772766,0.7026530504226685,0.6930320858955383,0.7566870450973511,0.8019498586654663,0.797614574432373,0.8435782194137573,0.8716995120048523,0.866287112236023,0.8657243847846985,0.8879885673522949,0.9158705472946167,0.8313665986061096,0.8559279441833496,0.7908292412757874,0.8013060092926025,0.8203268051147461,0.7654715180397034,0.748936653137207,0.724916934967041,0.7056849002838135,0.7142199277877808,0.699029803276062,0.7044891119003296,0.7119055986404419,0.6968101859092712,0.6846844553947449,0.6761643886566162,0.6742836236953735,0.6738988161087036,0.6850165724754333,0.7039608955383301,0.6841316223144531,0.6838070154190063,0.6750218868255615,0.7125133275985718,0.7240785360336304,0.7392868995666504,0.7373574376106262,0.7797073721885681
35,0.8218884468078613,0.8246113657951355,0.8857356905937195,0.9187909364700317,0.963273286819458,0.9744201302528381,0.9865215420722961,0.9999998807907104,0.9830430150032043,0.9545423984527588,0.943376898765564,0.8831456303596497,0.8322970867156982,0.7924932241439819,0.7607961893081665,0.7796935439109802,0.7608140707015991,0.7276026010513306,0.7292404770851135,0.7156263589859009,0.6984231472015381,0.6943151354789734,0.7086533904075623,0.7263901829719543,0.7145242691040039,0.689090371131897,0.6904626488685608,0.6978880167007446,0.6896260976791382,0.6982408761978149,0.7021099328994751,0.7196651101112366,0.7273830771446228,0.7326340675354004,0.7236618399620056,0.7794751524925232,0.8216299414634705,0.8222394585609436,0.8636988997459412,0.8943995833396912,0.8919216394424438,0.8829352259635925,0.8983598947525024,0.9241676330566406,0.8586417436599731,0.8831447958946228,0.8182351589202881,0.8325908184051514,0.8495176434516907,0.7987602949142456,0.7847660779953003,0.762754499912262,0.7433333396911621,0.7502748370170593,0.7384536266326904,0.7441999912261963,0.7516618967056274,0.7353454232215881,0.720992386341095,0.71334308385849,0.7118256092071533,0.7100056409835815,0.719612181186676,0.7389159798622131,0.7221904397010803,0.7246143221855164,0.7133471965789795,0.7497377395629883,0.7648096680641174,0.7735468745231628,0.7745421528816223,0.8147448301315308
40,0.7927982211112976,0.8040698170661926,0.8688452839851379,0.9141511917114258,0.9625044465065002,0.9732391238212585,0.9815765619277954,0.9830430150032043,1.0,0.9668830633163452,0.9386810064315796,0.8716728091239929,0.8179875016212463,0.7745549082756042,0.740832507610321,0.7625558972358704,0.7448226809501648,0.7073855996131897,0.7064323425292969,0.6959294080734253,0.6801999807357788,0.6748481392860413,0.6935017704963684,0.7125886678695679,0.6946038007736206,0.6694339513778687,0.6709903478622437,0.6804898381233215,0.6707941293716431,0.6813292503356934,0.6857142448425293,0.7073698043823242,0.7126027345657349,0.7192962169647217,0.7084915041923523,0.7708980441093445,0.8182988166809082,0.8112832903862,0.8560417890548706,0.8793542981147766,0.877202033996582,0.8664862513542175,0.8944315314292908,0.924239993095398,0.8395801186561584,0.8678236603736877,0.8056897521018982,0.8168600797653198,0.8368522524833679,0.787169337272644,0.7727551460266113,0.7462536692619324,0.7275381684303284,0.7362563014030457,0.7200109362602234,0.7289878129959106,0.7354908585548401,0.7195479869842529,0.7068226337432861,0.6984705328941345,0.6963975429534912,0.6970149278640747,0.7083979845046997,0.7280237674713135,0.705944299697876,0.7064933776855469,0.6969925165176392,0.7352932691574097,0.745229184627533,0.757408618927002,0.7541673183441162,0.7942373752593994
45,0.8637722134590149,0.8854824900627136,0.9270976781845093,0.9609744548797607,0.9729640483856201,0.9634984135627747,0.9456011652946472,0.9545423984527588,0.9668830633163452,1.0000001192092896,0.9742687940597534,0.9335301518440247,0.8949030637741089,0.852005660533905,0.817804217338562,0.8357480764389038,0.8158584833145142,0.7842592597007751,0.7835164070129395,0.773019552230835,0.7508427500724792,0.7473621368408203,0.759529173374176,0.7750018239021301,0.763738751411438,0.740574836730957,0.7427990436553955,0.7507883906364441,0.7404682636260986,0.7447265982627869,0.7464898824691772,0.7610427141189575,0.772695004940033,0.7810295820236206,0.7775337100028992,0.8379896879196167,0.8749529719352722,0.8772950172424316,0.9150364398956299,0.9371417164802551,0.9412213563919067,0.9268926382064819,0.9451372027397156,0.9458411931991577,0.8951365351676941,0.915581464767456,0.8627649545669556,0.8765034675598145,0.8870772123336792,0.8361501693725586,0.813503086566925,0.7982615232467651,0.7829475402832031,0.782071590423584,0.7749833464622498,0.7811771631240845,0.7857103943824768,0.7685525417327881,0.757663905620575,0.7492700815200806,0.7503633499145508,0.7448115348815918,0.7568174600601196,0.7734931111335754,0.7586674690246582,0.7630715370178223,0.7548384666442871,0.7917770147323608,0.8097712397575378,0.8205699920654297,0.8238187432289124,0.8580805063247681
50,0.8969653248786926,0.9026147127151489,0.947079062461853,0.9594130516052246,0.9549546241760254,0.9510422945022583,0.9204025864601135,0.943376898765564,0.9386810064315796,0.9742687940597534,1.000000238418579,0.9624693393707275,0.9237385988235474,0.883009135723114,0.8488234281539917,0.8621159195899963,0.8410535454750061,0.820654571056366,0.8243313431739807,0.8085053563117981,0.7852239012718201,0.7862603068351746,0.7896438837051392,0.8016923069953918,0.797775387763977,0.77313631772995,0.7748876810073853,0.7803071141242981,0.7730265855789185,0.772779643535614,0.7749815583229065,0.7837064266204834,0.7973968982696533,0.801236093044281,0.8005266785621643,0.8456541299819946,0.8790411949157715,0.8934511542320251,0.9233243465423584,0.9401863217353821,0.9486380219459534,0.9308003783226013,0.9344582557678223,0.9358378648757935,0.8913522362709045,0.9220902323722839,0.8698070645332336,0.8918997645378113,0.9038881063461304,0.8548027276992798,0.837943971157074,0.8275863528251648,0.8104433417320251,0.8095334768295288,0.8079289197921753,0.8115060925483704,0.8155280351638794,0.7962900996208191,0.782119631767273,0.7772107124328613,0.7794138789176941,0.774590015411377,0.7836089730262756,0.8008031249046326,0.7903752326965332,0.7982159852981567,0.783481240272522,0.8145857453346252,0.8427055478096008,0.8450614213943481,0.8547983169555664,0.886363685131073
55,0.94461590051651,0.951154351234436,0.9712099432945251,0.9621374607086182,0.9236947298049927,0.8881348967552185,0.8540672063827515,0.8831456303596497,0.8716728091239929,0.9335301518440247,0.9624693393707275,1.0000001192092896,0.9841668605804443,0.9555655717849731,0.9308281540870667,0.9439292550086975,0.9260901212692261,0.9123488068580627,0.9107555150985718,0.9039390087127686,0.8808678984642029,0.8848069310188293,0.8848715424537659,0.893714964389801,0.8947062492370605,0.8747034668922424,0.8735842704772949,0.8788143992424011,0.8733222484588623,0.8699136972427368,0.8701483607292175,0.8771582841873169,0.8943638205528259,0.8953487873077393,0.899732768535614,0.928502082824707,0.9360243678092957,0.9576153755187988,0.9588390588760376,0.9510761499404907,0.9413167238235474,0.9114689230918884,0.9364694356918335,0.9107442498207092,0.9095419645309448,0.9374634623527527,0.927063524723053,0.9384089112281799,0.9381641149520874,0.908898115158081,0.8922984600067139,0.8962166905403137,0.8844786286354065,0.8837380409240723,0.8864521980285645,0.8860810399055481,0.8880694508552551,0.8724180459976196,0.8608115911483765,0.8528645038604736,0.8597710132598877,0.8527129888534546,0.8615973591804504,0.8761690258979797,0.875235378742218,0.8816855549812317,0.8677904009819031,0.8889926075935364,0.913129448890686,0.9192436933517456,0.9234999418258667,0.9428046941757202
60,0.9567480683326721,0.9619311094284058,0.9619606733322144,0.9365416765213013,0.8797356486320496,0.8366309404373169,0.8016190528869629,0.8322970867156982,0.8179875016212463,0.8949030637741089,0.9237385988235474,0.9841668605804443,1.0000001192092896,0.9815624356269836,0.9600562453269958,0.9682036638259888,0.9511277675628662,0.9429566860198975,0.9410001039505005,0.9332662224769592,0.9098292589187622,0.9131748676300049,0.9090961217880249,0.9120006561279297,0.9209305047988892,0.9064204096794128,0.9053845405578613,0.9083176255226135,0.9025705456733704,0.8949804306030273,0.8935793042182922,0.8959863185882568,0.9152199029922485,0.921048104763031,0.927569568157196,0.9427973031997681,0.9341694712638855,0.9581517577171326,0.9530971050262451,0.9396164417266846,0.928335428237915,0.8942759037017822,0.918679416179657,0.8780009746551514,0.9042413234710693,0.9255751371383667,0.9337213635444641,0.9428580403327942,0.9370774030685425,0.919500470161438,0.9000359773635864,0.9097965955734253,0.9040411710739136,0.8968272805213928,0.9059993624687195,0.9036985039710999,0.9036938548088074,0.8902873396873474,0.8795672655105591,0.8699965476989746,0.8782479166984558,0.8651956915855408,0.8727890253067017,0.8854546546936035,0.8934162855148315,0.9013182520866394,0.8907639980316162,0.9082571864128113,0.9329559206962585,0.9368636608123779,0.9454594850540161,0.9544682502746582
65,0.9446673393249512,0.9518930315971375,0.9389493465423584,0.9066789150238037,0.8411744832992554,0.7913728356361389,0.757977306842804,0.7924932241439819,0.7745549082756042,0.852005660533905,0.883009135723114,0.9555655717849731,0.9815624356269836,0.9999998807907104,0.9877623915672302,0.9865989089012146,0.9742401838302612,0.9704836010932922,0.9650102853775024,0.958575963973999,0.946794867515564,0.9464874863624573,0.9430609941482544,0.9436033964157104,0.9488228559494019,0.9383938908576965,0.9365411996841431,0.9368272423744202,0.9346144199371338,0.9288074970245361,0.926540195941925,0.9253308176994324,0.9373985528945923,0.948967695236206,0.9573408365249634,0.9551737904548645,0.9340648651123047,0.9593908786773682,0.9438570737838745,0.9057214260101318,0.9027336239814758,0.8478042483329773,0.8983039855957031,0.8490317463874817,0.9016398191452026,0.9142682552337646,0.946528434753418,0.9473212957382202,0.9332877993583679,0.9351953864097595,0.9167844653129578,0.925774335861206,0.9255934357643127,0.9170253276824951,0.929363489151001,0.928844690322876,0.9295095801353455,0.9194357991218567,0.9164186120033264,0.911003589630127,0.9159078001976013,0.9026210904121399,0.9097107648849487,0.9183598756790161,0.9278726577758789,0.9334007501602173,0.9276201725006104,0.9410145282745361,0.9546805620193481,0.9483513832092285,0.9522658586502075,0.9567074775695801
70,0.9365278482437134,0.9383851289749146,0.9199290871620178,0.88283771276474,0.8107621669769287,0.7562240362167358,0.7239252924919128,0.7607961893081665,0.740832507610321,0.817804217338562,0.8488234281539917,0.9308281540870667,0.9600562453269958,0.9877623915672302,1.000000238418579,0.9874868392944336,0.9827142953872681,0.9820131063461304,0.9772748947143555,0.9701281189918518,0.9602413177490234,0.9576916694641113,0.9528301954269409,0.9493868350982666,0.9566752910614014,0.9495264887809753,0.9495452046394348,0.9491534233093262,0.9455978870391846,0.939692497253418,0.9363150000572205,0.9332152605056763,0.9409069418907166,0.9569516777992249,0.9659976363182068,0.9526345729827881,0.9222386479377747,0.947411298751831,0.9266536235809326,0.8820315003395081,0.8722751140594482,0.815768837928772,0.8707879185676575,0.8219211101531982,0.8859695196151733,0.8942412734031677,0.9406377077102661,0.939603328704834,0.9226211309432983,0.9423787593841553,0.9307666420936584,0.9410781860351562,0.9434159994125366,0.9353219270706177,0.945432186126709,0.9408011436462402,0.9419940710067749,0.9327074885368347,0.9324616193771362,0.9256526827812195,0.9268748760223389,0.912858247756958,0.9199050664901733,0.9274786710739136,0.940610408782959,0.9461644887924194,0.942771315574646,0.9506506323814392,0.9609866142272949,0.9561916589736938,0.95482337474823,0.9528408646583557
75,0.9391708374023438,0.9476138949394226,0.9331539869308472,0.9008604884147644,0.8322314023971558,0.7767461538314819,0.7478529214859009,0.7796935439109802,0.7625558972358704,0.8357480764389038,0.8621159195899963,0.9439292550086975,0.9682036638259888,0.9865989089012146,0.9874868392944336,1.0000001192092896,0.9889651536941528,0.9830319881439209,0.9771322011947632,0.9752621650695801,0.9655108451843262,0.9651443958282471,0.9644477367401123,0.9638851881027222,0.9699733257293701,0.9619197845458984,0.9606544971466064,0.9619543552398682,0.9570016860961914,0.9524419903755188,0.9493929147720337,0.9500067234039307,0.9604741334915161,0.9688363075256348,0.9727833867073059,0.9656437039375305,0.9404215216636658,0.9608414173126221,0.9388203620910645,0.8978756666183472,0.88348388671875,0.8296124935150146,0.8903689384460449,0.8409736156463623,0.9007468819618225,0.9134880304336548,0.9532564878463745,0.9490199089050293,0.93477863073349,0.944019079208374,0.9280982613563538,0.9390992522239685,0.937943696975708,0.9365787506103516,0.9468705058097839,0.9431300759315491,0.9442794322967529,0.9389012455940247,0.9380821585655212,0.9289014935493469,0.933837890625,0.918254017829895,0.9218630790710449,0.934246301651001,0.945095956325531,0.9500143527984619,0.9458373188972473,0.9539903998374939,0.9619628190994263,0.9617301821708679,0.957086980342865,0.9565004110336304
80,0.9216788411140442,0.9290854930877686,0.914400577545166,0.884596586227417,0.8173303604125977,0.7585557699203491,0.7289235591888428,0.7608140707015991,0.7448226809501648,0.8158584833145142,0.8410535454750061,0.9260901212692261,0.9511277675628662,0.9742401838302612,0.9827142953872681,0.9889651536941528,1.0,0.9922962188720703,0.9839346408843994,0.9822437167167664,0.9776121973991394,0.9771156907081604,0.9754869937896729,0.9736706614494324,0.9763674736022949,0.9704390168190002,0.9706905484199524,0.9709386825561523,0.9653259515762329,0.9643115997314453,0.9584503173828125,0.9571749567985535,0.9644496440887451,0.9743363261222839,0.9767064452171326,0.9610104560852051,0.9315423369407654,0.9543313980102539,0.9279589056968689,0.8782719373703003,0.8616437911987305,0.8050444722175598,0.8716345429420471,0.8236544132232666,0.8831842541694641,0.8967378735542297,0.9457615613937378,0.9346270561218262,0.9225624799728394,0.9503770470619202,0.9436931610107422,0.9542453289031982,0.9561905860900879,0.9570811986923218,0.9639759063720703,0.9596117734909058,0.9608968496322632,0.9540209770202637,0.9551467299461365,0.9462052583694458,0.9495024681091309,0.9378952383995056,0.9412659406661987,0.9504045844078064,0.9591161608695984,0.9605212807655334,0.9612095952033997,0.9626071453094482,0.9660500884056091,0.966812789440155,0.9572575092315674,0.9519111514091492
85,0.9173441529273987,0.9213799238204956,0.9014979600906372,0.8618069887161255,0.7825406789779663,0.7282770872116089,0.6908551454544067,0.7276026010513306,0.7073855996131897,0.7842592597007751,0.820654571056366,0.9123488068580627,0.9429566860198975,0.9704836010932922,0.9820131063461304,0.9830319881439209,0.9922962188720703,1.0,0.9929317235946655,0.9899712204933167,0.9844892621040344,0.9848811626434326,0.9760590195655823,0.9700069427490234,0.9788347482681274,0.975334644317627,0.9760187864303589,0.9741334319114685,0.969897985458374,0.9625385403633118,0.9560920000076294,0.9498012661933899,0.9560248255729675,0.9660901427268982,0.9710097908973694,0.9440048336982727,0.9084490537643433,0.9364533424377441,0.9046916365623474,0.8553276062011719,0.8490347862243652,0.7884506583213806,0.8484614491462708,0.7980966567993164,0.8632054328918457,0.8781882524490356,0.927956759929657,0.917983889579773,0.9044333696365356,0.9376922249794006,0.9299020767211914,0.9459916949272156,0.9508664608001709,0.9492846131324768,0.962197482585907,0.9559773802757263,0.9585182666778564,0.9526232481002808,0.9522109627723694,0.945020318031311,0.9482172727584839,0.9349215030670166,0.9362876415252686,0.9438810348510742,0.9585227370262146,0.9613149166107178,0.9605141878128052,0.957237958908081,0.9663645029067993,0.9612591862678528,0.952988862991333,0.9412731528282166
90,0.9255301356315613,0.9238499402999878,0.9044899940490723,0.8606070876121521,0.7808965444564819,0.731367290019989,0.6889247894287109,0.7292404770851135,0.7064323425292969,0.7835164070129395,0.8243313431739807,0.9107555150985718,0.9410001039505005,0.9650102853775024,0.9772748947143555,0.9771322011947632,0.9839346408843994,0.9929317235946655,1.000000238418579,0.9928645491600037,0.9839153289794922,0.9839216470718384,0.9729284048080444,0.9637819528579712,0.9778913259506226,0.9748437404632568,0.9762401580810547,0.9733968377113342,0.9697023630142212,0.9588517546653748,0.9509257674217224,0.9409530758857727,0.9480973482131958,0.958663284778595,0.9621327519416809,0.9301273226737976,0.8964914083480835,0.9244471788406372,0.8947336673736572,0.8579790592193604,0.8528767824172974,0.7957307696342468,0.8464007377624512,0.8012755513191223,0.8636131882667542,0.8783376216888428,0.9193665981292725,0.9127764105796814,0.9006617665290833,0.9337247014045715,0.9276594519615173,0.9461979866027832,0.9505581855773926,0.9461538791656494,0.9620777368545532,0.9531339406967163,0.9549791812896729,0.9483023285865784,0.9436212182044983,0.9364109039306641,0.9432196021080017,0.9285358190536499,0.9289497137069702,0.9389323592185974,0.9557788372039795,0.9613897800445557,0.9573431015014648,0.9534605145454407,0.9660465121269226,0.9606688022613525,0.9561917781829834,0.9451730251312256
95,0.9128191471099854,0.9187900424003601,0.8970576524734497,0.8560143709182739,0.7755382061004639,0.719057559967041,0.6791779398918152,0.7156263589859009,0.6959294080734253,0.773019552230835,0.8085053563117981,0.9039390087127686,0.9332662224769592,0.958575963973999,0.9701281189918518,0.9752621650695801,0.9822437167167664,0.9899712204933167,0.9928645491600037,1.0,0.9883385896682739,0.9903233647346497,0.9799243211746216,0.973560631275177,0.9841912388801575,0.9807699918746948,0.9811163544654846,0.9794954061508179,0.9755546450614929,0.9644866585731506,0.9568327069282532,0.947267472743988,0.9574133157730103,0.9656019806861877,0.9678860902786255,0.9346502423286438,0.8964332938194275,0.9264507293701172,0.8881241679191589,0.8442651629447937,0.8376789093017578,0.7791464328765869,0.8378347158432007,0.7907373905181885,0.8528619408607483,0.8693801164627075,0.9171313047409058,0.9045482277870178,0.8914878964424133,0.9269009828567505,0.9218321442604065,0.9432083964347839,0.9478775262832642,0.9474119544029236,0.9614078998565674,0.9532588720321655,0.9541491866111755,0.9504348635673523,0.9490101337432861,0.9401460886001587,0.9476335048675537,0.93337482213974,0.9344810247421265,0.9434417486190796,0.9609187841415405,0.9626060724258423,0.9598003029823303,0.951893150806427,0.9600729942321777,0.9594045281410217,0.9505301117897034,0.9389485716819763
100,0.883512020111084,0.8933713436126709,0.871845543384552,0.8359470367431641,0.7560160756111145,0.6995999217033386,0.6619099378585815,0.6984231472015381,0.6801999807357788,0.7508427500724792,0.7852239012718201,0.8808678984642029,0.9098292589187622,0.946794867515564,0.9602413177490234,0.9655108451843262,0.9776121973991394,0.9844892621040344,0.9839153289794922,0.9883385896682739,0.9999998211860657,0.9961007833480835,0.9924609661102295,0.9854089021682739,0.9890415668487549,0.9863050580024719,0.9850910305976868,0.9810501337051392,0.9818198680877686,0.9780704379081726,0.9718713760375977,0.9609602689743042,0.9623587727546692,0.9716260433197021,0.9731274247169495,0.9324692487716675,0.890822172164917,0.9165197610855103,0.8759827613830566,0.815785825252533,0.8148772120475769,0.7384891510009766,0.8243518471717834,0.7749159336090088,0.8456990122795105,0.859312891960144,0.917913556098938,0.898410975933075,0.886080265045166,0.9298011064529419,0.9272738695144653,0.9442600011825562,0.9515486359596252,0.952987015247345,0.9669313430786133,0.9612922072410583,0.964259922504425,0.963638186454773,0.9656533002853394,0.9636557102203369,0.9685840010643005,0.9568243622779846,0.9564089775085449,0.9618800282478333,0.974597692489624,0.9737144112586975,0.9723929166793823,0.9633143544197083,0.958784818649292,0.9456977248191833,0.9289044737815857,0.9195616245269775
105,0.8845784068107605,0.8949030637741089,0.8747943639755249,0.8358423113822937,0.7543510794639587,0.6968851089477539,0.6570357084274292,0.6943151354789734,0.6748481392860413,0.7473621368408203,0.7862603068351746,0.8848069310188293,0.9131748676300049,0.9464874863624573,0.9576916694641113,0.9651443958282471,0.9771156907081604,0.9848811626434326,0.9839216470718384,0.9903233647346497,0.9961007833480835,1.0,0.9920058846473694,0.9855735301971436,0.9910489320755005,0.9876787066459656,0.9851370453834534,0.9815428853034973,0.982235312461853,0.9767232537269592,0.9701245427131653,0.9592580795288086,0.9633904695510864,0.9686324596405029,0.9705028533935547,0.9298863410949707,0.8886314630508423,0.9171690940856934,0.8739656805992126,0.8164019584655762,0.8149930238723755,0.7425495386123657,0.8209333419799805,0.7712678909301758,0.8389293551445007,0.8559949994087219,0.9132529497146606,0.8965511918067932,0.8840104341506958,0.9240639209747314,0.9222609400749207,0.9412845373153687,0.9477713108062744,0.9505847692489624,0.9650076627731323,0.9590141773223877,0.9607502222061157,0.9610146284103394,0.9613677263259888,0.9573073983192444,0.9633364677429199,0.9528831243515015,0.9516430497169495,0.9586359262466431,0.9723643660545349,0.9706631302833557,0.9685980677604675,0.9550339579582214,0.953966498374939,0.9444460868835449,0.9295007586479187,0.9201371669769287
110,0.8778392672538757,0.8907155394554138,0.8727576732635498,0.8429547548294067,0.770675778388977,0.7076512575149536,0.6751934289932251,0.7086533904075623,0.6935017704963684,0.759529173374176,0.7896438837051392,0.8848715424537659,0.9090961217880249,0.9430609941482544,0.9528301954269409,0.9644477367401123,0.9754869937896729,0.9760590195655823,0.9729284048080444,0.9799243211746216,0.9924609661102295,0.9920058846473694,1.0,0.9944891333580017,0.9926921129226685,0.986847996711731,0.9822786450386047,0.9798713326454163,0.9815286993980408,0.9815268516540527,0.977118968963623,0.9710797071456909,0.9732661247253418,0.9756596088409424,0.9763096570968628,0.9409036040306091,0.8986518979072571,0.9239071607589722,0.8812796473503113,0.81888747215271,0.8151794075965881,0.7362422347068787,0.8304855823516846,0.782050609588623,0.8484177589416504,0.865818977355957,0.9259070158004761,0.9057043790817261,0.8957266807556152,0.9334266185760498,0.930168628692627,0.9435521364212036,0.9485988616943359,0.9527933597564697,0.9637343883514404,0.9611724615097046,0.9628613591194153,0.9651097059249878,0.9687429666519165,0.96607905626297,0.9721056222915649,0.9643661975860596,0.9635529518127441,0.9695398807525635,0.9757351875305176,0.9718667268753052,0.9711011052131653,0.9618040919303894,0.9537882804870605,0.9437952041625977,0.9249292612075806,0.9173427820205688
115,0.8754767179489136,0.8925120234489441,0.8785912394523621,0.8548744916915894,0.7886267900466919,0.7237160801887512,0.6933284997940063,0.7263901829719543,0.7125886678695679,0.7750018239021301,0.8016923069953918,0.893714964389801,0.9120006561279297,0.9436033964157104,0.9493868350982666,0.9638851881027222,0.9736706614494324,0.9700069427490234,0.9637819528579712,0.973560631275177,0.9854089021682739,0.9855735301971436,0.9944891333580017,1.0,0.9915395975112915,0.9809029698371887,0.9745767116546631,0.9740580320358276,0.9767327308654785,0.9791988134384155,0.9759788513183594,0.9721614122390747,0.9747844934463501,0.974007248878479,0.9747977256774902,0.9445751905441284,0.9057565331459045,0.931751549243927,0.8910841345787048,0.8268060684204102,0.8244118690490723,0.7437431812286377,0.8415645360946655,0.7921684980392456,0.8555014133453369,0.8743643760681152,0.9331133961677551,0.9121808409690857,0.9018688201904297,0.9324011206626892,0.9269871711730957,0.9401012659072876,0.9446548819541931,0.9505679607391357,0.9591532945632935,0.9587498903274536,0.9604833126068115,0.9625208377838135,0.9668701887130737,0.9650248885154724,0.9712675213813782,0.9662988185882568,0.9681763052940369,0.9735493063926697,0.9755818247795105,0.9706254601478577,0.9680748581886292,0.9616903066635132,0.9518691897392273,0.94132399559021,0.9218472838401794,0.9188003540039062
120,0.8915838003158569,0.9023069143295288,0.8843989372253418,0.8503062129020691,0.7740018963813782,0.7142602801322937,0.6781917810440063,0.7145242691040039,0.6946038007736206,0.763738751411438,0.797775387763977,0.8947062492370605,0.9209305047988892,0.9488228559494019,0.9566752910614014,0.9699733257293701,0.9763674736022949,0.9788347482681274,0.9778913259506226,0.9841912388801575,0.9890415668487549,0.9910489320755005,0.9926921129226685,0.9915395975112915,1.0000001192092896,0.9923987984657288,0.9866324663162231,0.9851314425468445,0.9863404631614685,0.9831122159957886,0.9782952666282654,0.9701810479164124,0.9755463004112244,0.9769958257675171,0.9770718812942505,0.9396023750305176,0.8995873928070068,0.9273491501808167,0.8856673836708069,0.8301453590393066,0.8272143602371216,0.7536783814430237,0.8371948003768921,0.7869472503662109,0.8554036021232605,0.8728446960449219,0.927490234375,0.9119080305099487,0.9019708037376404,0.9332082867622375,0.9265680313110352,0.9450854063034058,0.9506034851074219,0.9526273012161255,0.9671982526779175,0.9631321430206299,0.9638620615005493,0.9647770524024963,0.9638487100601196,0.9591087698936462,0.9658114314079285,0.9558921456336975,0.9556699991226196,0.9626607894897461,0.9720522165298462,0.971077024936676,0.9666599035263062,0.9592111706733704,0.9583236575126648,0.9487299919128418,0.9334667921066284,0.9253619313240051
125,0.8786881566047668,0.8891562819480896,0.8669541478157043,0.8291212916374207,0.7472055554389954,0.688308835029602,0.6524157524108887,0.689090371131897,0.6694339513778687,0.740574836730957,0.77313631772995,0.8747034668922424,0.9064204096794128,0.9383938908576965,0.9495264887809753,0.9619197845458984,0.9704390168190002,0.975334644317627,0.9748437404632568,0.9807699918746948,0.9863050580024719,0.9876787066459656,0.986847996711731,0.9809029698371887,0.9923987984657288,1.0000001192092896,0.9966435432434082,0.9943197965621948,0.9944120645523071,0.9901367425918579,0.9847920536994934,0.9748897552490234,0.9767053127288818,0.9769748449325562,0.9741023182868958,0.9309855103492737,0.8881936073303223,0.9127264618873596,0.8681120872497559,0.812592625617981,0.8069784641265869,0.7319298982620239,0.8166397213935852,0.765582799911499,0.8383610844612122,0.8556147813796997,0.9148779511451721,0.8989932537078857,0.8869887590408325,0.9248015880584717,0.9197428822517395,0.9393435120582581,0.9464726448059082,0.9482819437980652,0.964842677116394,0.9600877165794373,0.9598947763442993,0.9626444578170776,0.9614886045455933,0.9542587399482727,0.9606664180755615,0.9486437439918518,0.9461790919303894,0.9525322914123535,0.9656052589416504,0.9646602869033813,0.9635733366012573,0.951815664768219,0.950264036655426,0.9415069222450256,0.9243121147155762,0.9136046767234802
130,0.880477786064148,0.8896607756614685,0.8668695092201233,0.8281683325767517,0.7475215196609497,0.6899800896644592,0.6541607975959778,0.6904626488685608,0.6709903478622437,0.7427990436553955,0.7748876810073853,0.8735842704772949,0.9053845405578613,0.9365411996841431,0.9495452046394348,0.9606544971466064,0.9706905484199524,0.9760187864303589,0.9762401580810547,0.9811163544654846,0.9850910305976868,0.9851370453834534,0.9822786450386047,0.9745767116546631,0.9866324663162231,0.9966435432434082,1.0,0.9967663288116455,0.9941647052764893,0.9892255067825317,0.9834610223770142,0.9719630479812622,0.9728566408157349,0.9752390384674072,0.9707834124565125,0.9283976554870605,0.8855328559875488,0.9114955067634583,0.8690285682678223,0.8163537979125977,0.8067737817764282,0.7373816967010498,0.816100001335144,0.7674362063407898,0.8371480703353882,0.8535425662994385,0.9119600653648376,0.8974013328552246,0.8863855600357056,0.9255621433258057,0.9218136072158813,0.9421218037605286,0.949220597743988,0.9499201774597168,0.96509850025177,0.9596375226974487,0.9598376750946045,0.9613111019134521,0.9595925807952881,0.9507595300674438,0.9561430215835571,0.943565845489502,0.9408489465713501,0.9479013681411743,0.9621984958648682,0.9616723656654358,0.9605820178985596,0.9485582113265991,0.9489296674728394,0.9427105188369751,0.925155520439148,0.9140399098396301
135,0.8818566203117371,0.8915126919746399,0.8697828650474548,0.8324824571609497,0.7555989027023315,0.6964436769485474,0.6620078086853027,0.6978880167007446,0.6804898381233215,0.7507883906364441,0.7803071141242981,0.8788143992424011,0.9083176255226135,0.9368272423744202,0.9491534233093262,0.9619543552398682,0.9709386825561523,0.9741334319114685,0.9733968377113342,0.9794954061508179,0.9810501337051392,0.9815428853034973,0.9798713326454163,0.9740580320358276,0.9851314425468445,0.9943197965621948,0.9967663288116455,1.000000238418579,0.9957790374755859,0.9896427392959595,0.9852576851844788,0.97639000415802,0.9749858379364014,0.9761520624160767,0.9715869426727295,0.9330042004585266,0.8924553394317627,0.916075587272644,0.873670756816864,0.8201097249984741,0.8088809847831726,0.740351140499115,0.8187757730484009,0.7713277339935303,0.8390352725982666,0.8569185137748718,0.9134387969970703,0.8992501497268677,0.8880056142807007,0.925900936126709,0.9225249886512756,0.9410059452056885,0.9469996690750122,0.9481774568557739,0.9629606604576111,0.9571493268013,0.9589627981185913,0.9593513011932373,0.9572398662567139,0.9474072456359863,0.9524113535881042,0.9401889443397522,0.9375894665718079,0.945358395576477,0.9579380750656128,0.9567499160766602,0.9562064409255981,0.9451070427894592,0.9462863206863403,0.9433609247207642,0.9261021018028259,0.9144441485404968
140,0.8753234148025513,0.8826292753219604,0.8608704805374146,0.8243927359580994,0.746321976184845,0.6876701712608337,0.6515380144119263,0.6896260976791382,0.6707941293716431,0.7404682636260986,0.7730265855789185,0.8733222484588623,0.9025705456733704,0.9346144199371338,0.9455978870391846,0.9570016860961914,0.9653259515762329,0.969897985458374,0.9697023630142212,0.9755546450614929,0.9818198680877686,0.982235312461853,0.9815286993980408,0.9767327308654785,0.9863404631614685,0.9944120645523071,0.9941647052764893,0.9957790374755859,1.0,0.9945650100708008,0.9895596504211426,0.9788193702697754,0.9759054183959961,0.9750276207923889,0.9723676443099976,0.9284580945968628,0.8869867920875549,0.9104031324386597,0.8644760847091675,0.8084515929222107,0.8032880425453186,0.7272416353225708,0.8117685317993164,0.7630921602249146,0.8332785964012146,0.8513134121894836,0.9109630584716797,0.8956825733184814,0.8850783109664917,0.9232583045959473,0.9193239212036133,0.9386478662490845,0.945044755935669,0.9456403851509094,0.9627425670623779,0.9576793909072876,0.9598438739776611,0.9619704484939575,0.9587563276290894,0.9517258405685425,0.9585617780685425,0.9483741521835327,0.9454606175422668,0.9514811635017395,0.9633100628852844,0.9615495800971985,0.960516095161438,0.9478908777236938,0.9459852576255798,0.9384704232215881,0.9196391105651855,0.909341037273407
