,0,5,10,15,20,25,30,35,40,45,50,55,60,65,70,75,80,85,90,95,100,105,110,115,120,125,130,135,140,145,150,155,160,165,170,175,180,185,190,195,200,205,210,215,220,225,230,235,240,245,250,255,260,265,270,275,280,285,290,295,300,305,310,315,320,325,330,335,340,345,350,355
0,1.000000238418579,0.9608524441719055,0.9330284595489502,0.8906434774398804,0.8268047571182251,0.7864824533462524,0.6763734817504883,0.6393495202064514,0.7027835249900818,0.7372257709503174,0.7563169002532959,0.7581912279129028,0.750116765499115,0.7021975517272949,0.6822856664657593,0.656556248664856,0.6041161417961121,0.6149287223815918,0.582706093788147,0.5934410095214844,0.591229259967804,0.5853891372680664,0.5711694955825806,0.5877493023872375,0.5735546350479126,0.57149338722229,0.5545476675033569,0.5532245635986328,0.5191774368286133,0.4929541051387787,0.49412092566490173,0.5155869722366333,0.4935261309146881,0.5037052631378174,0.5473540425300598,0.5398091077804565,0.5828412771224976,0.5911120772361755,0.6127601861953735,0.6513609886169434,0.5759347677230835,0.5310356020927429,0.48164159059524536,0.6643399596214294,0.6742520928382874,0.6230613589286804,0.5968227386474609,0.5653290748596191,0.530716061592102,0.5429809093475342,0.5783458352088928,0.5916043519973755,0.5818864107131958,0.5551466941833496,0.5789965987205505,0.5879790186882019,0.6036803722381592,0.6137818098068237,0.6354371905326843,0.629538357257843,0.6153484582901001,0.644974410533905,0.6454856395721436,0.6961185932159424,0.747736930847168,0.8014397025108337,0.8420809507369995,0.8700053691864014,0.8926962018013,0.9238448739051819,0.9485654830932617,0.9587129950523376
5,0.9608524441719055,1.000000238418579,0.9703459739685059,0.9255191087722778,0.8721699714660645,0.8444318771362305,0.7276475429534912,0.658358633518219,0.7145830988883972,0.7386875152587891,0.7525118589401245,0.7681493759155273,0.7647361755371094,0.7194454669952393,0.6916224956512451,0.6705200672149658,0.6117755770683289,0.6156262159347534,0.5867924094200134,0.5974494218826294,0.5951724648475647,0.5817754864692688,0.5634572505950928,0.5741429328918457,0.553359866142273,0.5506218075752258,0.5338386297225952,0.5312552452087402,0.4972885847091675,0.4677140712738037,0.46117520332336426,0.48482009768486023,0.4641014635562897,0.4717905521392822,0.5178506374359131,0.5068711638450623,0.542468786239624,0.5501404404640198,0.5784846544265747,0.6068465709686279,0.5455294847488403,0.49390876293182373,0.4509003162384033,0.6143418550491333,0.6226804256439209,0.5761559009552002,0.5574150085449219,0.5304191708564758,0.49514734745025635,0.5142474174499512,0.543061375617981,0.5561647415161133,0.5439403057098389,0.5209918022155762,0.5413353443145752,0.5498010516166687,0.5671333074569702,0.580779492855072,0.6025745868682861,0.5922163128852844,0.5801452398300171,0.615068256855011,0.6237795948982239,0.6727002263069153,0.7125806212425232,0.7652387022972107,0.8005613684654236,0.8293658494949341,0.8524842262268066,0.8726000785827637,0.9093837141990662,0.9319137334823608
10,0.9330284595489502,0.9703459739685059,1.000000238418579,0.944894015789032,0.9073813557624817,0.8500486612319946,0.7271978259086609,0.6396064758300781,0.7166374921798706,0.7421187162399292,0.7499961853027344,0.7625851631164551,0.7569946050643921,0.7092552185058594,0.6865806579589844,0.6609878540039062,0.6125626564025879,0.6095532178878784,0.583382248878479,0.5906304121017456,0.5907997488975525,0.5720752477645874,0.5438597202301025,0.5517812967300415,0.5275667309761047,0.5221478939056396,0.5045852661132812,0.5040105581283569,0.4724816381931305,0.4436793327331543,0.43613681197166443,0.4582309126853943,0.44013845920562744,0.4479644298553467,0.48829999566078186,0.4788135290145874,0.5203628540039062,0.5302735567092896,0.5612945556640625,0.5989178419113159,0.5327931046485901,0.4990907907485962,0.4693615436553955,0.6328744292259216,0.6280223727226257,0.5650912523269653,0.5398697853088379,0.509809136390686,0.4650212526321411,0.48969587683677673,0.5172914266586304,0.5318676233291626,0.5179969072341919,0.4933892786502838,0.5102988481521606,0.5200445652008057,0.5345808267593384,0.5463898777961731,0.5659530162811279,0.5578559637069702,0.5479106903076172,0.5869815349578857,0.6017299890518188,0.6506544351577759,0.688439667224884,0.7429898977279663,0.7732295393943787,0.8040809631347656,0.8256402015686035,0.8486855626106262,0.891880214214325,0.910812258720398
15,0.8906434774398804,0.9255191087722778,0.944894015789032,0.9999998807907104,0.9427741765975952,0.8742783069610596,0.748479962348938,0.6623039245605469,0.7459936141967773,0.7757725715637207,0.7909496426582336,0.8003917932510376,0.785606861114502,0.7346805930137634,0.706361711025238,0.6706209182739258,0.6310586929321289,0.631587028503418,0.5964787602424622,0.5980516076087952,0.5940312147140503,0.5796318650245667,0.5348898768424988,0.5479058027267456,0.5285634398460388,0.5174809694290161,0.49509185552597046,0.49175170063972473,0.44883912801742554,0.4210416376590729,0.42132505774497986,0.43838363885879517,0.42118772864341736,0.4338902235031128,0.47868090867996216,0.47422540187835693,0.5230852961540222,0.5425524711608887,0.5804437398910522,0.6283982396125793,0.5576966404914856,0.5252820253372192,0.5002374053001404,0.6846800446510315,0.6637386083602905,0.5778132081031799,0.5356751084327698,0.5014432668685913,0.44967666268348694,0.467428982257843,0.4998716413974762,0.5198378562927246,0.49516233801841736,0.46066558361053467,0.4846974313259125,0.4914020001888275,0.503196120262146,0.5271896123886108,0.5465224385261536,0.5391824245452881,0.5329404473304749,0.5707160234451294,0.5764079689979553,0.624470591545105,0.6615380048751831,0.7208371162414551,0.7452685832977295,0.786958634853363,0.804338812828064,0.8356870412826538,0.867415726184845,0.8886497616767883
20,0.8268047571182251,0.8721699714660645,0.9073813557624817,0.9427741765975952,1.0000001192092896,0.9178979992866516,0.8152615427970886,0.7136759757995605,0.7940046787261963,0.8052397966384888,0.8173469305038452,0.8162249326705933,0.7953162789344788,0.7315961122512817,0.7140858769416809,0.680646538734436,0.6384817957878113,0.6319363117218018,0.5939128398895264,0.5951529741287231,0.5929079651832581,0.56678307056427,0.522564709186554,0.5256125330924988,0.5059034824371338,0.49886029958724976,0.48419123888015747,0.46904271841049194,0.4307238757610321,0.4023451805114746,0.3958317041397095,0.41575151681900024,0.40355539321899414,0.41492313146591187,0.4594487249851227,0.4556833505630493,0.49915510416030884,0.519619882106781,0.5605180263519287,0.5930627584457397,0.5520023703575134,0.5472514033317566,0.5131051540374756,0.6826841831207275,0.6406910419464111,0.5623108148574829,0.5235510468482971,0.4822757840156555,0.438872754573822,0.44804832339286804,0.4763689339160919,0.4856705069541931,0.46553194522857666,0.44362953305244446,0.44873183965682983,0.4555372893810272,0.46933120489120483,0.49046528339385986,0.4968166947364807,0.4965907633304596,0.4874088764190674,0.5373824238777161,0.5570486783981323,0.5917956829071045,0.6181395053863525,0.6748288869857788,0.6859356760978699,0.7240064144134521,0.743587851524353,0.7654814124107361,0.7967177629470825,0.8274085521697998
25,0.7864824533462524,0.8444318771362305,0.8500486612319946,0.8742783069610596,0.9178979992866516,1.0,0.9212158918380737,0.8312591314315796,0.8667917251586914,0.8350321650505066,0.812372624874115,0.7965812683105469,0.7739979028701782,0.7014222145080566,0.669682502746582,0.6437721252441406,0.5747162699699402,0.5646435022354126,0.5246254205703735,0.5341868996620178,0.5297988653182983,0.5100553631782532,0.48609235882759094,0.4759920835494995,0.457644522190094,0.45489364862442017,0.4437394142150879,0.427985817193985,0.39601191878318787,0.3761483132839203,0.3668106198310852,0.38421398401260376,0.3741074502468109,0.37724098563194275,0.42957282066345215,0.4198049008846283,0.45201683044433594,0.48095202445983887,0.5362774133682251,0.547170102596283,0.5720458030700684,0.6019654870033264,0.555260956287384,0.6686422228813171,0.6320846080780029,0.5671932697296143,0.5344906449317932,0.4750547707080841,0.4427965581417084,0.44847509264945984,0.46372687816619873,0.4587312936782837,0.4480856657028198,0.44719594717025757,0.44510817527770996,0.4387238025665283,0.4557468295097351,0.4703247547149658,0.47127193212509155,0.46916672587394714,0.4594709873199463,0.5047274827957153,0.5361742377281189,0.5625722408294678,0.5810526609420776,0.6300075650215149,0.6438758373260498,0.6648601293563843,0.6842905879020691,0.6990163922309875,0.7322683334350586,0.7587615251541138
30,0.6763734817504883,0.7276475429534912,0.7271978259086609,0.748479962348938,0.8152615427970886,0.9212158918380737,1.0,0.9286561608314514,0.8935573697090149,0.8481314182281494,0.7748856544494629,0.7340389490127563,0.679598331451416,0.6027023792266846,0.5761785507202148,0.5473400354385376,0.47720274329185486,0.46834850311279297,0.41894280910491943,0.43198296427726746,0.4271281063556671,0.4110121428966522,0.40641093254089355,0.38272935152053833,0.37572067975997925,0.38255536556243896,0.37951162457466125,0.3550715744495392,0.33148565888404846,0.32453930377960205,0.31681519746780396,0.33352428674697876,0.32523247599601746,0.3291510343551636,0.3789606988430023,0.382890522480011,0.4046667218208313,0.43789908289909363,0.5087809562683105,0.5048819184303284,0.5938054323196411,0.6584590077400208,0.5145560503005981,0.6122250556945801,0.588463306427002,0.555325984954834,0.5271267890930176,0.4664004445075989,0.44854721426963806,0.4387966990470886,0.445606529712677,0.42783260345458984,0.4257752001285553,0.4467144012451172,0.4289795458316803,0.41224128007888794,0.4170767366886139,0.42458805441856384,0.4128211736679077,0.4203145503997803,0.40815386176109314,0.42863935232162476,0.4503677487373352,0.46411529183387756,0.4771272540092468,0.5200896263122559,0.5281603932380676,0.5357376337051392,0.5498287081718445,0.5658237338066101,0.6024783253669739,0.6258586049079895
35,0.6393495202064514,0.658358633518219,0.6396064758300781,0.6623039245605469,0.7136759757995605,0.8312591314315796,0.9286561608314514,1.0000001192092896,0.9036659002304077,0.8357228636741638,0.7559643983840942,0.6901766657829285,0.6256028413772583,0.5497597455978394,0.5272105932235718,0.5060016512870789,0.43306294083595276,0.42881402373313904,0.38311758637428284,0.3913922905921936,0.3799154758453369,0.3759915828704834,0.3761579990386963,0.352176696062088,0.3538215160369873,0.35436028242111206,0.35675299167633057,0.3346024751663208,0.30888599157333374,0.3058842420578003,0.3037956655025482,0.32325467467308044,0.3083539307117462,0.30885016918182373,0.35730940103530884,0.3571585714817047,0.38536930084228516,0.4224068522453308,0.4806967079639435,0.4852660298347473,0.6060535907745361,0.6799760460853577,0.5391601324081421,0.6006689071655273,0.5776328444480896,0.5374230146408081,0.4990795850753784,0.4462554454803467,0.4235352873802185,0.41762059926986694,0.41254886984825134,0.3918018341064453,0.38907384872436523,0.4017452001571655,0.39345961809158325,0.3786928057670593,0.37693750858306885,0.3864818811416626,0.3771976828575134,0.38269752264022827,0.3766745328903198,0.38973015546798706,0.40304118394851685,0.4184929132461548,0.43098071217536926,0.47771552205085754,0.48787763714790344,0.49356651306152344,0.5141913890838623,0.5344165563583374,0.5576950311660767,0.5890510082244873
40,0.7027835249900818,0.7145830988883972,0.7166374921798706,0.7459936141967773,0.7940046787261963,0.8667917251586914,0.8935573697090149,0.9036659002304077,1.000000238418579,0.9412981271743774,0.8772756457328796,0.8312568664550781,0.7670322060585022,0.6930888891220093,0.6666004657745361,0.6394674777984619,0.5702917575836182,0.5615943074226379,0.5099011063575745,0.5273610353469849,0.5167698860168457,0.49955007433891296,0.4835067391395569,0.4630105793476105,0.4586523175239563,0.467354953289032,0.4649251699447632,0.4376681447029114,0.40677446126937866,0.39982905983924866,0.3917083740234375,0.4093863368034363,0.39446786046028137,0.40955111384391785,0.45439937710762024,0.456384539604187,0.4829227328300476,0.5068504810333252,0.5759899616241455,0.5688621401786804,0.6247762441635132,0.682867705821991,0.5735306739807129,0.6689841747283936,0.6345241665840149,0.5879216194152832,0.5477421879768372,0.49163931608200073,0.4678787887096405,0.4574187994003296,0.46442848443984985,0.4519948661327362,0.4447755813598633,0.4544922411441803,0.45231592655181885,0.44653305411338806,0.45237109065055847,0.47157901525497437,0.46594682335853577,0.4791560769081116,0.4720305800437927,0.4949221611022949,0.5087088942527771,0.5274378061294556,0.5382722020149231,0.5801873803138733,0.5805861949920654,0.5918216705322266,0.6008137464523315,0.6168032884597778,0.6416677832603455,0.6658068299293518
45,0.7372257709503174,0.7386875152587891,0.7421187162399292,0.7757725715637207,0.8052397966384888,0.8350321650505066,0.8481314182281494,0.8357228636741638,0.9412981271743774,1.0000001192092896,0.9292159080505371,0.8915675282478333,0.8189606070518494,0.7443556785583496,0.717626690864563,0.6833503842353821,0.6180319786071777,0.6128689646720886,0.5559355020523071,0.5712611675262451,0.5584195852279663,0.5396550297737122,0.5242215991020203,0.5152249336242676,0.5154727697372437,0.5260335206985474,0.524662435054779,0.4971351623535156,0.46406495571136475,0.45996296405792236,0.4555894136428833,0.4740719795227051,0.453312486410141,0.4743824005126953,0.5184603929519653,0.5233009457588196,0.5585945844650269,0.5893030762672424,0.655867338180542,0.6510418653488159,0.6708659529685974,0.6704989075660706,0.5054130554199219,0.6530001163482666,0.6277190446853638,0.5978221893310547,0.564149022102356,0.5178812146186829,0.4975685477256775,0.47966712713241577,0.4958477020263672,0.5004032850265503,0.48817482590675354,0.49643367528915405,0.49477970600128174,0.4922490119934082,0.4950832426548004,0.5115118026733398,0.5113667845726013,0.5270488858222961,0.5209358930587769,0.5280971527099609,0.5337333083152771,0.542970597743988,0.5555171370506287,0.5944300293922424,0.6019271016120911,0.6262110471725464,0.6282923221588135,0.6607643365859985,0.6839691400527954,0.6977702975273132
50,0.7563169002532959,0.7525118589401245,0.7499961853027344,0.7909496426582336,0.8173469305038452,0.812372624874115,0.7748856544494629,0.7559643983840942,0.8772756457328796,0.9292159080505371,1.0,0.9579821825027466,0.9008805155754089,0.8348296880722046,0.8101792335510254,0.7850768566131592,0.7158454656600952,0.7204071283340454,0.6692350506782532,0.6769801378250122,0.6621307134628296,0.6511585712432861,0.636680543422699,0.6196903586387634,0.5964475274085999,0.6030603051185608,0.6033819913864136,0.5819277167320251,0.5366089344024658,0.5169994235038757,0.5000772476196289,0.5337668657302856,0.5084767937660217,0.5244325399398804,0.5735097527503967,0.5541148781776428,0.5964409708976746,0.6073012948036194,0.6464645862579346,0.6402391195297241,0.6212735772132874,0.60399329662323,0.5273313522338867,0.6557577252388,0.6317591667175293,0.5723674893379211,0.5458837747573853,0.5086051821708679,0.499123752117157,0.48496508598327637,0.511523962020874,0.5036597847938538,0.4826856851577759,0.4803951382637024,0.48641663789749146,0.49227720499038696,0.508459746837616,0.5442516803741455,0.5459865927696228,0.5618553161621094,0.5509303212165833,0.585411012172699,0.5933714509010315,0.6060271859169006,0.6207854747772217,0.6627980470657349,0.6696447730064392,0.7089147567749023,0.7107099294662476,0.7315744757652283,0.7358095645904541,0.7512719631195068
55,0.7581912279129028,0.7681493759155273,0.7625851631164551,0.8003917932510376,0.8162249326705933,0.7965812683105469,0.7340389490127563,0.6901766657829285,0.8312568664550781,0.8915675282478333,0.9579821825027466,0.9999998807907104,0.9499504566192627,0.9038907885551453,0.8787914514541626,0.8536596894264221,0.7892135977745056,0.7892786264419556,0.7413949370384216,0.7504316568374634,0.7362499237060547,0.7146018743515015,0.6824654340744019,0.6719805598258972,0.6517994403839111,0.6533673405647278,0.6499060392379761,0.6282638311386108,0.5786054134368896,0.5541369915008545,0.5328795909881592,0.5587784051895142,0.5273094177246094,0.5466325283050537,0.5933635234832764,0.5746477842330933,0.6060373783111572,0.605111837387085,0.6481227874755859,0.6374054551124573,0.5836549401283264,0.5540395379066467,0.5038260221481323,0.640609860420227,0.6041489839553833,0.5448468923568726,0.5200360417366028,0.4914720952510834,0.4749051630496979,0.46215569972991943,0.49426060914993286,0.4972517192363739,0.47277015447616577,0.470216304063797,0.48294490575790405,0.49355435371398926,0.5121618509292603,0.5528833866119385,0.5629905462265015,0.5723218321800232,0.56568443775177,0.6156402826309204,0.6275224089622498,0.6349731087684631,0.651078999042511,0.6840977668762207,0.6861566305160522,0.7299461364746094,0.733664333820343,0.7467659115791321,0.7544656991958618,0.7663195729255676
60,0.750116765499115,0.7647361755371094,0.7569946050643921,0.785606861114502,0.7953162789344788,0.7739979028701782,0.679598331451416,0.6256028413772583,0.7670322060585022,0.8189606070518494,0.9008805155754089,0.9499504566192627,1.000000238418579,0.9531311988830566,0.9286144971847534,0.9070971012115479,0.8444377779960632,0.8408545851707458,0.8003175854682922,0.8072624802589417,0.790153980255127,0.7618937492370605,0.7270047664642334,0.7214816808700562,0.6898106336593628,0.6851048469543457,0.6668702960014343,0.6549320220947266,0.5918645858764648,0.5622529983520508,0.5398529767990112,0.5718872547149658,0.5453095436096191,0.5558692216873169,0.6049679517745972,0.5800777673721313,0.6119296550750732,0.6073265075683594,0.6561720371246338,0.6287727355957031,0.5513085722923279,0.5040196180343628,0.5074564814567566,0.6149794459342957,0.5802165269851685,0.5088863372802734,0.4795868992805481,0.4488086700439453,0.4440279006958008,0.448607861995697,0.47744375467300415,0.47117725014686584,0.4422125816345215,0.4380291998386383,0.4529229700565338,0.46415817737579346,0.49094635248184204,0.5284594297409058,0.5440820455551147,0.54256671667099,0.5351977348327637,0.6013771891593933,0.6362676024436951,0.6408291459083557,0.6637596487998962,0.7013163566589355,0.7070391178131104,0.7468053102493286,0.7555930614471436,0.7540780305862427,0.7617233991622925,0.766483724117279
65,0.7021975517272949,0.7194454669952393,0.7092552185058594,0.7346805930137634,0.7315961122512817,0.7014222145080566,0.6027023792266846,0.5497597455978394,0.6930888891220093,0.7443556785583496,0.8348296880722046,0.9038907885551453,0.9531311988830566,1.000000238418579,0.9690035581588745,0.957094669342041,0.9115936160087585,0.9044747948646545,0.870886504650116,0.872500479221344,0.848510205745697,0.8169498443603516,0.7578681707382202,0.7534964084625244,0.7296912670135498,0.7215603590011597,0.6987354755401611,0.6883189678192139,0.616712212562561,0.5900306701660156,0.5615453720092773,0.5875401496887207,0.5534675121307373,0.559597909450531,0.603844165802002,0.58674156665802,0.5949842929840088,0.5816934108734131,0.6389173865318298,0.5994688868522644,0.49229323863983154,0.4345420300960541,0.468129426240921,0.554144561290741,0.52553391456604,0.4505881071090698,0.42164602875709534,0.400094211101532,0.39690396189689636,0.4011515974998474,0.43566691875457764,0.43597912788391113,0.3941372036933899,0.38686755299568176,0.4141450524330139,0.42654305696487427,0.4573579430580139,0.5023722648620605,0.5255056023597717,0.5214146375656128,0.5150312185287476,0.5883795022964478,0.6213640570640564,0.6260694265365601,0.6461899876594543,0.680357813835144,0.6800042390823364,0.7195488214492798,0.7277967929840088,0.7238151431083679,0.7206998467445374,0.7265291810035706
70,0.6822856664657593,0.6916224956512451,0.6865806579589844,0.706361711025238,0.7140858769416809,0.669682502746582,0.5761785507202148,0.5272105932235718,0.6666004657745361,0.717626690864563,0.8101792335510254,0.8787914514541626,0.9286144971847534,0.9690035581588745,1.0000001192092896,0.980619490146637,0.9614591002464294,0.9495163559913635,0.9208952188491821,0.9171379804611206,0.8934007287025452,0.8593164682388306,0.7956885099411011,0.7846931219100952,0.7568440437316895,0.7514765858650208,0.7305319309234619,0.7163547873497009,0.6472418904304504,0.6235362887382507,0.5903648734092712,0.610518217086792,0.5757783055305481,0.5741479396820068,0.6151918172836304,0.5957773923873901,0.5971816778182983,0.5779399871826172,0.6326593160629272,0.5914565920829773,0.4888547360897064,0.4342641830444336,0.4610547423362732,0.5483056306838989,0.5118628740310669,0.4357316493988037,0.40582019090652466,0.392177939414978,0.389395147562027,0.39664381742477417,0.43200814723968506,0.430400013923645,0.3895198702812195,0.38457876443862915,0.4072365462779999,0.4198972284793854,0.4502184987068176,0.49556297063827515,0.5179126858711243,0.5210383534431458,0.5153297781944275,0.593980610370636,0.6292994022369385,0.6335363388061523,0.6473273038864136,0.6786269545555115,0.6705538630485535,0.7057921290397644,0.713013768196106,0.7064625024795532,0.7087750434875488,0.712746262550354
75,0.656556248664856,0.6705200672149658,0.6609878540039062,0.6706209182739258,0.680646538734436,0.6437721252441406,0.5473400354385376,0.5060016512870789,0.6394674777984619,0.6833503842353821,0.7850768566131592,0.8536596894264221,0.9070971012115479,0.957094669342041,0.980619490146637,1.0,0.9664894342422485,0.956664502620697,0.9339907169342041,0.9300931692123413,0.9014074206352234,0.8682342171669006,0.8085664510726929,0.7942332625389099,0.7654988169670105,0.7565385699272156,0.7394614219665527,0.7298262119293213,0.6600252389907837,0.6308883428573608,0.5946002006530762,0.6161274909973145,0.5771618485450745,0.5703001022338867,0.6090290546417236,0.5839118957519531,0.5809516906738281,0.5579315423965454,0.6120551824569702,0.5613250732421875,0.46643179655075073,0.4056667685508728,0.4351842403411865,0.5162951350212097,0.47952085733413696,0.3979482650756836,0.37347230315208435,0.3630862534046173,0.3665288984775543,0.3744419515132904,0.4133076071739197,0.40903720259666443,0.3669855296611786,0.36257317662239075,0.38630515336990356,0.4003661274909973,0.43474674224853516,0.48689502477645874,0.5102477669715881,0.5134557485580444,0.5081863403320312,0.5893912315368652,0.6266728639602661,0.6293073892593384,0.6408393979072571,0.6697101593017578,0.6606106758117676,0.6917721033096313,0.6982021927833557,0.6876903176307678,0.6805461645126343,0.6881205439567566
80,0.6041161417961121,0.6117755770683289,0.6125626564025879,0.6310586929321289,0.6384817957878113,0.5747162699699402,0.47720274329185486,0.43306294083595276,0.5702917575836182,0.6180319786071777,0.7158454656600952,0.7892135977745056,0.8444377779960632,0.9115936160087585,0.9614591002464294,0.9664894342422485,1.0000001192092896,0.9849133491516113,0.9746063947677612,0.9649200439453125,0.944922924041748,0.9054220914840698,0.8223038911819458,0.8105757832527161,0.7837600111961365,0.7758826017379761,0.74961256980896,0.7383621335029602,0.665851354598999,0.641322672367096,0.6041176319122314,0.613186240196228,0.5763027667999268,0.5667990446090698,0.5927304029464722,0.5829960107803345,0.5641478896141052,0.5312645435333252,0.5901716947555542,0.5509881973266602,0.42548567056655884,0.36317864060401917,0.4153954088687897,0.5028982162475586,0.4537358283996582,0.36951398849487305,0.3348085284233093,0.3338937759399414,0.33276402950286865,0.34151098132133484,0.3785495162010193,0.3839271068572998,0.33862656354904175,0.3277435898780823,0.3539731502532959,0.3684425354003906,0.4011152386665344,0.45673877000808716,0.4837729334831238,0.48983174562454224,0.4912406802177429,0.580838680267334,0.6159013509750366,0.6186944842338562,0.6235260367393494,0.6497163772583008,0.6324031352996826,0.6639831066131592,0.6646571755409241,0.6549668312072754,0.6512773036956787,0.6507706046104431
85,0.6149287223815918,0.6156262159347534,0.6095532178878784,0.631587028503418,0.6319363117218018,0.5646435022354126,0.46834850311279297,0.42881402373313904,0.5615943074226379,0.6128689646720886,0.7204071283340454,0.7892786264419556,0.8408545851707458,0.9044747948646545,0.9495163559913635,0.956664502620697,0.9849133491516113,0.9999998211860657,0.9879121780395508,0.9791676998138428,0.9617764949798584,0.9374862909317017,0.8628778457641602,0.8561493754386902,0.8314357995986938,0.8219660520553589,0.7974765300750732,0.7867167592048645,0.7143131494522095,0.686765730381012,0.6493394374847412,0.6571366786956787,0.6158971786499023,0.6033079624176025,0.6280030608177185,0.6195775270462036,0.5974881052970886,0.5590275526046753,0.6082861423492432,0.5711838006973267,0.4411918520927429,0.3695199489593506,0.41341474652290344,0.5114593505859375,0.4640219807624817,0.38542258739471436,0.3506487011909485,0.35405296087265015,0.35722529888153076,0.3637966513633728,0.4059702455997467,0.4155433773994446,0.37044671177864075,0.3633878827095032,0.3939679265022278,0.4099573493003845,0.44387155771255493,0.5047706365585327,0.5338268280029297,0.5417733192443848,0.5427858233451843,0.6287549734115601,0.6603043079376221,0.6584202647209167,0.6595758199691772,0.6813172101974487,0.6641225814819336,0.6922213435173035,0.686093807220459,0.6774094104766846,0.6656205654144287,0.6587418913841248
90,0.582706093788147,0.5867924094200134,0.583382248878479,0.5964787602424622,0.5939128398895264,0.5246254205703735,0.41894280910491943,0.38311758637428284,0.5099011063575745,0.5559355020523071,0.6692350506782532,0.7413949370384216,0.8003175854682922,0.870886504650116,0.9208952188491821,0.9339907169342041,0.9746063947677612,0.9879121780395508,0.9999998807907104,0.9867745637893677,0.971673846244812,0.9514225721359253,0.8768305778503418,0.8687349557876587,0.8410005569458008,0.8295284509658813,0.8063015937805176,0.7973161339759827,0.7251195311546326,0.6963630318641663,0.6548936367034912,0.6596615314483643,0.6193007230758667,0.6009183526039124,0.6166293621063232,0.6062734723091125,0.5797333121299744,0.5347139835357666,0.5771982669830322,0.5366224646568298,0.3991905748844147,0.32995834946632385,0.39125674962997437,0.4814442992210388,0.4359509348869324,0.35826361179351807,0.3237874209880829,0.3331753611564636,0.3343464136123657,0.3490082621574402,0.3894574046134949,0.40122878551483154,0.3571639955043793,0.3456653356552124,0.3792647123336792,0.3969799280166626,0.4331401586532593,0.4952069818973541,0.5270676016807556,0.5321532487869263,0.5340449213981628,0.624984622001648,0.6576241254806519,0.6559175848960876,0.6538050174713135,0.6721000075340271,0.6535274982452393,0.6758139133453369,0.6658611297607422,0.6528051495552063,0.6404961347579956,0.6303674578666687
95,0.5934410095214844,0.5974494218826294,0.5906304121017456,0.5980516076087952,0.5951529741287231,0.5341868996620178,0.43198296427726746,0.3913922905921936,0.5273610353469849,0.5712611675262451,0.6769801378250122,0.7504316568374634,0.8072624802589417,0.872500479221344,0.9171379804611206,0.9300931692123413,0.9649200439453125,0.9791676998138428,0.9867745637893677,1.0000001192092896,0.9860090613365173,0.9667892456054688,0.899748682975769,0.888570249080658,0.8552716374397278,0.8474079966545105,0.8244426846504211,0.8139722943305969,0.7444653511047363,0.7158397436141968,0.6746425628662109,0.681512713432312,0.6410211324691772,0.6259740591049194,0.6413205862045288,0.6306991577148438,0.5963294506072998,0.5504348278045654,0.5961056351661682,0.5431618690490723,0.4041033685207367,0.3386502265930176,0.39617305994033813,0.4826287627220154,0.4339596927165985,0.3725629448890686,0.34154942631721497,0.35163694620132446,0.35854214429855347,0.36990782618522644,0.41180819272994995,0.42417973279953003,0.38092583417892456,0.376594603061676,0.4088157117366791,0.4258015751838684,0.4635304808616638,0.524429440498352,0.5517979264259338,0.5574139356613159,0.5613090395927429,0.6527658104896545,0.6911461353302002,0.6828976273536682,0.6814392805099487,0.6969889402389526,0.6745730638504028,0.6895173192024231,0.6775081157684326,0.6579511165618896,0.6451902389526367,0.6349955797195435
100,0.591229259967804,0.5951724648475647,0.5907997488975525,0.5940312147140503,0.5929079651832581,0.5297988653182983,0.4271281063556671,0.3799154758453369,0.5167698860168457,0.5584195852279663,0.6621307134628296,0.7362499237060547,0.790153980255127,0.848510205745697,0.8934007287025452,0.9014074206352234,0.944922924041748,0.9617764949798584,0.971673846244812,0.9860090613365173,1.0000001192092896,0.9767913818359375,0.9130641222000122,0.9028652310371399,0.866609513759613,0.8619738817214966,0.8416615128517151,0.8288395404815674,0.7648137211799622,0.736746072769165,0.6956391334533691,0.6992088556289673,0.661216676235199,0.6498870849609375,0.6620681881904602,0.6534059047698975,0.6119985580444336,0.5586404204368591,0.6006618738174438,0.549441933631897,0.4005526304244995,0.33607903122901917,0.38984501361846924,0.48245853185653687,0.43406978249549866,0.38545167446136475,0.35788094997406006,0.3695918321609497,0.37687763571739197,0.38957932591438293,0.4338942766189575,0.450439989566803,0.41344183683395386,0.4104371964931488,0.44060754776000977,0.4574969410896301,0.49357566237449646,0.550830602645874,0.5764298439025879,0.5841693878173828,0.5882664918899536,0.6807394027709961,0.7163667678833008,0.7070921659469604,0.6992285251617432,0.7097309827804565,0.6852688193321228,0.6958248615264893,0.6791478991508484,0.6594223976135254,0.6461107730865479,0.6326590180397034
105,0.5853891372680664,0.5817754864692688,0.5720752477645874,0.5796318650245667,0.56678307056427,0.5100553631782532,0.4110121428966522,0.3759915828704834,0.49955007433891296,0.5396550297737122,0.6511585712432861,0.7146018743515015,0.7618937492370605,0.8169498443603516,0.8593164682388306,0.8682342171669006,0.9054220914840698,0.9374862909317017,0.9514225721359253,0.9667892456054688,0.9767913818359375,1.0000001192092896,0.9562721252441406,0.9435113668441772,0.9056687355041504,0.895972728729248,0.8806096911430359,0.8696863055229187,0.8085565567016602,0.7770552039146423,0.7348247766494751,0.7411702871322632,0.7008273005485535,0.6805585622787476,0.691094160079956,0.6740447282791138,0.6409938335418701,0.5841799378395081,0.6067153215408325,0.557845413684845,0.4204094409942627,0.34292060136795044,0.3812393546104431,0.4714144468307495,0.43717068433761597,0.39510107040405273,0.3673167824745178,0.38364726305007935,0.39383238554000854,0.4132598340511322,0.4551030993461609,0.4710383415222168,0.4374598562717438,0.43590301275253296,0.47348272800445557,0.48995959758758545,0.5266571044921875,0.5902734398841858,0.6117035150527954,0.6202585697174072,0.6232497692108154,0.7115182280540466,0.740181565284729,0.7306894063949585,0.7180196046829224,0.7244249582290649,0.7037303447723389,0.7048482894897461,0.6865918636322021,0.6668373346328735,0.6443622708320618,0.6245173215866089
110,0.5711694955825806,0.5634572505950928,0.5438597202301025,0.5348898768424988,0.522564709186554,0.48609235882759094,0.40641093254089355,0.3761579990386963,0.4835067391395569,0.5242215991020203,0.636680543422699,0.6824654340744019,0.7270047664642334,0.7578681707382202,0.7956885099411011,0.8085664510726929,0.8223038911819458,0.8628778457641602,0.8768305778503418,0.899748682975769,0.9130641222000122,0.9562721252441406,0.9999997615814209,0.9737081527709961,0.934436023235321,0.9258107542991638,0.9218102693557739,0.9102974534034729,0.8602180480957031,0.8280443549156189,0.7818126082420349,0.8002856373786926,0.7571964859962463,0.736323356628418,0.7479108572006226,0.7155775427818298,0.6853315234184265,0.6226351857185364,0.6198298931121826,0.5621618628501892,0.45488202571868896,0.37457379698753357,0.36876505613327026,0.4480091631412506,0.4523501992225647,0.44604170322418213,0.437992662191391,0.45547837018966675,0.4813571274280548,0.49681487679481506,0.5399813055992126,0.5437764525413513,0.5206801891326904,0.5330908298492432,0.5615541934967041,0.5781416893005371,0.6169937252998352,0.6793043613433838,0.691419780254364,0.7017574310302734,0.7022800445556641,0.7697347402572632,0.7871242761611938,0.7666352391242981,0.7439097166061401,0.7319670915603638,0.7145749926567078,0.6991976499557495,0.6734727621078491,0.648290753364563,0.6218636631965637,0.5915842056274414
115,0.5877493023872375,0.5741429328918457,0.5517812967300415,0.5479058027267456,0.5256125330924988,0.4759920835494995,0.38272935152053833,0.352176696062088,0.4630105793476105,0.5152249336242676,0.6196903586387634,0.6719805598258972,0.7214816808700562,0.7534964084625244,0.7846931219100952,0.7942332625389099,0.8105757832527161,0.8561493754386902,0.8687349557876587,0.888570249080658,0.9028652310371399,0.9435113668441772,0.9737081527709961,1.0000001192092896,0.9713261127471924,0.9576543569564819,0.943156898021698,0.9382575750350952,0.8922757506370544,0.8622308373451233,0.826391339302063,0.8414445519447327,0.7970209121704102,0.7787017226219177,0.7875259518623352,0.7616958618164062,0.7336031198501587,0.6734540462493896,0.6657761335372925,0.6118391752243042,0.4804688096046448,0.3794598877429962,0.3539319336414337,0.4500010907649994,0.4622005224227905,0.4660071134567261,0.4507206976413727,0.47319936752319336,0.496646523475647,0.5165688991546631,0.5616252422332764,0.5767921209335327,0.5467310547828674,0.5530337691307068,0.5942763090133667,0.6077984571456909,0.6409316658973694,0.697238564491272,0.7173230648040771,0.7216244339942932,0.7222681641578674,0.7749054431915283,0.7930014133453369,0.7617691159248352,0.743759036064148,0.733730673789978,0.7256797552108765,0.7110362648963928,0.6850091218948364,0.6654880046844482,0.6379299163818359,0.6027542352676392
120,0.5735546350479126,0.553359866142273,0.5275667309761047,0.5285634398460388,0.5059034824371338,0.457644522190094,0.37572067975997925,0.3538215160369873,0.4586523175239563,0.5154727697372437,0.5964475274085999,0.6517994403839111,0.6898106336593628,0.7296912670135498,0.7568440437316895,0.7654988169670105,0.7837600111961365,0.8314357995986938,0.8410005569458008,0.8552716374397278,0.866609513759613,0.9056687355041504,0.934436023235321,0.9713261127471924,1.000000238418579,0.9830952882766724,0.9683544635772705,0.9628586769104004,0.9250571727752686,0.9041178226470947,0.8801151514053345,0.8845384120941162,0.8385158777236938,0.8219739198684692,0.8204716444015503,0.8125139474868774,0.7776829600334167,0.7228469848632812,0.7074088454246521,0.6530911922454834,0.5103952884674072,0.40776413679122925,0.3326427936553955,0.4540693759918213,0.48718100786209106,0.5096462965011597,0.4981939196586609,0.5285866856575012,0.5466662645339966,0.5617241859436035,0.6006816625595093,0.6261188983917236,0.5912659168243408,0.5986154079437256,0.6415320634841919,0.6584886312484741,0.6880671977996826,0.7372915148735046,0.7564466595649719,0.758281946182251,0.7562922239303589,0.7827558517456055,0.7819108963012695,0.7439783811569214,0.7261573076248169,0.7078649997711182,0.7009891867637634,0.685823917388916,0.6559998393058777,0.6471977233886719,0.6154234409332275,0.5774524807929993
125,0.57149338722229,0.5506218075752258,0.5221478939056396,0.5174809694290161,0.49886029958724976,0.45489364862442017,0.38255536556243896,0.35436028242111206,0.467354953289032,0.5260335206985474,0.6030603051185608,0.6533673405647278,0.6851048469543457,0.7215603590011597,0.7514765858650208,0.7565385699272156,0.7758826017379761,0.8219660520553589,0.8295284509658813,0.8474079966545105,0.8619738817214966,0.895972728729248,0.9258107542991638,0.9576543569564819,0.9830952882766724,1.0,0.9840371608734131,0.9746984243392944,0.942394495010376,0.9264194369316101,0.9024416208267212,0.9006360769271851,0.8617072105407715,0.8490377068519592,0.8444915413856506,0.8395437598228455,0.7993673086166382,0.7393667697906494,0.7214871048927307,0.6587424278259277,0.5087751150131226,0.4153399169445038,0.32031601667404175,0.44554662704467773,0.48267462849617004,0.5274986028671265,0.5250623226165771,0.5531756281852722,0.5694999694824219,0.582292377948761,0.6211280822753906,0.6463931202888489,0.6186147928237915,0.6283591985702515,0.6620038747787476,0.6810850501060486,0.7094623446464539,0.7553418278694153,0.7662703394889832,0.7711219787597656,0.765289843082428,0.7818213701248169,0.7780941724777222,0.7355486750602722,0.7142975330352783,0.6943148970603943,0.686551570892334,0.666592538356781,0.6367267966270447,0.6257659196853638,0.6010344624519348,0.561724066734314
130,0.5545476675033569,0.5338386297225952,0.5045852661132812,0.49509185552597046,0.48419123888015747,0.4437394142150879,0.37951162457466125,0.35675299167633057,0.4649251699447632,0.524662435054779,0.6033819913864136,0.6499060392379761,0.6668702960014343,0.6987354755401611,0.7305319309234619,0.7394614219665527,0.74961256980896,0.7974765300750732,0.8063015937805176,0.8244426846504211,0.8416615128517151,0.8806096911430359,0.9218102693557739,0.943156898021698,0.9683544635772705,0.9840371608734131,0.9999999403953552,0.9869590997695923,0.9633710384368896,0.9493280649185181,0.9195181727409363,0.9157215356826782,0.876228928565979,0.8612890243530273,0.8520267605781555,0.8355783224105835,0.7923142910003662,0.7318660020828247,0.7050939202308655,0.6392421126365662,0.5157747268676758,0.41323617100715637,0.2898271381855011,0.4164060056209564,0.4615325927734375,0.5253324508666992,0.5261632204055786,0.558050811290741,0.5762346982955933,0.5860698819160461,0.6283206939697266,0.6555709838867188,0.6351932883262634,0.6497832536697388,0.680987536907196,0.7008802890777588,0.7302942276000977,0.7754841446876526,0.7851569652557373,0.7925335764884949,0.7801898717880249,0.7883938550949097,0.7756524085998535,0.7330771684646606,0.7048549056053162,0.6786630153656006,0.6701366901397705,0.6487274765968323,0.6154016256332397,0.6065288782119751,0.5793335437774658,0.5403897762298584
135,0.5532245635986328,0.5312552452087402,0.5040105581283569,0.49175170063972473,0.46904271841049194,0.427985817193985,0.3550715744495392,0.3346024751663208,0.4376681447029114,0.4971351623535156,0.5819277167320251,0.6282638311386108,0.6549320220947266,0.6883189678192139,0.7163547873497009,0.7298262119293213,0.7383621335029602,0.7867167592048645,0.7973161339759827,0.8139722943305969,0.8288395404815674,0.8696863055229187,0.9102974534034729,0.9382575750350952,0.9628586769104004,0.9746984243392944,0.9869590997695923,1.0,0.9797475337982178,0.9605506062507629,0.9318019151687622,0.9321049451828003,0.8925816416740417,0.8737353086471558,0.8673204183578491,0.8442014455795288,0.8058161735534668,0.7443574666976929,0.7136128544807434,0.6529906988143921,0.5187273025512695,0.41176068782806396,0.28777503967285156,0.409585565328598,0.4564286470413208,0.5226098299026489,0.5217372179031372,0.5533305406570435,0.5708349943161011,0.5870767831802368,0.6304567456245422,0.6574768424034119,0.6349815130233765,0.645942211151123,0.6822720766067505,0.701047956943512,0.7310551404953003,0.7755944132804871,0.7876290082931519,0.7911043167114258,0.7789442539215088,0.7818024754524231,0.7705980539321899,0.7255287170410156,0.6991457343101501,0.672074019908905,0.6712819337844849,0.6493133306503296,0.6159816980361938,0.6087403893470764,0.577618420124054,0.5373215079307556
140,0.5191774368286133,0.4972885847091675,0.4724816381931305,0.44883912801742554,0.4307238757610321,0.39601191878318787,0.33148565888404846,0.30888599157333374,0.40677446126937866,0.46406495571136475,0.5366089344024658,0.5786054134368896,0.5918645858764648,0.616712212562561,0.6472418904304504,0.6600252389907837,0.665851354598999,0.7143131494522095,0.7251195311546326,0.7444653511047363,0.7648137211799622,0.8085565567016602,0.8602180480957031,0.8922757506370544,0.9250571727752686,0.942394495010376,0.9633710384368896,0.9797475337982178,0.9999998807907104,0.9850485324859619,0.9635188579559326,0.9604707360267639,0.9323055148124695,0.9074280261993408,0.8894566297531128,0.8629683256149292,0.8234294652938843,0.7633345723152161,0.7152495384216309,0.6520407199859619,0.5292467474937439,0.4198075234889984,0.25831618905067444,0.3780488073825836,0.4412851929664612,0.5405387878417969,0.5523152351379395,0.5931824445724487,0.6092451810836792,0.6260401606559753,0.6680881381034851,0.6982322335243225,0.6803210973739624,0.6943289041519165,0.7241700887680054,0.7382489442825317,0.7644559144973755,0.7968888282775879,0.8012207746505737,0.8017333745956421,0.783805251121521,0.7654104828834534,0.7482473254203796,0.695589542388916,0.663463830947876,0.6278432607650757,0.6304111480712891,0.5991029739379883,0.5623513460159302,0.5598347187042236,0.532932698726654,0.4893684387207031
