,0,5,10,15,20,25,30,35,40,45,50,55,60,65,70,75,80,85,90,95,100,105,110,115,120,125,130,135,140,145,150,155,160,165,170,175,180,185,190,195,200,205,210,215,220,225,230,235,240,245,250,255,260,265,270,275,280,285,290,295,300,305,310,315,320,325,330,335,340,345,350,355
0,0.9999998211860657,0.9937030076980591,0.9935709238052368,0.9931267499923706,0.9931535720825195,0.9937474727630615,0.9918787479400635,0.990088701248169,0.9927704334259033,0.9909693002700806,0.9890156984329224,0.9878697395324707,0.9872610569000244,0.989730179309845,0.9822752475738525,0.9829848408699036,0.9878848791122437,0.9885983467102051,0.9871777296066284,0.9856855869293213,0.986709475517273,0.985505998134613,0.9798543453216553,0.9832109808921814,0.9843671321868896,0.9818753004074097,0.9825122356414795,0.9866032600402832,0.984899640083313,0.9858896136283875,0.9813442230224609,0.9823399186134338,0.9828182458877563,0.9825339317321777,0.9813990592956543,0.9839950799942017,0.9832620620727539,0.9796355962753296,0.983587384223938,0.9839269518852234,0.9808962345123291,0.9805026054382324,0.9750667214393616,0.9797109365463257,0.9805917143821716,0.978333592414856,0.9835869669914246,0.9825254082679749,0.9826164841651917,0.98384690284729,0.981446385383606,0.9809181690216064,0.9839231967926025,0.9828531742095947,0.9841513633728027,0.9823717474937439,0.9840027093887329,0.9859451055526733,0.9830162525177002,0.9851438999176025,0.985146164894104,0.9851111173629761,0.988044261932373,0.9882698059082031,0.9895991086959839,0.987554669380188,0.9879729151725769,0.990507185459137,0.9906612634658813,0.9886579513549805,0.9929709434509277,0.9965718388557434
5,0.9937030076980591,0.9999998807907104,0.9956850409507751,0.9955485463142395,0.9945163726806641,0.994928240776062,0.9945318102836609,0.9920957088470459,0.9934355020523071,0.9928737878799438,0.9893016219139099,0.9870986938476562,0.9887590408325195,0.9888515472412109,0.9858096241950989,0.9836998581886292,0.984515905380249,0.9851146340370178,0.986189067363739,0.9866915345191956,0.984842836856842,0.9801635146141052,0.9736083149909973,0.981075644493103,0.9818248748779297,0.9751743078231812,0.9802400469779968,0.9849400520324707,0.9819755554199219,0.985713005065918,0.9842506647109985,0.9836264252662659,0.9851357340812683,0.9840142726898193,0.9819443225860596,0.9838456511497498,0.983830988407135,0.9854528903961182,0.9879237413406372,0.9877496957778931,0.9830094575881958,0.9840463995933533,0.9793715476989746,0.9816767573356628,0.9840385913848877,0.9830034971237183,0.9849234223365784,0.9831541180610657,0.9846364259719849,0.9825692772865295,0.9828463792800903,0.9821505546569824,0.981794536113739,0.977245569229126,0.979663610458374,0.9789853096008301,0.9797592759132385,0.9846698641777039,0.9778708219528198,0.9813123941421509,0.982344388961792,0.980537474155426,0.9886096715927124,0.9873257875442505,0.9889047741889954,0.9867256283760071,0.9859515428543091,0.9898822903633118,0.9925065040588379,0.9907547235488892,0.9930689930915833,0.9916040897369385
10,0.9935709238052368,0.9956850409507751,1.000000238418579,0.9967890977859497,0.994318962097168,0.9938960075378418,0.9921544790267944,0.9903016686439514,0.9901589155197144,0.9892802834510803,0.9842885732650757,0.9814583659172058,0.982889711856842,0.9852210283279419,0.9822725057601929,0.9811334609985352,0.983356773853302,0.9837726950645447,0.9844598770141602,0.9841066598892212,0.983668327331543,0.9811100959777832,0.9735355377197266,0.9777005910873413,0.9805439710617065,0.9738386273384094,0.9757194519042969,0.9825186133384705,0.9795257449150085,0.98143470287323,0.978904128074646,0.9798123240470886,0.9818798303604126,0.9825809001922607,0.9813132882118225,0.9833239316940308,0.9817269444465637,0.9835611581802368,0.9886155128479004,0.9872243404388428,0.9824949502944946,0.9805604219436646,0.9767093062400818,0.9773643612861633,0.9784488677978516,0.9772733449935913,0.9812558889389038,0.9776201248168945,0.9793518781661987,0.9784842133522034,0.979455292224884,0.979784369468689,0.9795539379119873,0.9763000011444092,0.9788956642150879,0.977476179599762,0.9803638458251953,0.9841235280036926,0.9765934944152832,0.9789455533027649,0.9806037545204163,0.9774600267410278,0.9838322997093201,0.9830670356750488,0.9847313165664673,0.9812920093536377,0.9807877540588379,0.9843502640724182,0.9877641797065735,0.98719722032547,0.9920430779457092,0.9923042058944702
15,0.9931267499923706,0.9955485463142395,0.9967890977859497,1.0000001192092896,0.996086835861206,0.9939042925834656,0.992469072341919,0.9925008416175842,0.9926419258117676,0.9915814399719238,0.9885557889938354,0.9870185852050781,0.9879186749458313,0.9882883429527283,0.9860233068466187,0.9837864637374878,0.9847017526626587,0.9851590991020203,0.9857707619667053,0.9857590794563293,0.9846115112304688,0.9819364547729492,0.9734938144683838,0.9791980385780334,0.9814622402191162,0.9752548933029175,0.978762149810791,0.9847791790962219,0.981793999671936,0.9842474460601807,0.9822768568992615,0.9819772243499756,0.9836961030960083,0.984036922454834,0.981839656829834,0.9828375577926636,0.9821316599845886,0.983450710773468,0.9901502728462219,0.9897498488426208,0.9846605062484741,0.9830273985862732,0.9786898493766785,0.981009304523468,0.982472836971283,0.9810941219329834,0.9834641218185425,0.9821553826332092,0.9823346138000488,0.9817115664482117,0.9815433621406555,0.9813467264175415,0.9811835885047913,0.9778257012367249,0.9782717227935791,0.976660966873169,0.980312168598175,0.9841013550758362,0.9748467803001404,0.9795508980751038,0.9816164970397949,0.9809989333152771,0.9852020144462585,0.9861083030700684,0.9869694709777832,0.9848699569702148,0.9839947819709778,0.9870126843452454,0.9902573823928833,0.9891493916511536,0.9924862384796143,0.9921442270278931
20,0.9931535720825195,0.9945163726806641,0.994318962097168,0.996086835861206,1.0000001192092896,0.9959055185317993,0.9938414096832275,0.9928774833679199,0.9945647120475769,0.9940400719642639,0.9915640354156494,0.989556610584259,0.9901694059371948,0.9892479777336121,0.9854333996772766,0.9865051507949829,0.9882808923721313,0.988042414188385,0.9869118332862854,0.9859330058097839,0.9863279461860657,0.9844409823417664,0.9793118834495544,0.9839117527008057,0.9844905734062195,0.9791692495346069,0.9827314615249634,0.9872921109199524,0.984889566898346,0.9868760704994202,0.9848480224609375,0.9854839444160461,0.986243724822998,0.9853962063789368,0.9839318990707397,0.986334502696991,0.9844448566436768,0.9839981198310852,0.9891736507415771,0.9890463352203369,0.9890052080154419,0.9860439896583557,0.981755793094635,0.9853600859642029,0.9849801063537598,0.984489917755127,0.9859954118728638,0.9849636554718018,0.9848660826683044,0.9839287996292114,0.9843129515647888,0.9818215370178223,0.9837987422943115,0.9798412322998047,0.981528639793396,0.9790003895759583,0.9809315204620361,0.9837656617164612,0.9793682098388672,0.9833090305328369,0.9839386940002441,0.9822313785552979,0.987202525138855,0.9874086380004883,0.9873353838920593,0.9860929250717163,0.9868782162666321,0.9889026880264282,0.9906072020530701,0.9887521266937256,0.9915646314620972,0.9931182861328125
25,0.9937474727630615,0.994928240776062,0.9938960075378418,0.9939042925834656,0.9959055185317993,1.0000001192092896,0.9972083568572998,0.9944111108779907,0.9951654672622681,0.9946413636207581,0.9906479716300964,0.9892964363098145,0.9905831813812256,0.9916735887527466,0.9877859354019165,0.9867252707481384,0.9893198013305664,0.9882007837295532,0.989033043384552,0.9875545501708984,0.9870387315750122,0.9836435317993164,0.9770631194114685,0.9845619797706604,0.9867738485336304,0.9812724590301514,0.9857869744300842,0.98872309923172,0.9863744974136353,0.9892077445983887,0.9871140718460083,0.9876854419708252,0.9881747961044312,0.987462043762207,0.9869601726531982,0.9879111051559448,0.9874728322029114,0.9865301847457886,0.98975670337677,0.9882186651229858,0.9869112372398376,0.9886847734451294,0.9850593209266663,0.9868135452270508,0.9875510931015015,0.9855828881263733,0.9875086545944214,0.986077606678009,0.9867241382598877,0.9860644936561584,0.9872634410858154,0.9853127002716064,0.9861310124397278,0.9815576076507568,0.9848023653030396,0.9817582964897156,0.9830362200737,0.9849898815155029,0.9804174304008484,0.9850673675537109,0.9868441820144653,0.9829513430595398,0.9900686740875244,0.9888593554496765,0.9887717962265015,0.9866539239883423,0.9875707030296326,0.99039626121521,0.9915786981582642,0.9918984174728394,0.9935222864151001,0.9933836460113525
30,0.9918787479400635,0.9945318102836609,0.9921544790267944,0.992469072341919,0.9938414096832275,0.9972083568572998,1.0000001192092896,0.9957519769668579,0.994612991809845,0.9941567182540894,0.989749550819397,0.9892324209213257,0.9895804524421692,0.9906443357467651,0.9887093901634216,0.9867571592330933,0.9884626865386963,0.9859784245491028,0.9863667488098145,0.9850727319717407,0.9844896793365479,0.9813820719718933,0.9740374088287354,0.9816732406616211,0.9859419465065002,0.9804860353469849,0.9848783612251282,0.9876389503479004,0.9853390455245972,0.9884381294250488,0.9876260161399841,0.9873466491699219,0.9884077906608582,0.9882714748382568,0.9875122308731079,0.9868180751800537,0.9858890771865845,0.9859563112258911,0.9881113767623901,0.9877058863639832,0.9855769276618958,0.9881628155708313,0.9864945411682129,0.9867973923683167,0.9868654608726501,0.9859344959259033,0.9867929220199585,0.9860554933547974,0.9853781461715698,0.984804630279541,0.9872723817825317,0.9864617586135864,0.9869095683097839,0.9808104038238525,0.9828800559043884,0.9799825549125671,0.9809221029281616,0.9829223155975342,0.977889895439148,0.9823712110519409,0.9857245683670044,0.9821125268936157,0.9877886772155762,0.9872186779975891,0.9884222149848938,0.9860842227935791,0.9870806932449341,0.9901622533798218,0.991847038269043,0.9922357797622681,0.9942757487297058,0.9922512173652649
35,0.990088701248169,0.9920957088470459,0.9903016686439514,0.9925008416175842,0.9928774833679199,0.9944111108779907,0.9957519769668579,1.0,0.9953961968421936,0.9940279126167297,0.989521861076355,0.989720344543457,0.9893829226493835,0.9903164505958557,0.9900830984115601,0.9853325486183167,0.98683100938797,0.9833753108978271,0.986355721950531,0.9837623238563538,0.9822806119918823,0.9799765348434448,0.970916211605072,0.976974368095398,0.9829391837120056,0.977580726146698,0.9833219051361084,0.9864531755447388,0.983642578125,0.9863345623016357,0.9856002926826477,0.9850466847419739,0.9850524067878723,0.9856002330780029,0.9838309288024902,0.9821666479110718,0.9814552068710327,0.9815126061439514,0.9865342378616333,0.9846816062927246,0.9836164116859436,0.9840787649154663,0.9826475381851196,0.98564612865448,0.9856642484664917,0.9846950173377991,0.9855983853340149,0.9845945835113525,0.9830648899078369,0.9822308421134949,0.9843451976776123,0.9838641881942749,0.9836870431900024,0.9774160385131836,0.9797265529632568,0.9771792888641357,0.9796055555343628,0.9828507900238037,0.9743006229400635,0.9791545867919922,0.9835193753242493,0.9821393489837646,0.9877603054046631,0.9896671772003174,0.98907470703125,0.9874376058578491,0.9862772226333618,0.9885297417640686,0.9910380840301514,0.9904841184616089,0.9927144050598145,0.9907322525978088
40,0.9927704334259033,0.9934355020523071,0.9901589155197144,0.9926419258117676,0.9945647120475769,0.9951654672622681,0.994612991809845,0.9953961968421936,1.000000238418579,0.9972420930862427,0.9947502613067627,0.9937599897384644,0.9928451776504517,0.9926347136497498,0.9887220859527588,0.9864035248756409,0.9884384870529175,0.9877544641494751,0.9875180721282959,0.9861724972724915,0.9864737391471863,0.9843001961708069,0.9781676530838013,0.9846794605255127,0.9863885641098022,0.9822924733161926,0.9867249131202698,0.9899824857711792,0.9881437420845032,0.9908143281936646,0.9883915185928345,0.9886163473129272,0.9883453845977783,0.9856279492378235,0.9838181734085083,0.9853193759918213,0.9849298000335693,0.9832271337509155,0.9865193367004395,0.9868524074554443,0.9855033755302429,0.9872446060180664,0.982423722743988,0.987651526927948,0.9886437654495239,0.9879883527755737,0.9892385601997375,0.9891265630722046,0.9888197183609009,0.9874264001846313,0.9870067238807678,0.9831904172897339,0.9852661490440369,0.9805324077606201,0.9822463989257812,0.9797064065933228,0.980866551399231,0.9850329756736755,0.9805987477302551,0.9845338463783264,0.9865961074829102,0.986534595489502,0.9916276931762695,0.9913197755813599,0.9915725588798523,0.9916852712631226,0.9914023280143738,0.9917392730712891,0.9925905466079712,0.9897299408912659,0.9914952516555786,0.9919937252998352
45,0.9909693002700806,0.9928737878799438,0.9892802834510803,0.9915814399719238,0.9940400719642639,0.9946413636207581,0.9941567182540894,0.9940279126167297,0.9972420930862427,1.0000001192092896,0.9952795505523682,0.9925333261489868,0.994011402130127,0.9931014776229858,0.9906631112098694,0.9885086417198181,0.989351749420166,0.9882115125656128,0.9878703951835632,0.9873428344726562,0.9866105318069458,0.9835944175720215,0.9785897731781006,0.985920786857605,0.9872773289680481,0.9821199178695679,0.9880557060241699,0.9917048811912537,0.9885953664779663,0.9904683232307434,0.990356981754303,0.9897640347480774,0.99029541015625,0.987276554107666,0.986344039440155,0.9868714213371277,0.9861626625061035,0.9850618243217468,0.9876149892807007,0.9875646829605103,0.9868063926696777,0.9888022541999817,0.9845099449157715,0.9886671304702759,0.9908536672592163,0.9906590580940247,0.9901039600372314,0.9891902208328247,0.9906947612762451,0.9885802268981934,0.9889184236526489,0.9859874844551086,0.9865439534187317,0.9824402332305908,0.9843911528587341,0.9808540344238281,0.9818292260169983,0.983792781829834,0.9804555177688599,0.9850945472717285,0.9876772165298462,0.9864501953125,0.9926015734672546,0.9920914173126221,0.9919911623001099,0.9908510446548462,0.9922604560852051,0.992241621017456,0.9922915101051331,0.9905091524124146,0.9917125701904297,0.9912025928497314
50,0.9890156984329224,0.9893016219139099,0.9842885732650757,0.9885557889938354,0.9915640354156494,0.9906479716300964,0.989749550819397,0.989521861076355,0.9947502613067627,0.9952795505523682,1.0,0.9966866374015808,0.9954146146774292,0.9928246736526489,0.9866387844085693,0.987343430519104,0.9890236258506775,0.9907512664794922,0.9866527318954468,0.9871833324432373,0.9889200925827026,0.9856356382369995,0.9828658103942871,0.9895090460777283,0.9891048669815063,0.9866617918014526,0.989091694355011,0.9917212128639221,0.9912217855453491,0.9908931255340576,0.9901828765869141,0.9890450239181519,0.9875829219818115,0.9835280179977417,0.9833838939666748,0.9852274656295776,0.9833005666732788,0.9802976250648499,0.9825059175491333,0.9832360744476318,0.9833961129188538,0.9859141707420349,0.9799507260322571,0.9874773621559143,0.9874582290649414,0.9894498586654663,0.9905684590339661,0.9916595220565796,0.992031991481781,0.9904969930648804,0.9876516461372375,0.983455240726471,0.9886189103126526,0.9863080382347107,0.984642505645752,0.9841108322143555,0.9835007190704346,0.9839698076248169,0.9834092855453491,0.988303542137146,0.9888536930084229,0.9906732439994812,0.9906113147735596,0.9908744096755981,0.9923776388168335,0.9929531812667847,0.9943193197250366,0.9933035373687744,0.990801215171814,0.9881014823913574,0.9889393448829651,0.9886067509651184
55,0.9878697395324707,0.9870986938476562,0.9814583659172058,0.9870185852050781,0.989556610584259,0.9892964363098145,0.9892324209213257,0.989720344543457,0.9937599897384644,0.9925333261489868,0.9966866374015808,1.0,0.9958230257034302,0.9940840005874634,0.988311231136322,0.9883379340171814,0.9891082644462585,0.9896528720855713,0.9872890710830688,0.9861617088317871,0.987191379070282,0.9843775033950806,0.9790161848068237,0.9857219457626343,0.9878330230712891,0.9859349727630615,0.9886714220046997,0.9907728433609009,0.9909787178039551,0.9919402599334717,0.990703821182251,0.9886650443077087,0.9870092868804932,0.9834315776824951,0.9832160472869873,0.982846200466156,0.9818045496940613,0.9791161417961121,0.9808771014213562,0.9825876951217651,0.9821741580963135,0.9849732518196106,0.9800933599472046,0.9881937503814697,0.9868824481964111,0.9885891675949097,0.9901670217514038,0.993549108505249,0.9908228516578674,0.9901413321495056,0.9883793592453003,0.9852559566497803,0.9884073734283447,0.9844241142272949,0.9836233258247375,0.9824346303939819,0.9816722869873047,0.9845942258834839,0.9813036918640137,0.9864457845687866,0.9881898164749146,0.9899802207946777,0.9891800880432129,0.9911078810691833,0.9926413297653198,0.9936315417289734,0.9932616949081421,0.9933449625968933,0.9910548329353333,0.9884986281394958,0.9889348149299622,0.9877730011940002
60,0.9872610569000244,0.9887590408325195,0.982889711856842,0.9879186749458313,0.9901694059371948,0.9905831813812256,0.9895804524421692,0.9893829226493835,0.9928451776504517,0.994011402130127,0.9954146146774292,0.9958230257034302,0.9999997019767761,0.996214747428894,0.9901641607284546,0.9905127286911011,0.9905940294265747,0.9904377460479736,0.9886317849159241,0.9896241426467896,0.9884462356567383,0.9835387468338013,0.979833722114563,0.9884423017501831,0.9880452156066895,0.984475314617157,0.9896695613861084,0.9915000796318054,0.9893620014190674,0.9904932975769043,0.9911840558052063,0.9897909760475159,0.9883897304534912,0.9851799011230469,0.9840348958969116,0.9839988350868225,0.9824161529541016,0.9813495874404907,0.9834961295127869,0.9845783710479736,0.9832789897918701,0.9863380789756775,0.9803870916366577,0.9871235489845276,0.9891606569290161,0.988757848739624,0.9883815050125122,0.9905955195426941,0.9923737645149231,0.9919258952140808,0.9891653060913086,0.9873760938644409,0.9884399175643921,0.9849861860275269,0.9854128360748291,0.9832833409309387,0.9834212064743042,0.9831970930099487,0.9806694984436035,0.9872268438339233,0.988341212272644,0.9889621138572693,0.9914259314537048,0.9910568594932556,0.9918879270553589,0.9907822608947754,0.9930027723312378,0.9936515092849731,0.9914864897727966,0.9892299175262451,0.9883748292922974,0.9869017601013184
65,0.989730179309845,0.9888515472412109,0.9852210283279419,0.9882883429527283,0.9892479777336121,0.9916735887527466,0.9906443357467651,0.9903164505958557,0.9926347136497498,0.9931014776229858,0.9928246736526489,0.9940840005874634,0.996214747428894,1.0,0.9931799173355103,0.9930335283279419,0.9931781888008118,0.9925893545150757,0.9922007322311401,0.9913837909698486,0.9903557300567627,0.9880774617195129,0.9810078144073486,0.9872662425041199,0.9889769554138184,0.9855977296829224,0.9893351793289185,0.9924049377441406,0.9900705814361572,0.9912592172622681,0.9909082651138306,0.9908103942871094,0.9898926019668579,0.9870898723602295,0.9866729974746704,0.9863308668136597,0.9854022264480591,0.9841693043708801,0.9851663708686829,0.9861564636230469,0.9839380979537964,0.9865587949752808,0.9820260405540466,0.9871136546134949,0.987952470779419,0.9876567125320435,0.9900546073913574,0.9906142354011536,0.9912998080253601,0.9931008219718933,0.9916242957115173,0.9899032115936279,0.9909965395927429,0.9877339601516724,0.989656388759613,0.9868437051773071,0.9863818287849426,0.9872226119041443,0.9813493490219116,0.9866915345191956,0.9894094467163086,0.9877175092697144,0.9904053807258606,0.990551233291626,0.9914288520812988,0.9897387623786926,0.9908661842346191,0.9940451979637146,0.9918779134750366,0.9902055263519287,0.9912096261978149,0.9891332983970642
70,0.9822752475738525,0.9858096241950989,0.9822725057601929,0.9860233068466187,0.9854333996772766,0.9877859354019165,0.9887093901634216,0.9900830984115601,0.9887220859527588,0.9906631112098694,0.9866387844085693,0.988311231136322,0.9901641607284546,0.9931799173355103,1.000000238418579,0.9927293658256531,0.9907693862915039,0.987005889415741,0.9883623123168945,0.9891036152839661,0.9851181507110596,0.9826481938362122,0.9719251990318298,0.9792672395706177,0.9850999116897583,0.9794272184371948,0.9847946166992188,0.9886253476142883,0.9852775931358337,0.9878923296928406,0.9887087941169739,0.9888134598731995,0.9902313351631165,0.989370584487915,0.988486647605896,0.9843595027923584,0.9834838509559631,0.985442042350769,0.9876561760902405,0.9870166182518005,0.9823686480522156,0.9859166145324707,0.9851869940757751,0.9855902194976807,0.9871535897254944,0.9876060485839844,0.9885069727897644,0.987747073173523,0.9881683588027954,0.9894144535064697,0.9925445914268494,0.9919542670249939,0.9893645644187927,0.9820926189422607,0.9843319654464722,0.982077956199646,0.9834606647491455,0.9848306775093079,0.9739658236503601,0.9794380068778992,0.9856487512588501,0.9818604588508606,0.9852765798568726,0.9880338311195374,0.9878690242767334,0.9855868220329285,0.986283004283905,0.9888970851898193,0.9897880554199219,0.9909583926200867,0.9904024600982666,0.9852942228317261
75,0.9829848408699036,0.9836998581886292,0.9811334609985352,0.9837864637374878,0.9865051507949829,0.9867252707481384,0.9867571592330933,0.9853325486183167,0.9864035248756409,0.9885086417198181,0.987343430519104,0.9883379340171814,0.9905127286911011,0.9930335283279419,0.9927293658256531,1.0000001192092896,0.994658887386322,0.991741418838501,0.9899047017097473,0.991564154624939,0.9884015321731567,0.9871494770050049,0.9816417694091797,0.9856587052345276,0.9882462024688721,0.9841366410255432,0.9876976609230042,0.9906170964241028,0.9877698421478271,0.9883285760879517,0.9885039329528809,0.9887149333953857,0.9904745221138,0.9896743297576904,0.9888297915458679,0.9857593774795532,0.9842008352279663,0.9842932224273682,0.9836586713790894,0.984775722026825,0.9838035106658936,0.985737144947052,0.9835478067398071,0.9855688214302063,0.986290454864502,0.9868180751800537,0.9864604473114014,0.9880952835083008,0.9878937005996704,0.9909499287605286,0.9923754930496216,0.9937649965286255,0.9913368821144104,0.9869106411933899,0.9890395402908325,0.9877479672431946,0.986086905002594,0.9851882457733154,0.9793539047241211,0.9842683672904968,0.9868862628936768,0.9827877283096313,0.9854781627655029,0.9857671856880188,0.9866259098052979,0.9838603734970093,0.9861690998077393,0.9895641803741455,0.9866751432418823,0.9883701801300049,0.988165020942688,0.9849280714988708
80,0.9878848791122437,0.984515905380249,0.983356773853302,0.9847017526626587,0.9882808923721313,0.9893198013305664,0.9884626865386963,0.98683100938797,0.9884384870529175,0.989351749420166,0.9890236258506775,0.9891082644462585,0.9905940294265747,0.9931781888008118,0.9907693862915039,0.994658887386322,1.000000238418579,0.9963668584823608,0.9930409789085388,0.9917279481887817,0.9923747777938843,0.9915359616279602,0.9861847162246704,0.9897838830947876,0.9920629262924194,0.9901984333992004,0.9912860989570618,0.9927436113357544,0.9907417297363281,0.990911602973938,0.9888449311256409,0.9903109073638916,0.9901014566421509,0.9890298843383789,0.9907329082489014,0.9898857474327087,0.987240731716156,0.9847411513328552,0.9841941595077515,0.9849156737327576,0.985356867313385,0.9855728149414062,0.9830026030540466,0.9868252873420715,0.9852895140647888,0.9856330156326294,0.9874457716941833,0.9884412884712219,0.988239049911499,0.9906907677650452,0.9924458265304565,0.9911874532699585,0.9949038028717041,0.9912137389183044,0.992256224155426,0.9899606704711914,0.9888919591903687,0.9866044521331787,0.9850095510482788,0.9883710741996765,0.9905834794044495,0.9866273999214172,0.9879510402679443,0.9877760410308838,0.9882558584213257,0.9851850271224976,0.988070011138916,0.9908611178398132,0.9871533513069153,0.9869198799133301,0.9901124238967896,0.9890510439872742
85,0.9885983467102051,0.9851146340370178,0.9837726950645447,0.9851590991020203,0.988042414188385,0.9882007837295532,0.9859784245491028,0.9833753108978271,0.9877544641494751,0.9882115125656128,0.9907512664794922,0.9896528720855713,0.9904377460479736,0.9925893545150757,0.987005889415741,0.991741418838501,0.9963668584823608,1.0000001192092896,0.9943389892578125,0.9937384724617004,0.9946653246879578,0.9928158521652222,0.9890669584274292,0.9929119944572449,0.9922128319740295,0.9911341071128845,0.9896357655525208,0.9922122955322266,0.9910683035850525,0.990041971206665,0.9875736832618713,0.9885416626930237,0.9888126850128174,0.9854869842529297,0.9876576066017151,0.9907183051109314,0.9879681468009949,0.9851747155189514,0.9838180541992188,0.9852733612060547,0.9839550256729126,0.9843737483024597,0.9798425436019897,0.986038863658905,0.9844321012496948,0.9857953786849976,0.9893311262130737,0.9894254207611084,0.9906351566314697,0.9917336702346802,0.990957498550415,0.9880087375640869,0.9938416481018066,0.9935888648033142,0.993432343006134,0.9917342066764832,0.989344596862793,0.988246500492096,0.9878002405166626,0.990428626537323,0.9911007881164551,0.9886529445648193,0.9874954223632812,0.9865298867225647,0.9884697198867798,0.9852223992347717,0.987736701965332,0.9902267456054688,0.9864376783370972,0.9841836094856262,0.9881658554077148,0.9889388680458069
90,0.9871777296066284,0.986189067363739,0.9844598770141602,0.9857707619667053,0.9869118332862854,0.989033043384552,0.9863667488098145,0.986355721950531,0.9875180721282959,0.9878703951835632,0.9866527318954468,0.9872890710830688,0.9886317849159241,0.9922007322311401,0.9883623123168945,0.9899047017097473,0.9930409789085388,0.9943389892578125,1.000000238418579,0.9955787658691406,0.992420494556427,0.9890215992927551,0.9819043278694153,0.987931489944458,0.9887092113494873,0.9852854013442993,0.9882776141166687,0.9900762438774109,0.9877341389656067,0.9905520677566528,0.9878072738647461,0.9872500896453857,0.9872310161590576,0.9858805537223816,0.9869557619094849,0.9886514544487,0.9890588521957397,0.9872578382492065,0.9868358373641968,0.9858281016349792,0.9841998815536499,0.9846513867378235,0.9804754257202148,0.9858386516571045,0.9854277968406677,0.9842225909233093,0.9895591735839844,0.9877488613128662,0.9878608584403992,0.9872249960899353,0.9892396926879883,0.9866812825202942,0.9887974262237549,0.9865331053733826,0.9918597340583801,0.9884638786315918,0.9860736131668091,0.9887383580207825,0.9822429418563843,0.9855184555053711,0.9882115125656128,0.9833818078041077,0.9889613389968872,0.9881259202957153,0.9880805015563965,0.9832768440246582,0.9835230112075806,0.9882403612136841,0.9856287240982056,0.9845519661903381,0.9885427355766296,0.9876470565795898
95,0.9856855869293213,0.9866915345191956,0.9841066598892212,0.9857590794563293,0.9859330058097839,0.9875545501708984,0.9850727319717407,0.9837623238563538,0.9861724972724915,0.9873428344726562,0.9871833324432373,0.9861617088317871,0.9896241426467896,0.9913837909698486,0.9891036152839661,0.991564154624939,0.9917279481887817,0.9937384724617004,0.9955787658691406,1.000000238418579,0.9948652982711792,0.9887780547142029,0.9829568266868591,0.9903275966644287,0.9891825318336487,0.9855762720108032,0.9887401461601257,0.9899786710739136,0.986831545829773,0.9899155497550964,0.987943708896637,0.9880549311637878,0.9889951348304749,0.9871051907539368,0.9873310327529907,0.9880896806716919,0.9882409572601318,0.9885607957839966,0.9878185391426086,0.9873843789100647,0.983994722366333,0.986365795135498,0.9814046621322632,0.9846956133842468,0.9862062931060791,0.985071063041687,0.9872164726257324,0.9877020716667175,0.9900732636451721,0.9897116422653198,0.9898027181625366,0.9884613752365112,0.9892478585243225,0.9871773719787598,0.9911008477210999,0.990996241569519,0.989075779914856,0.9890722036361694,0.9834166765213013,0.9872473478317261,0.988938570022583,0.9846295714378357,0.9876634478569031,0.9853501915931702,0.9863602519035339,0.9827371835708618,0.984001874923706,0.988213300704956,0.9851392507553101,0.9858744740486145,0.9874545931816101,0.9854201078414917
100,0.986709475517273,0.984842836856842,0.983668327331543,0.9846115112304688,0.9863279461860657,0.9870387315750122,0.9844896793365479,0.9822806119918823,0.9864737391471863,0.9866105318069458,0.9889200925827026,0.987191379070282,0.9884462356567383,0.9903557300567627,0.9851181507110596,0.9884015321731567,0.9923747777938843,0.9946653246879578,0.992420494556427,0.9948652982711792,1.0000003576278687,0.9956074953079224,0.9905776381492615,0.9943890571594238,0.9930794835090637,0.9912474155426025,0.9911767244338989,0.9923705458641052,0.9910585880279541,0.9913014769554138,0.9881269931793213,0.9893156290054321,0.9886608123779297,0.9854985475540161,0.9862514138221741,0.9894624948501587,0.9872847199440002,0.9859749674797058,0.9867115616798401,0.987549364566803,0.984953761100769,0.9861604571342468,0.9800957441329956,0.9848818778991699,0.9841339588165283,0.9858652353286743,0.9881173968315125,0.9885970950126648,0.9904895424842834,0.9911105632781982,0.9894586801528931,0.9855774641036987,0.9905661344528198,0.9904255270957947,0.9905667304992676,0.9923779964447021,0.9926436543464661,0.9912768602371216,0.9895769953727722,0.9910131692886353,0.9901777505874634,0.9872548580169678,0.986848771572113,0.9848056435585022,0.9863123297691345,0.9840675592422485,0.9855598211288452,0.9877928495407104,0.9826377034187317,0.9815369844436646,0.9853488802909851,0.9857478141784668
105,0.985505998134613,0.9801635146141052,0.9811100959777832,0.9819364547729492,0.9844409823417664,0.9836435317993164,0.9813820719718933,0.9799765348434448,0.9843001961708069,0.9835944175720215,0.9856356382369995,0.9843775033950806,0.9835387468338013,0.9880774617195129,0.9826481938362122,0.9871494770050049,0.9915359616279602,0.9928158521652222,0.9890215992927551,0.9887780547142029,0.9956074953079224,1.0,0.9942724108695984,0.9923309683799744,0.9916564226150513,0.9913634061813354,0.9887877702713013,0.9907033443450928,0.9900593161582947,0.9878827333450317,0.9834995269775391,0.9855164885520935,0.9852913022041321,0.982488751411438,0.982919454574585,0.986495316028595,0.9839308261871338,0.9802826046943665,0.9821445345878601,0.984036922454834,0.9823374152183533,0.9817917346954346,0.9763273596763611,0.9817249178886414,0.9797034859657288,0.9820411801338196,0.9858565330505371,0.9858890771865845,0.9861946105957031,0.9892579317092896,0.9869731664657593,0.9831846952438354,0.9891718626022339,0.990544319152832,0.9897404313087463,0.9917017221450806,0.9919204711914062,0.9903929829597473,0.9902957677841187,0.9904800653457642,0.9883003830909729,0.9865160584449768,0.984093427658081,0.9825648069381714,0.9842422604560852,0.9821630716323853,0.9831405878067017,0.9847211241722107,0.9793034791946411,0.9778152704238892,0.9828841090202332,0.9850848913192749
110,0.9798543453216553,0.9736083149909973,0.9735355377197266,0.9734938144683838,0.9793118834495544,0.9770631194114685,0.9740374088287354,0.970916211605072,0.9781676530838013,0.9785897731781006,0.9828658103942871,0.9790161848068237,0.979833722114563,0.9810078144073486,0.9719251990318298,0.9816417694091797,0.9861847162246704,0.9890669584274292,0.9819043278694153,0.9829568266868591,0.9905776381492615,0.9942724108695984,1.0,0.9942119121551514,0.989885687828064,0.9903385043144226,0.9861829876899719,0.9869625568389893,0.9881198406219482,0.9825159907341003,0.9779571890830994,0.9802743792533875,0.9801269769668579,0.9760725498199463,0.9759019017219543,0.9817888736724854,0.9788143038749695,0.9734534621238708,0.97403883934021,0.9768307209014893,0.9783292412757874,0.9767835736274719,0.9697508811950684,0.977406919002533,0.975918710231781,0.9780943989753723,0.9800378084182739,0.9808728098869324,0.9827589988708496,0.9857101440429688,0.9809093475341797,0.9770867228507996,0.9844263792037964,0.988723874092102,0.9867588877677917,0.9900401830673218,0.9888323545455933,0.9849274158477783,0.9928569793701172,0.992033839225769,0.9856248497962952,0.9856126308441162,0.9828747510910034,0.9777295589447021,0.9801133871078491,0.9779578447341919,0.9803322553634644,0.9790902137756348,0.972622275352478,0.9702678322792053,0.9736673831939697,0.9782307147979736
115,0.9832109808921814,0.981075644493103,0.9777005910873413,0.9791980385780334,0.9839117527008057,0.9845619797706604,0.9816732406616211,0.976974368095398,0.9846794605255127,0.985920786857605,0.9895090460777283,0.9857219457626343,0.9884423017501831,0.9872662425041199,0.9792672395706177,0.9856587052345276,0.9897838830947876,0.9929119944572449,0.987931489944458,0.9903275966644287,0.9943890571594238,0.9923309683799744,0.9942119121551514,1.0,0.993550181388855,0.9932122230529785,0.992854118347168,0.9918341040611267,0.9913296103477478,0.9893852472305298,0.9866567254066467,0.9874250292778015,0.9868292808532715,0.9818252325057983,0.9825586676597595,0.9871397614479065,0.9854623675346375,0.9821152091026306,0.9808175563812256,0.9829035997390747,0.9833762049674988,0.9862564206123352,0.9783749580383301,0.9852220416069031,0.9849263429641724,0.9857082962989807,0.9860882759094238,0.9874070286750793,0.990653395652771,0.9906660914421082,0.9878983497619629,0.9824516773223877,0.9890688061714172,0.990512490272522,0.990260660648346,0.9913722276687622,0.9888723492622375,0.9850098490715027,0.9918419122695923,0.9951461553573608,0.9906058311462402,0.9890176653862,0.9893200397491455,0.9832505583763123,0.9853766560554504,0.9826099872589111,0.9868499040603638,0.986403226852417,0.9802690744400024,0.9780914783477783,0.9799598455429077,0.9820325970649719
120,0.9843671321868896,0.9818248748779297,0.9805439710617065,0.9814622402191162,0.9844905734062195,0.9867738485336304,0.9859419465065002,0.9829391837120056,0.9863885641098022,0.9872773289680481,0.9891048669815063,0.9878330230712891,0.9880452156066895,0.9889769554138184,0.9850999116897583,0.9882462024688721,0.9920629262924194,0.9922128319740295,0.9887092113494873,0.9891825318336487,0.9930794835090637,0.9916564226150513,0.989885687828064,0.993550181388855,1.0,0.9960252046585083,0.9931315183639526,0.9947634935379028,0.9953737258911133,0.9919576644897461,0.9896093606948853,0.9903721809387207,0.9901506304740906,0.9870008826255798,0.9883838891983032,0.9900442957878113,0.9873226881027222,0.9843783378601074,0.9842081069946289,0.9837378859519958,0.9829086661338806,0.9863487482070923,0.9837005138397217,0.9872801303863525,0.984891414642334,0.9865376353263855,0.989030659198761,0.9898821115493774,0.9914662837982178,0.9905022382736206,0.9904734492301941,0.9889026880264282,0.9933342933654785,0.9916514158248901,0.990248441696167,0.9900082945823669,0.9895704984664917,0.9876247644424438,0.9893399477005005,0.992277979850769,0.9950309991836548,0.9918275475502014,0.990371584892273,0.9887554049491882,0.989747941493988,0.986435055732727,0.9883916974067688,0.986584484577179,0.9840525388717651,0.9842497110366821,0.9859946966171265,0.9859368205070496
125,0.9818753004074097,0.9751743078231812,0.9738386273384094,0.9752548933029175,0.9791692495346069,0.9812724590301514,0.9804860353469849,0.977580726146698,0.9822924733161926,0.9821199178695679,0.9866617918014526,0.9859349727630615,0.984475314617157,0.9855977296829224,0.9794272184371948,0.9841366410255432,0.9901984333992004,0.9911341071128845,0.9852854013442993,0.9855762720108032,0.9912474155426025,0.9913634061813354,0.9903385043144226,0.9932122230529785,0.9960252046585083,1.0,0.9944339990615845,0.9924149513244629,0.9936389923095703,0.9887926578521729,0.9860308766365051,0.9874299764633179,0.9866699576377869,0.9830707907676697,0.9856394529342651,0.9869645237922668,0.9846352934837341,0.9793841242790222,0.9778253436088562,0.9789185523986816,0.9794398546218872,0.9835109710693359,0.9788633584976196,0.9851621985435486,0.9817708730697632,0.9831512570381165,0.9846803545951843,0.987838864326477,0.9881490468978882,0.9893361926078796,0.9879958033561707,0.9843090772628784,0.9919489622116089,0.9921064376831055,0.9895066022872925,0.9909926652908325,0.9888684749603271,0.983963668346405,0.9899647831916809,0.9927636384963989,0.9926258325576782,0.9927465319633484,0.9864516258239746,0.9838376045227051,0.9858386516571045,0.9836457967758179,0.9870585799217224,0.985409140586853,0.9795847535133362,0.9785125851631165,0.9807810187339783,0.9817793369293213
130,0.9825122356414795,0.9802400469779968,0.9757194519042969,0.978762149810791,0.9827314615249634,0.9857869744300842,0.9848783612251282,0.9833219051361084,0.9867249131202698,0.9880557060241699,0.989091694355011,0.9886714220046997,0.9896695613861084,0.9893351793289185,0.9847946166992188,0.9876976609230042,0.9912860989570618,0.9896357655525208,0.9882776141166687,0.9887401461601257,0.9911767244338989,0.9887877702713013,0.9861829876899719,0.992854118347168,0.9931315183639526,0.9944339990615845,1.000000238418579,0.9948043823242188,0.993347704410553,0.9926037192344666,0.991899311542511,0.9921733140945435,0.9907612800598145,0.9875836372375488,0.9880660772323608,0.9880167841911316,0.9872528314590454,0.9832607507705688,0.9824044108390808,0.9832056760787964,0.9848796129226685,0.9894187450408936,0.9845638275146484,0.9903886914253235,0.9896969199180603,0.9884433746337891,0.986603856086731,0.9900522232055664,0.9901366233825684,0.9907264113426208,0.9912787675857544,0.9869041442871094,0.9906399250030518,0.9880678653717041,0.9886377453804016,0.9883748292922974,0.9864858388900757,0.9827423095703125,0.985366702079773,0.9909918308258057,0.9903524518013,0.9893085956573486,0.9909332990646362,0.9876644611358643,0.9871585369110107,0.98565274477005,0.9892876148223877,0.9889967441558838,0.982693612575531,0.9826816320419312,0.9829353094100952,0.9826624989509583
135,0.9866032600402832,0.9849400520324707,0.9825186133384705,0.9847791790962219,0.9872921109199524,0.98872309923172,0.9876389503479004,0.9864531755447388,0.9899824857711792,0.9917048811912537,0.9917212128639221,0.9907728433609009,0.9915000796318054,0.9924049377441406,0.9886253476142883,0.9906170964241028,0.9927436113357544,0.9922122955322266,0.9900762438774109,0.9899786710739136,0.9923705458641052,0.9907033443450928,0.9869625568389893,0.9918341040611267,0.9947634935379028,0.9924149513244629,0.9948043823242188,1.0,0.9971375465393066,0.994257926940918,0.9943984746932983,0.995021402835846,0.9943398237228394,0.9911717176437378,0.9920117855072021,0.9922416806221008,0.989913821220398,0.9877952337265015,0.9878411293029785,0.9883469343185425,0.9886711835861206,0.9901202321052551,0.987175703048706,0.9918773174285889,0.991254448890686,0.9927758574485779,0.9923333525657654,0.9932599663734436,0.9941107630729675,0.9934748411178589,0.9923957586288452,0.9904482960700989,0.9929019212722778,0.9892274737358093,0.9901889562606812,0.9883768558502197,0.9876773953437805,0.9872848987579346,0.9856566786766052,0.9902639985084534,0.9932270050048828,0.9914146065711975,0.992236852645874,0.9922057390213013,0.9916548728942871,0.9894243478775024,0.9913865327835083,0.9916423559188843,0.9879452586174011,0.9873493909835815,0.9887849688529968,0.9879812002182007
140,0.984899640083313,0.9819755554199219,0.9795257449150085,0.981793999671936,0.984889566898346,0.9863744974136353,0.9853390455245972,0.983642578125,0.9881437420845032,0.9885953664779663,0.9912217855453491,0.9909787178039551,0.9893620014190674,0.9900705814361572,0.9852775931358337,0.9877698421478271,0.9907417297363281,0.9910683035850525,0.9877341389656067,0.986831545829773,0.9910585880279541,0.9900593161582947,0.9881198406219482,0.9913296103477478,0.9953737258911133,0.9936389923095703,0.993347704410553,0.9971375465393066,0.9999996423721313,0.9951741099357605,0.9929497241973877,0.9932923316955566,0.9922642111778259,0.9884616732597351,0.9890373349189758,0.990155041217804,0.9880691766738892,0.9842309355735779,0.9846032857894897,0.9853388667106628,0.9857472777366638,0.9875110387802124,0.9849119186401367,0.9904956817626953,0.9886401891708374,0.9900876879692078,0.9916442632675171,0.9933702945709229,0.9930304884910583,0.9917905926704407,0.9904037714004517,0.9882680177688599,0.9920125007629395,0.988681435585022,0.9882064461708069,0.9878123998641968,0.9870991110801697,0.9867548942565918,0.9877519607543945,0.9910997152328491,0.9931035041809082,0.9921585321426392,0.9909552931785583,0.9908789396286011,0.9913111925125122,0.9896751642227173,0.9906125664710999,0.9886409640312195,0.9852265119552612,0.984737753868103,0.9850867986679077,0.9854872226715088
