,0,5,10,15,20,25,30,35,40,45,50,55,60,65,70,75,80,85,90,95,100,105,110,115,120,125,130,135,140,145,150,155,160,165,170,175,180,185,190,195,200,205,210,215,220,225,230,235,240,245,250,255,260,265,270,275,280,285,290,295,300,305,310,315,320,325,330,335,340,345,350,355
0,1.000000238418579,0.9658801555633545,0.9673420190811157,0.9583369493484497,0.9375573396682739,0.9383695125579834,0.954216480255127,0.9493159651756287,0.9526300430297852,0.9504709243774414,0.9423738718032837,0.9274927377700806,0.9297531843185425,0.9331598877906799,0.9357656836509705,0.9431711435317993,0.9255388975143433,0.913925290107727,0.929143488407135,0.9050977230072021,0.8977460861206055,0.9157295227050781,0.8925763964653015,0.900099515914917,0.9115697741508484,0.8939367532730103,0.897791862487793,0.9092457294464111,0.8940608501434326,0.8852270841598511,0.8980900645256042,0.8927063345909119,0.8944700360298157,0.8910535573959351,0.9043563008308411,0.8937813639640808,0.9065654277801514,0.8994481563568115,0.8897271156311035,0.8897264003753662,0.8859439492225647,0.8897430896759033,0.9066954851150513,0.8894898295402527,0.9008911848068237,0.8994748592376709,0.8810226321220398,0.8701627254486084,0.8848357200622559,0.8876832127571106,0.8923487663269043,0.8995696902275085,0.8992592096328735,0.8912880420684814,0.8900394439697266,0.8950238227844238,0.8895325660705566,0.8962215781211853,0.8829474449157715,0.9017323851585388,0.9141622185707092,0.9211857318878174,0.9292842149734497,0.9251673817634583,0.9230347275733948,0.9372866749763489,0.9485708475112915,0.9415310621261597,0.9587724208831787,0.9548017978668213,0.9753178358078003,0.9653911590576172
5,0.9658801555633545,1.000000238418579,0.9579557776451111,0.9575514793395996,0.9539267420768738,0.9480800628662109,0.9532745480537415,0.9570937752723694,0.9653878211975098,0.9562889337539673,0.9419949054718018,0.9347723126411438,0.9451825022697449,0.9411258101463318,0.9309648275375366,0.9463080167770386,0.928699791431427,0.9173868894577026,0.9248309135437012,0.9114809036254883,0.8946223855018616,0.9114702939987183,0.8888119459152222,0.9034028053283691,0.8997513055801392,0.8753185272216797,0.904433012008667,0.8904621601104736,0.8882202506065369,0.8838702440261841,0.8990078568458557,0.8890138864517212,0.8773869872093201,0.882575273513794,0.8935158252716064,0.8856730461120605,0.8867605328559875,0.8940487504005432,0.8751987218856812,0.8779805898666382,0.8799632787704468,0.8845826387405396,0.892937421798706,0.8771191835403442,0.899613082408905,0.8885671496391296,0.8796247243881226,0.8644833564758301,0.8825960159301758,0.8809981346130371,0.8810782432556152,0.8898998498916626,0.8868168592453003,0.8883363604545593,0.8716325759887695,0.9033007621765137,0.8780777454376221,0.8799517154693604,0.8833698630332947,0.8874120116233826,0.9006256461143494,0.9077420830726624,0.931244969367981,0.9034436345100403,0.9083545207977295,0.9229757785797119,0.9444286823272705,0.9329990744590759,0.9409380555152893,0.946088969707489,0.9616303443908691,0.9683570265769958
10,0.9673420190811157,0.9579557776451111,1.0,0.9811728596687317,0.9563055634498596,0.9566360712051392,0.9661883115768433,0.9535323977470398,0.9485517740249634,0.9517521858215332,0.9345720410346985,0.9258643388748169,0.9303485155105591,0.9358203411102295,0.9448606371879578,0.9436707496643066,0.9298752546310425,0.9207639694213867,0.9369264841079712,0.9064399003982544,0.9154922962188721,0.9350332021713257,0.9137454032897949,0.9140797257423401,0.9282633662223816,0.9029582142829895,0.9120856523513794,0.9205772876739502,0.9060205221176147,0.9050999879837036,0.917759895324707,0.9149354100227356,0.9025465846061707,0.8939951658248901,0.9134323596954346,0.9063161015510559,0.90969318151474,0.9132277369499207,0.9221585988998413,0.9158726930618286,0.9062111973762512,0.9091071486473083,0.9215593338012695,0.8976370096206665,0.9063684940338135,0.9175203442573547,0.897617757320404,0.8815104961395264,0.8934406042098999,0.9012781381607056,0.9002904891967773,0.9121445417404175,0.9086270928382874,0.8993827104568481,0.9028608202934265,0.8948569297790527,0.914827287197113,0.9037226438522339,0.9002123475074768,0.9053148031234741,0.9237145185470581,0.933642566204071,0.9314335584640503,0.9316167235374451,0.9265429973602295,0.9318501949310303,0.9503865242004395,0.9465627670288086,0.9586979746818542,0.9457437992095947,0.9678822755813599,0.957402765750885
15,0.9583369493484497,0.9575514793395996,0.9811728596687317,1.000000238418579,0.9716886878013611,0.9733263850212097,0.9803783893585205,0.9631277322769165,0.9589396119117737,0.9570909738540649,0.9427040815353394,0.9452217817306519,0.9475927352905273,0.946143627166748,0.9552593231201172,0.9514700770378113,0.9491001963615417,0.9399185180664062,0.9498549699783325,0.9310020208358765,0.9325480461120605,0.9551299810409546,0.9366391897201538,0.9328700304031372,0.9468873739242554,0.923791766166687,0.9296039342880249,0.9237167835235596,0.9186356067657471,0.9168061017990112,0.9284063577651978,0.9226500988006592,0.9101097583770752,0.8899708986282349,0.9185489416122437,0.913253903388977,0.9179760217666626,0.9185799956321716,0.9272059202194214,0.9281113743782043,0.9216201305389404,0.9233038425445557,0.9336905479431152,0.9157111048698425,0.9224134683609009,0.9269655346870422,0.9160947203636169,0.9021267890930176,0.9152287840843201,0.9124236106872559,0.9185113310813904,0.9229636192321777,0.9214044213294983,0.9222421646118164,0.9238801598548889,0.91811603307724,0.9345992803573608,0.9304900765419006,0.9245870113372803,0.9227643609046936,0.9412802457809448,0.9493817090988159,0.9474492073059082,0.9305985569953918,0.9309337139129639,0.944328784942627,0.9536750912666321,0.9426683187484741,0.9595240950584412,0.9338161945343018,0.9647696018218994,0.9599933624267578
20,0.9375573396682739,0.9539267420768738,0.9563055634498596,0.9716886878013611,1.0000001192092896,0.9666786193847656,0.9662890434265137,0.9557427167892456,0.9523079991340637,0.9563716053962708,0.9383501410484314,0.9488351345062256,0.9507997035980225,0.942987859249115,0.9498259425163269,0.9472379088401794,0.9479173421859741,0.9407832622528076,0.9404171705245972,0.9225527048110962,0.9189295768737793,0.9327048063278198,0.943731963634491,0.9302622675895691,0.9289939999580383,0.9189743399620056,0.9267739057540894,0.9186418056488037,0.9163030982017517,0.9170005321502686,0.9304651021957397,0.9231075048446655,0.9165800213813782,0.9023518562316895,0.9187777042388916,0.9145838022232056,0.916897714138031,0.9217056035995483,0.9144100546836853,0.9194055199623108,0.9310545921325684,0.9295787215232849,0.9285691976547241,0.9222309589385986,0.9239351749420166,0.9286880493164062,0.9184035062789917,0.909941554069519,0.9216240048408508,0.9172697067260742,0.9226335287094116,0.9266674518585205,0.9227098226547241,0.9212273359298706,0.9223536252975464,0.9227741956710815,0.9266738295555115,0.9236986637115479,0.9394041299819946,0.9299954771995544,0.9303755760192871,0.9366434216499329,0.9486095905303955,0.9180731773376465,0.9230417609214783,0.938294529914856,0.9490762948989868,0.9363552927970886,0.945510983467102,0.9370238780975342,0.9495255947113037,0.9555752277374268
25,0.9383695125579834,0.9480800628662109,0.9566360712051392,0.9733263850212097,0.9666786193847656,0.9999998807907104,0.9734915494918823,0.9707916378974915,0.960795521736145,0.9631763696670532,0.9371970295906067,0.943135142326355,0.9358272552490234,0.9384012222290039,0.9449954628944397,0.9415745735168457,0.9305751323699951,0.9342958927154541,0.9355200529098511,0.9284290671348572,0.9275913238525391,0.9366310238838196,0.9241396188735962,0.9474666118621826,0.9284935593605042,0.9107128381729126,0.9096149206161499,0.8917105197906494,0.8898676633834839,0.8915508985519409,0.905633807182312,0.8939151763916016,0.8815717697143555,0.8664532899856567,0.894148588180542,0.8827670216560364,0.8948092460632324,0.8986242413520813,0.903457760810852,0.9108342528343201,0.9121016263961792,0.9341408014297485,0.9233915209770203,0.9074836373329163,0.9119380712509155,0.9116955399513245,0.8940950632095337,0.8822857737541199,0.9004622101783752,0.8915666937828064,0.906497597694397,0.9033039212226868,0.9036886692047119,0.9067198038101196,0.9007954597473145,0.905103862285614,0.9155226945877075,0.9136658906936646,0.909690797328949,0.9203968048095703,0.9222077131271362,0.9311667680740356,0.9353798031806946,0.9052417278289795,0.8972371220588684,0.9217348694801331,0.9331814050674438,0.9159212112426758,0.9306430816650391,0.910736620426178,0.9434818029403687,0.941097617149353
30,0.954216480255127,0.9532745480537415,0.9661883115768433,0.9803783893585205,0.9662890434265137,0.9734915494918823,0.9999999403953552,0.9785450100898743,0.9734703302383423,0.9729844331741333,0.9657979011535645,0.9578718543052673,0.9545940160751343,0.9594714045524597,0.9559692144393921,0.9563459753990173,0.9494907855987549,0.9440863132476807,0.9465510845184326,0.9391568899154663,0.9324641227722168,0.9524869322776794,0.9347493648529053,0.9430874586105347,0.9569603204727173,0.937012255191803,0.9418541193008423,0.9315498471260071,0.9290686249732971,0.920558512210846,0.9276729822158813,0.9219028353691101,0.9065768122673035,0.8952950239181519,0.9152388572692871,0.9113299250602722,0.9091782569885254,0.9142678380012512,0.9181360602378845,0.9188740253448486,0.9164440035820007,0.9275585412979126,0.9412926435470581,0.9246770143508911,0.9305683970451355,0.9312109351158142,0.9173932075500488,0.9015953540802002,0.9106108546257019,0.914630651473999,0.9139517545700073,0.916957676410675,0.911761999130249,0.9173678159713745,0.9083370566368103,0.9143216609954834,0.9248886108398438,0.9272969365119934,0.9232232570648193,0.931810200214386,0.9491400718688965,0.9552685022354126,0.9567798376083374,0.9410523176193237,0.9417652487754822,0.9503023028373718,0.9525105357170105,0.9413400888442993,0.9521448612213135,0.9361797571182251,0.9592094421386719,0.9626473188400269
35,0.9493159651756287,0.9570937752723694,0.9535323977470398,0.9631277322769165,0.9557427167892456,0.9707916378974915,0.9785450100898743,1.0,0.9791419506072998,0.9768773317337036,0.9646334648132324,0.9629198908805847,0.9620092511177063,0.9635561108589172,0.9525105953216553,0.9582868814468384,0.9411280155181885,0.9368583559989929,0.9379130601882935,0.931983232498169,0.9192185401916504,0.9380718469619751,0.9241780042648315,0.9379338622093201,0.9367011785507202,0.9294805526733398,0.9328324794769287,0.9142687916755676,0.9154912233352661,0.9146847724914551,0.9215841889381409,0.9039019346237183,0.8956692814826965,0.8860700726509094,0.9012922048568726,0.8899915218353271,0.8880918622016907,0.8963979482650757,0.8878583312034607,0.8874334096908569,0.8979330062866211,0.9097714424133301,0.9186902046203613,0.9083362221717834,0.9167526364326477,0.9120399355888367,0.8962142467498779,0.8869081139564514,0.8987990021705627,0.898054838180542,0.9001255631446838,0.8989298939704895,0.8943637013435364,0.904046893119812,0.8826526403427124,0.8974202275276184,0.8989852666854858,0.9012725949287415,0.9070770740509033,0.9164131879806519,0.9277962446212769,0.9455341100692749,0.9485390782356262,0.9285088777542114,0.9210011959075928,0.9446530342102051,0.9509241580963135,0.9369634389877319,0.9441360235214233,0.932780921459198,0.9539873600006104,0.9589798450469971
40,0.9526300430297852,0.9653878211975098,0.9485517740249634,0.9589396119117737,0.9523079991340637,0.960795521736145,0.9734703302383423,0.9791419506072998,1.000000238418579,0.9839404225349426,0.9753042459487915,0.965638279914856,0.9617810249328613,0.9610422849655151,0.9435818195343018,0.9480839967727661,0.9406766295433044,0.9330435991287231,0.9323683381080627,0.9330686330795288,0.9182001352310181,0.9327196478843689,0.9193143248558044,0.9338245987892151,0.9328852295875549,0.9229326248168945,0.9411064982414246,0.9169276356697083,0.9210267066955566,0.9114353656768799,0.9227232336997986,0.9054518342018127,0.8922299146652222,0.8845689296722412,0.9001969695091248,0.8956106305122375,0.8970199227333069,0.9030359983444214,0.8918366432189941,0.8951294422149658,0.904807984828949,0.9108919501304626,0.9231239557266235,0.9155517220497131,0.9341038465499878,0.9171699285507202,0.9066753387451172,0.8928810358047485,0.9044463038444519,0.9021545648574829,0.8998777866363525,0.9016528129577637,0.8914821743965149,0.9120990633964539,0.8850268125534058,0.9127748012542725,0.9041047096252441,0.9096226096153259,0.9129504561424255,0.9191762208938599,0.9306351542472839,0.9381867051124573,0.9591007232666016,0.9285938143730164,0.926752507686615,0.9352842569351196,0.9494956731796265,0.9330693483352661,0.9369945526123047,0.9247028231620789,0.9455041885375977,0.9595595598220825
45,0.9504709243774414,0.9562889337539673,0.9517521858215332,0.9570909738540649,0.9563716053962708,0.9631763696670532,0.9729844331741333,0.9768773317337036,0.9839404225349426,1.0000001192092896,0.9746010899543762,0.9709480404853821,0.965181291103363,0.9629318714141846,0.9500139355659485,0.9512684345245361,0.9377881288528442,0.9300839900970459,0.9310644268989563,0.9275683164596558,0.9168765544891357,0.930701732635498,0.9188472032546997,0.9346084594726562,0.9343478679656982,0.9255775213241577,0.9400113821029663,0.9256459474563599,0.9259185791015625,0.9225456118583679,0.9269516468048096,0.9063257575035095,0.8962796330451965,0.8894481658935547,0.9017100930213928,0.8934538960456848,0.8954525589942932,0.9003114104270935,0.8908634781837463,0.8972499370574951,0.9064638018608093,0.9118443727493286,0.924409806728363,0.9106861352920532,0.922917366027832,0.9244726896286011,0.9053532481193542,0.8972792029380798,0.9104567766189575,0.9055033922195435,0.9104138612747192,0.9113470315933228,0.8997198939323425,0.9087899327278137,0.8887551426887512,0.90573650598526,0.9063853025436401,0.9112198352813721,0.9148933291435242,0.9206277132034302,0.9311704039573669,0.9434003829956055,0.9553499221801758,0.9415316581726074,0.9290014505386353,0.941407322883606,0.9557708501815796,0.9411201477050781,0.941919207572937,0.9335787296295166,0.9444888830184937,0.9573774337768555
50,0.9423738718032837,0.9419949054718018,0.9345720410346985,0.9427040815353394,0.9383501410484314,0.9371970295906067,0.9657979011535645,0.9646334648132324,0.9753042459487915,0.9746010899543762,1.0000001192092896,0.9704553484916687,0.9631969332695007,0.9701259136199951,0.9467207789421082,0.9454556703567505,0.9416425824165344,0.9374241828918457,0.9285836219787598,0.9295023083686829,0.9145753979682922,0.9270327091217041,0.9226289987564087,0.9312965869903564,0.9363284111022949,0.9274476170539856,0.9455838203430176,0.9297528862953186,0.9438412189483643,0.9242547154426575,0.9284626245498657,0.9133354425430298,0.9006167650222778,0.888832688331604,0.9086978435516357,0.9056442379951477,0.8983420133590698,0.9052502512931824,0.8935985565185547,0.8841556906700134,0.9033467769622803,0.9084610939025879,0.9287686347961426,0.9186550974845886,0.9291361570358276,0.9205039143562317,0.9249967336654663,0.9051032066345215,0.9149370789527893,0.9171152114868164,0.9060431718826294,0.904910683631897,0.8968107104301453,0.9156344532966614,0.8915171027183533,0.91246098279953,0.9072304964065552,0.9130547046661377,0.9168438911437988,0.9286573529243469,0.94077467918396,0.9422417283058167,0.9474704265594482,0.9385323524475098,0.9442400336265564,0.9432867169380188,0.9497184157371521,0.9350385069847107,0.9334440231323242,0.919124960899353,0.9375382661819458,0.9626981616020203
55,0.9274927377700806,0.9347723126411438,0.9258643388748169,0.9452217817306519,0.9488351345062256,0.943135142326355,0.9578718543052673,0.9629198908805847,0.965638279914856,0.9709480404853821,0.9704553484916687,1.0000001192092896,0.9756760001182556,0.9691005945205688,0.9633299708366394,0.9602764844894409,0.9628931283950806,0.9528802037239075,0.9436088800430298,0.9514684677124023,0.9343228340148926,0.9429886341094971,0.9450575113296509,0.9456120729446411,0.9403616189956665,0.9360678195953369,0.9483015537261963,0.9283860325813293,0.9419497847557068,0.9420156478881836,0.945881724357605,0.9249194860458374,0.9210484623908997,0.912420392036438,0.9250349998474121,0.9175487160682678,0.9089832305908203,0.9193326234817505,0.9043466448783875,0.899688720703125,0.9235528707504272,0.920146107673645,0.9304670691490173,0.9193307161331177,0.9326959252357483,0.9276347160339355,0.925268292427063,0.9307557344436646,0.9304378628730774,0.9260804057121277,0.9263741374015808,0.9181912541389465,0.9132336378097534,0.9295698404312134,0.906350314617157,0.926058292388916,0.9216233491897583,0.9218340516090393,0.9266488552093506,0.9278666377067566,0.9410949945449829,0.9410290718078613,0.945853590965271,0.9255754947662354,0.928165853023529,0.9531372785568237,0.9499430656433105,0.9298120141029358,0.9369230270385742,0.9195752739906311,0.9347482323646545,0.9487255811691284
60,0.9297531843185425,0.9451825022697449,0.9303485155105591,0.9475927352905273,0.9507997035980225,0.9358272552490234,0.9545940160751343,0.9620092511177063,0.9617810249328613,0.965181291103363,0.9631969332695007,0.9756760001182556,1.0,0.9731841683387756,0.9647200703620911,0.9668489098548889,0.9579338431358337,0.9441018104553223,0.9354282021522522,0.9337611794471741,0.9149153828620911,0.9328769445419312,0.9343893527984619,0.9252195954322815,0.9321407079696655,0.9291352033615112,0.9505093693733215,0.9237551093101501,0.9446641802787781,0.941218376159668,0.9543617367744446,0.9234901666641235,0.9173736572265625,0.9101912975311279,0.9166424870491028,0.9063659906387329,0.89459228515625,0.9012503623962402,0.8847546577453613,0.8857707381248474,0.9076459407806396,0.9015132784843445,0.9179294109344482,0.9050206542015076,0.9214262366294861,0.9176788330078125,0.9186046123504639,0.9117081761360168,0.9253029227256775,0.9167675375938416,0.9163545370101929,0.9159557819366455,0.9052249193191528,0.9120835065841675,0.8947502374649048,0.9041268229484558,0.8999866247177124,0.8985645771026611,0.9134075045585632,0.9047188758850098,0.9258472323417664,0.9353355765342712,0.9460651874542236,0.9199916124343872,0.9262838363647461,0.9513220191001892,0.9618551135063171,0.9412501454353333,0.9447680115699768,0.9384768009185791,0.94331955909729,0.9603889584541321
65,0.9331598877906799,0.9411258101463318,0.9358203411102295,0.946143627166748,0.942987859249115,0.9384012222290039,0.9594714045524597,0.9635561108589172,0.9610422849655151,0.9629318714141846,0.9701259136199951,0.9691005945205688,0.9731841683387756,1.0000001192092896,0.9696550369262695,0.968208909034729,0.9615099430084229,0.9515559077262878,0.9465763568878174,0.9488343000411987,0.9298368096351624,0.9405372142791748,0.9397377967834473,0.9403151273727417,0.93986976146698,0.9232689142227173,0.948086678981781,0.9237425327301025,0.9402855634689331,0.9318038821220398,0.9423493146896362,0.9344365000724792,0.9154743552207947,0.9064493179321289,0.9161314964294434,0.9092947244644165,0.8990606069564819,0.9067679047584534,0.8928238153457642,0.8884983658790588,0.9047731161117554,0.9033011794090271,0.9163420796394348,0.905337929725647,0.9118926525115967,0.9096544981002808,0.9136885404586792,0.9015880823135376,0.9116399884223938,0.9183038473129272,0.9076372385025024,0.9099254608154297,0.8999941349029541,0.9114044904708862,0.8934015035629272,0.9002006649971008,0.9017889499664307,0.895828127861023,0.9121305346488953,0.906338632106781,0.9240685701370239,0.9305697083473206,0.9344447255134583,0.9182747006416321,0.9222983121871948,0.9386546015739441,0.9482774138450623,0.9445978999137878,0.939826250076294,0.9265564680099487,0.9403271675109863,0.9572341442108154
70,0.9357656836509705,0.9309648275375366,0.9448606371879578,0.9552593231201172,0.9498259425163269,0.9449954628944397,0.9559692144393921,0.9525105953216553,0.9435818195343018,0.9500139355659485,0.9467207789421082,0.9633299708366394,0.9647200703620911,0.9696550369262695,1.0000001192092896,0.9779484272003174,0.9771500825881958,0.9697905778884888,0.970203161239624,0.9584900736808777,0.9533824920654297,0.96498703956604,0.9593839645385742,0.9522714614868164,0.957107663154602,0.938277006149292,0.9398127794265747,0.9281299114227295,0.9375920295715332,0.9401392936706543,0.9522521495819092,0.9304556846618652,0.9393647909164429,0.9253754615783691,0.936564564704895,0.9245818853378296,0.9245514273643494,0.925153911113739,0.9153534173965454,0.9166460037231445,0.9232338666915894,0.9248721599578857,0.9305605888366699,0.9096159934997559,0.915270209312439,0.9246801733970642,0.9177154302597046,0.9223583936691284,0.9273996949195862,0.9243959188461304,0.9390219449996948,0.9297582507133484,0.9258581399917603,0.9186990857124329,0.9193506240844727,0.90934157371521,0.9172134399414062,0.9169796705245972,0.9138234257698059,0.9135085344314575,0.9362419843673706,0.939407467842102,0.9326763153076172,0.9191437363624573,0.920670747756958,0.94425368309021,0.9479306936264038,0.9300087690353394,0.9511919021606445,0.925972580909729,0.9490858316421509,0.9430857300758362
75,0.9431711435317993,0.9463080167770386,0.9436707496643066,0.9514700770378113,0.9472379088401794,0.9415745735168457,0.9563459753990173,0.9582868814468384,0.9480839967727661,0.9512684345245361,0.9454556703567505,0.9602764844894409,0.9668489098548889,0.968208909034729,0.9779484272003174,1.0,0.9758878946304321,0.9713795185089111,0.9648492336273193,0.9472455978393555,0.9463168382644653,0.9571236371994019,0.9458786249160767,0.9464988708496094,0.9464255571365356,0.9301705360412598,0.9391703605651855,0.9252303242683411,0.9304337501525879,0.9283249378204346,0.9401562213897705,0.9276814460754395,0.9239002466201782,0.9331562519073486,0.9263619780540466,0.9217731356620789,0.9115671515464783,0.9192328453063965,0.907418966293335,0.9074472188949585,0.9126139879226685,0.9164373874664307,0.9225767850875854,0.9060704708099365,0.9223700761795044,0.9166091084480286,0.9089089632034302,0.9074327945709229,0.9153835773468018,0.9209024906158447,0.9188859462738037,0.9275325536727905,0.9145981073379517,0.9201735258102417,0.9053990840911865,0.9106239080429077,0.9064906239509583,0.9017616510391235,0.9083058834075928,0.9126853346824646,0.9271117448806763,0.9301362037658691,0.9331334829330444,0.9155417680740356,0.9221909046173096,0.9444873332977295,0.9437559247016907,0.9318605661392212,0.9457405805587769,0.9484459161758423,0.952462375164032,0.9541400074958801
80,0.9255388975143433,0.928699791431427,0.9298752546310425,0.9491001963615417,0.9479173421859741,0.9305751323699951,0.9494907855987549,0.9411280155181885,0.9406766295433044,0.9377881288528442,0.9416425824165344,0.9628931283950806,0.9579338431358337,0.9615099430084229,0.9771500825881958,0.9758878946304321,1.000000238418579,0.982537567615509,0.9792784452438354,0.9686446785926819,0.9622793793678284,0.9710354804992676,0.968421459197998,0.9573129415512085,0.9607402682304382,0.9418668746948242,0.9476749300956726,0.9371970295906067,0.9423357844352722,0.9353734254837036,0.9471539855003357,0.936849057674408,0.9357138872146606,0.9255865812301636,0.9399491548538208,0.9354624152183533,0.9335719347000122,0.9344730377197266,0.9200433492660522,0.9125800728797913,0.9218636751174927,0.9189720153808594,0.9236016869544983,0.9182487726211548,0.929058313369751,0.9232582449913025,0.9200695753097534,0.9198382496833801,0.9257112145423889,0.9250122308731079,0.9229788780212402,0.9217567443847656,0.920872151851654,0.9348639249801636,0.9239497184753418,0.9334479570388794,0.9264829158782959,0.922174870967865,0.926995038986206,0.924618124961853,0.93608158826828,0.9306365251541138,0.9375348091125488,0.9092283248901367,0.9226462841033936,0.936947226524353,0.931271493434906,0.9165107011795044,0.9382745027542114,0.9138445258140564,0.9401631355285645,0.9408873319625854
85,0.913925290107727,0.9173868894577026,0.9207639694213867,0.9399185180664062,0.9407832622528076,0.9342958927154541,0.9440863132476807,0.9368583559989929,0.9330435991287231,0.9300839900970459,0.9374241828918457,0.9528802037239075,0.9441018104553223,0.9515559077262878,0.9697905778884888,0.9713795185089111,0.982537567615509,1.000000238418579,0.9801671504974365,0.9707549810409546,0.9735194444656372,0.969417929649353,0.967682957649231,0.963416337966919,0.9561560153961182,0.9389122128486633,0.9411567449569702,0.9157773852348328,0.9270910024642944,0.9184606075286865,0.9302116632461548,0.9187113046646118,0.9153385162353516,0.9071201086044312,0.9232966899871826,0.9265958070755005,0.9222868084907532,0.9284318685531616,0.9170605540275574,0.912156879901886,0.9213614463806152,0.9206119775772095,0.9178727865219116,0.9122227430343628,0.9201006889343262,0.908865213394165,0.9105125665664673,0.9055036902427673,0.9112353920936584,0.9133667945861816,0.9110788106918335,0.9096713662147522,0.906427800655365,0.9344865679740906,0.9227050542831421,0.9343711137771606,0.9245153069496155,0.9155781269073486,0.9197039008140564,0.921708345413208,0.9249505996704102,0.9208917617797852,0.9200119972229004,0.8896328210830688,0.9009727239608765,0.919804036617279,0.9090348482131958,0.8901982307434082,0.9117511510848999,0.8923375010490417,0.9210655689239502,0.9336465001106262
90,0.929143488407135,0.9248309135437012,0.9369264841079712,0.9498549699783325,0.9404171705245972,0.9355200529098511,0.9465510845184326,0.9379130601882935,0.9323683381080627,0.9310644268989563,0.9285836219787598,0.9436088800430298,0.9354282021522522,0.9465763568878174,0.970203161239624,0.9648492336273193,0.9792784452438354,0.9801671504974365,1.0,0.9699658155441284,0.9771081209182739,0.9745960235595703,0.9608346223831177,0.9602891206741333,0.9568806886672974,0.9357593059539795,0.9302666783332825,0.9234339594841003,0.9184281229972839,0.916887640953064,0.9265830516815186,0.9137560725212097,0.9162551164627075,0.904690682888031,0.92313551902771,0.9241175651550293,0.9330363273620605,0.9357796907424927,0.9257680773735046,0.9189976453781128,0.9176608920097351,0.9159881472587585,0.9179651737213135,0.9086617827415466,0.9110879898071289,0.9114929437637329,0.8999523520469666,0.9009125232696533,0.9082345366477966,0.9092725515365601,0.9114974737167358,0.9074667692184448,0.9066482186317444,0.9193743467330933,0.925521969795227,0.9318618774414062,0.9259032607078552,0.9178186058998108,0.9102603197097778,0.9150907397270203,0.9212241172790527,0.9229276180267334,0.9183727502822876,0.8967289924621582,0.8975024223327637,0.9143664836883545,0.9090161323547363,0.8901756405830383,0.9172021150588989,0.8941324949264526,0.9284266233444214,0.926584005355835
95,0.9050977230072021,0.9114809036254883,0.9064399003982544,0.9310020208358765,0.9225527048110962,0.9284290671348572,0.9391568899154663,0.931983232498169,0.9330686330795288,0.9275683164596558,0.9295023083686829,0.9514684677124023,0.9337611794471741,0.9488343000411987,0.9584900736808777,0.9472455978393555,0.9686446785926819,0.9707549810409546,0.9699658155441284,1.0,0.9748737812042236,0.9693341255187988,0.9603974223136902,0.9618581533432007,0.9532037973403931,0.9302753806114197,0.9364747405052185,0.898374080657959,0.9126567244529724,0.9052867293357849,0.9121180772781372,0.8974208235740662,0.8912979364395142,0.8714970350265503,0.8968701362609863,0.8933461308479309,0.8984378576278687,0.9081531763076782,0.8901640176773071,0.8889410495758057,0.8995678424835205,0.8973909020423889,0.8937704563140869,0.8865588903427124,0.8933684825897217,0.8810850977897644,0.8808984160423279,0.8842248320579529,0.8835131525993347,0.8814620971679688,0.8869442939758301,0.8743839263916016,0.8723184466362,0.9013047814369202,0.8919885158538818,0.9188385605812073,0.905754804611206,0.9021153450012207,0.8999916315078735,0.89571213722229,0.9093526005744934,0.9040804505348206,0.9074733853340149,0.868951678276062,0.8743190169334412,0.8984768390655518,0.8917077779769897,0.8700363039970398,0.8917390704154968,0.8636895418167114,0.9011021256446838,0.9114333987236023
100,0.8977460861206055,0.8946223855018616,0.9154922962188721,0.9325480461120605,0.9189295768737793,0.9275913238525391,0.9324641227722168,0.9192185401916504,0.9182001352310181,0.9168765544891357,0.9145753979682922,0.9343228340148926,0.9149153828620911,0.9298368096351624,0.9533824920654297,0.9463168382644653,0.9622793793678284,0.9735194444656372,0.9771081209182739,0.9748737812042236,1.000000238418579,0.9781291484832764,0.9662387371063232,0.9711082577705383,0.959736168384552,0.937859296798706,0.9305068254470825,0.904937207698822,0.9055286645889282,0.9035271406173706,0.9133593440055847,0.906554102897644,0.8989140391349792,0.8813546895980835,0.9084933996200562,0.9127968549728394,0.9154424071311951,0.9288930892944336,0.9264280200004578,0.919265866279602,0.9197521209716797,0.9215569496154785,0.9145533442497253,0.9047195911407471,0.9066418409347534,0.8962557315826416,0.8937039971351624,0.8960949778556824,0.8954630494117737,0.897585391998291,0.8970315456390381,0.8872016072273254,0.8828193545341492,0.9093751311302185,0.911404013633728,0.9229830503463745,0.9275199770927429,0.9140450954437256,0.9049128890037537,0.9057053327560425,0.9146885871887207,0.9095654487609863,0.897997260093689,0.8709912300109863,0.8704059720039368,0.8891041278839111,0.8812260627746582,0.859048068523407,0.8865891695022583,0.8542265295982361,0.8955338597297668,0.897878885269165
105,0.9157295227050781,0.9114702939987183,0.9350332021713257,0.9551299810409546,0.9327048063278198,0.9366310238838196,0.9524869322776794,0.9380718469619751,0.9327196478843689,0.930701732635498,0.9270327091217041,0.9429886341094971,0.9328769445419312,0.9405372142791748,0.96498703956604,0.9571236371994019,0.9710354804992676,0.969417929649353,0.9745960235595703,0.9693341255187988,0.9781291484832764,1.0,0.9748359322547913,0.9718272089958191,0.9770938158035278,0.9529843330383301,0.9509259462356567,0.9282662868499756,0.929179847240448,0.9308083653450012,0.9359471201896667,0.9273321628570557,0.9189989566802979,0.9005448818206787,0.9268046021461487,0.9233845472335815,0.9277423024177551,0.9325594902038574,0.9295170307159424,0.9311097264289856,0.9247758388519287,0.9259795546531677,0.927605152130127,0.9155763387680054,0.9234954118728638,0.9184324145317078,0.9097518920898438,0.9100021719932556,0.9084618091583252,0.9070149660110474,0.9103862047195435,0.9078745245933533,0.9045531153678894,0.919489860534668,0.9181337356567383,0.9252961277961731,0.9311156272888184,0.9290481805801392,0.9215471744537354,0.9145610332489014,0.9347193837165833,0.9326785802841187,0.9277485609054565,0.9014155268669128,0.9032423496246338,0.917937159538269,0.9151703119277954,0.8941590785980225,0.9198787212371826,0.8850898146629333,0.9229282736778259,0.9193222522735596
110,0.8925763964653015,0.8888119459152222,0.9137454032897949,0.9366391897201538,0.943731963634491,0.9241396188735962,0.9347493648529053,0.9241780042648315,0.9193143248558044,0.9188472032546997,0.9226289987564087,0.9450575113296509,0.9343893527984619,0.9397377967834473,0.9593839645385742,0.9458786249160767,0.968421459197998,0.967682957649231,0.9608346223831177,0.9603974223136902,0.9662387371063232,0.9748359322547913,1.000000238418579,0.972547173500061,0.9713395833969116,0.9608179330825806,0.9528371095657349,0.9326274394989014,0.9369164705276489,0.9344395399093628,0.9474115371704102,0.9343728423118591,0.9312590956687927,0.9045125246047974,0.9297969937324524,0.9290170669555664,0.9294970631599426,0.938001275062561,0.9280878901481628,0.9263899922370911,0.9450931549072266,0.9348448514938354,0.9310635328292847,0.9278182983398438,0.9295166730880737,0.9241698980331421,0.9248720407485962,0.9236572980880737,0.9229059815406799,0.9231425523757935,0.9217206239700317,0.9141461849212646,0.912007212638855,0.9280537962913513,0.9283993244171143,0.9312921762466431,0.9387632608413696,0.9333128333091736,0.9471099376678467,0.9302986860275269,0.9377942085266113,0.9313232898712158,0.9280190467834473,0.892674446105957,0.9002890586853027,0.9160267114639282,0.9104357957839966,0.8897860050201416,0.9117405414581299,0.8755742907524109,0.9052649736404419,0.9113150835037231
115,0.900099515914917,0.9034028053283691,0.9140797257423401,0.9328700304031372,0.9302622675895691,0.9474666118621826,0.9430874586105347,0.9379338622093201,0.9338245987892151,0.9346084594726562,0.9312965869903564,0.9456120729446411,0.9252195954322815,0.9403151273727417,0.9522714614868164,0.9464988708496094,0.9573129415512085,0.963416337966919,0.9602891206741333,0.9618581533432007,0.9711082577705383,0.9718272089958191,0.972547173500061,1.000000238418579,0.9683797359466553,0.9502229690551758,0.9457076191902161,0.9250260591506958,0.9231178164482117,0.9195268154144287,0.9276210069656372,0.9136442542076111,0.905463695526123,0.8882433176040649,0.9159668684005737,0.9132637977600098,0.9211769104003906,0.932135820388794,0.922293484210968,0.923850417137146,0.931163489818573,0.9465986490249634,0.9337224960327148,0.9246281385421753,0.9296326637268066,0.9190165400505066,0.9109009504318237,0.9095405340194702,0.9127665162086487,0.9136028289794922,0.9142701625823975,0.9045051336288452,0.8987310528755188,0.9217791557312012,0.9111292958259583,0.9325509667396545,0.9269145727157593,0.9255294799804688,0.9264186024665833,0.9330889582633972,0.9312542676925659,0.9287973046302795,0.9253287315368652,0.89387047290802,0.8908725380897522,0.9081649780273438,0.9028136730194092,0.8811484575271606,0.9045584201812744,0.8703171014785767,0.9095999598503113,0.9112286567687988
120,0.9115697741508484,0.8997513055801392,0.9282633662223816,0.9468873739242554,0.9289939999580383,0.9284935593605042,0.9569603204727173,0.9367011785507202,0.9328852295875549,0.9343478679656982,0.9363284111022949,0.9403616189956665,0.9321407079696655,0.93986976146698,0.957107663154602,0.9464255571365356,0.9607402682304382,0.9561560153961182,0.9568806886672974,0.9532037973403931,0.959736168384552,0.9770938158035278,0.9713395833969116,0.9683797359466553,1.0000001192092896,0.9726796746253967,0.9670206308364868,0.9586286544799805,0.9558009505271912,0.9521859884262085,0.952168345451355,0.9394933581352234,0.9374858736991882,0.9128761887550354,0.9374018907546997,0.9348799586296082,0.9362053275108337,0.9402238130569458,0.932234525680542,0.9309921264648438,0.933391809463501,0.9354044198989868,0.94759202003479,0.935912013053894,0.9389369487762451,0.9399509429931641,0.9287393093109131,0.9210419654846191,0.9211504459381104,0.9230067729949951,0.9233658313751221,0.9186152815818787,0.912246584892273,0.9258679151535034,0.9211996793746948,0.9219751358032227,0.9350348711013794,0.936233401298523,0.9350379705429077,0.9321801662445068,0.9562429785728455,0.9531741738319397,0.9416482448577881,0.9257969856262207,0.9269386529922485,0.9342018961906433,0.9229114055633545,0.9047160148620605,0.9303879737854004,0.8898276090621948,0.9251423478126526,0.9198196530342102
125,0.8939367532730103,0.8753185272216797,0.9029582142829895,0.923791766166687,0.9189743399620056,0.9107128381729126,0.937012255191803,0.9294805526733398,0.9229326248168945,0.9255775213241577,0.9274476170539856,0.9360678195953369,0.9291352033615112,0.9232689142227173,0.938277006149292,0.9301705360412598,0.9418668746948242,0.9389122128486633,0.9357593059539795,0.9302753806114197,0.937859296798706,0.9529843330383301,0.9608179330825806,0.9502229690551758,0.9726796746253967,1.0,0.9655241370201111,0.9484226703643799,0.9535917639732361,0.9506955146789551,0.9496630430221558,0.9320186972618103,0.9353295564651489,0.9095638394355774,0.9315415620803833,0.9317419528961182,0.9327511787414551,0.9346948862075806,0.9269324541091919,0.9267561435699463,0.9335037469863892,0.9303319454193115,0.9389978647232056,0.9484940767288208,0.9413471221923828,0.9414422512054443,0.9294611215591431,0.9253789186477661,0.9221709966659546,0.925279438495636,0.9237785339355469,0.9204408526420593,0.9089428782463074,0.9239120483398438,0.9241297841072083,0.9205282926559448,0.9349573850631714,0.9354302883148193,0.9401447772979736,0.9358602166175842,0.9425194263458252,0.9542630910873413,0.9393006563186646,0.9181622862815857,0.9137026071548462,0.9289817214012146,0.9147017598152161,0.8966996073722839,0.9167734384536743,0.8800374269485474,0.9057398438453674,0.9073919653892517
130,0.897791862487793,0.904433012008667,0.9120856523513794,0.9296039342880249,0.9267739057540894,0.9096149206161499,0.9418541193008423,0.9328324794769287,0.9411064982414246,0.9400113821029663,0.9455838203430176,0.9483015537261963,0.9505093693733215,0.948086678981781,0.9398127794265747,0.9391703605651855,0.9476749300956726,0.9411567449569702,0.9302666783332825,0.9364747405052185,0.9305068254470825,0.9509259462356567,0.9528371095657349,0.9457076191902161,0.9670206308364868,0.9655241370201111,0.9999999403953552,0.9553373456001282,0.9722040891647339,0.9643690586090088,0.9627273082733154,0.9501370191574097,0.9343529939651489,0.917296290397644,0.9333577156066895,0.9329690933227539,0.9225793480873108,0.929796576499939,0.9132300615310669,0.9108487367630005,0.9277697801589966,0.912893533706665,0.9327239990234375,0.9299461245536804,0.9458033442497253,0.9336594343185425,0.9326056838035583,0.920012891292572,0.9155102968215942,0.9189049005508423,0.905825138092041,0.914496660232544,0.8953395485877991,0.9201228618621826,0.9025557041168213,0.9107122421264648,0.9164900779724121,0.9121314287185669,0.9344384670257568,0.9161203503608704,0.937523365020752,0.9458735585212708,0.9485852122306824,0.9210368990898132,0.9230189919471741,0.9320067167282104,0.9297268390655518,0.916846513748169,0.9210011959075928,0.8950291872024536,0.9124407768249512,0.9292716979980469
135,0.9092457294464111,0.8904621601104736,0.9205772876739502,0.9237167835235596,0.9186418056488037,0.8917105197906494,0.9315498471260071,0.9142687916755676,0.9169276356697083,0.9256459474563599,0.9297528862953186,0.9283860325813293,0.9237551093101501,0.9237425327301025,0.9281299114227295,0.9252303242683411,0.9371970295906067,0.9157773852348328,0.9234339594841003,0.898374080657959,0.904937207698822,0.9282662868499756,0.9326274394989014,0.9250260591506958,0.9586286544799805,0.9484226703643799,0.9553373456001282,0.9999998807907104,0.9728937745094299,0.9667388200759888,0.9564744234085083,0.9483532905578613,0.9518691897392273,0.9321726560592651,0.9486929178237915,0.949758768081665,0.9371858835220337,0.9420061707496643,0.9257286190986633,0.9125010371208191,0.9228155016899109,0.9148821830749512,0.9428560733795166,0.9389610886573792,0.9371365904808044,0.9564045667648315,0.9356192350387573,0.9291700124740601,0.9250062704086304,0.9337967038154602,0.918128490447998,0.9248524904251099,0.9137382507324219,0.92221999168396,0.9142597317695618,0.9073667526245117,0.9195405840873718,0.9184774160385132,0.929158091545105,0.9318390488624573,0.9448307752609253,0.9515135288238525,0.9389145970344543,0.9554147720336914,0.9515308141708374,0.9434758424758911,0.9348369836807251,0.9250669479370117,0.9390755891799927,0.9138659238815308,0.9290239810943604,0.924506664276123
140,0.8940608501434326,0.8882202506065369,0.9060205221176147,0.9186356067657471,0.9163030982017517,0.8898676633834839,0.9290686249732971,0.9154912233352661,0.9210267066955566,0.9259185791015625,0.9438412189483643,0.9419497847557068,0.9446641802787781,0.9402855634689331,0.9375920295715332,0.9304337501525879,0.9423357844352722,0.9270910024642944,0.9184281229972839,0.9126567244529724,0.9055286645889282,0.929179847240448,0.9369164705276489,0.9231178164482117,0.9558009505271912,0.9535917639732361,0.9722040891647339,0.9728937745094299,1.0000001192092896,0.9790869951248169,0.9728532433509827,0.9583852887153625,0.9548822641372681,0.9328796863555908,0.948459267616272,0.9472931027412415,0.9300835728645325,0.9322265386581421,0.9155315160751343,0.9018816947937012,0.921908438205719,0.9126787185668945,0.936115026473999,0.9314295053482056,0.9360487461090088,0.9470807313919067,0.9505639672279358,0.9321881532669067,0.9264236092567444,0.9344419240951538,0.9152939319610596,0.9239388704299927,0.9073225259780884,0.9237526655197144,0.906668484210968,0.9005436897277832,0.9129376411437988,0.9063336253166199,0.9268274307250977,0.9200152158737183,0.9408462643623352,0.9452090263366699,0.9377076625823975,0.9347319006919861,0.9466916918754578,0.9455028772354126,0.9384111166000366,0.9313845038414001,0.9332621097564697,0.906975269317627,0.9198604226112366,0.930465817451477
