,0,5,10,15,20,25,30,35,40,45,50,55,60,65,70,75,80,85,90,95,100,105,110,115,120,125,130,135,140,145,150,155,160,165,170,175,180,185,190,195,200,205,210,215,220,225,230,235,240,245,250,255,260,265,270,275,280,285,290,295,300,305,310,315,320,325,330,335,340,345,350,355
0,1.0000001192092896,0.9854150414466858,0.9866177439689636,0.9723671078681946,0.9550997614860535,0.9717999696731567,0.9621055722236633,0.9698436260223389,0.9614575505256653,0.9461537003517151,0.9360644817352295,0.9471642971038818,0.9348890781402588,0.9275895953178406,0.9262132048606873,0.919980525970459,0.929867684841156,0.9152247905731201,0.918685257434845,0.9201979041099548,0.917719841003418,0.9288383722305298,0.9417963624000549,0.9376323223114014,0.8943914175033569,0.9580295085906982,0.9634630680084229,0.9701299667358398,0.9731224775314331,0.9693365097045898,0.9786418080329895,0.9795709252357483,0.9664109945297241,0.9769208431243896,0.9773693084716797,0.9788365960121155,0.9815011024475098,0.9657174944877625,0.9750288128852844,0.9737289547920227,0.9734422564506531,0.9480818510055542,0.9705222845077515,0.9685686230659485,0.9640499353408813,0.952513575553894,0.9234959483146667,0.9008976221084595,0.8968042731285095,0.9126773476600647,0.8939513564109802,0.9038873910903931,0.9140139818191528,0.956842303276062,0.9473773241043091,0.96988445520401,0.9772576093673706,0.9764701724052429,0.9819201827049255,0.9834703803062439,0.9751563668251038,0.9811105132102966,0.9765850305557251,0.9619828462600708,0.9757156372070312,0.9740021824836731,0.9805731177330017,0.9817265272140503,0.9781724810600281,0.9863300323486328,0.9896584749221802,0.9877186417579651
5,0.9854150414466858,1.000000238418579,0.9873237609863281,0.9889814257621765,0.9716278910636902,0.9817753434181213,0.979649007320404,0.9839366674423218,0.957103967666626,0.9426785111427307,0.938056468963623,0.9536628723144531,0.9472267031669617,0.9357970952987671,0.9444975256919861,0.9259995222091675,0.94677734375,0.9255965948104858,0.9195950627326965,0.921221911907196,0.9159462451934814,0.9281158447265625,0.9400278925895691,0.9344965219497681,0.893172562122345,0.9630317091941833,0.954993486404419,0.9609323143959045,0.9589178562164307,0.962618887424469,0.966980516910553,0.9695107936859131,0.9675430655479431,0.9741081595420837,0.9802571535110474,0.9758548140525818,0.9798805117607117,0.9647619724273682,0.9789239168167114,0.9746074676513672,0.9809210896492004,0.9535333514213562,0.9675393104553223,0.9685174226760864,0.9634559750556946,0.9365137815475464,0.8987942337989807,0.8798243999481201,0.8665765523910522,0.8839983940124512,0.8681187629699707,0.8775691390037537,0.892298698425293,0.9402452707290649,0.9327051639556885,0.9662209153175354,0.9716561436653137,0.97160804271698,0.983329713344574,0.9748116731643677,0.9633883237838745,0.9679561257362366,0.9659703969955444,0.9582619667053223,0.9599413275718689,0.9564279913902283,0.9657770395278931,0.9636504650115967,0.9698827266693115,0.9795015454292297,0.981285572052002,0.979295551776886
10,0.9866177439689636,0.9873237609863281,1.0,0.9828451871871948,0.9724411964416504,0.9841761589050293,0.9715579748153687,0.9769407510757446,0.9725475311279297,0.9604530930519104,0.955356240272522,0.9576703310012817,0.9485660791397095,0.9440464377403259,0.9443742036819458,0.9419347643852234,0.9468474984169006,0.9350228309631348,0.9370851516723633,0.9415203332901001,0.9406718015670776,0.9492220878601074,0.9605575203895569,0.9528239965438843,0.9159014821052551,0.9686256647109985,0.9642174243927002,0.9633931517601013,0.9701012969017029,0.9690682888031006,0.9740925431251526,0.9725649952888489,0.9706138372421265,0.9769325852394104,0.9769186973571777,0.9746479392051697,0.9784402847290039,0.9656688570976257,0.9749064445495605,0.971820592880249,0.9748148918151855,0.9435325860977173,0.9654265642166138,0.9671018719673157,0.9639228582382202,0.9435069561004639,0.9122751355171204,0.8930515050888062,0.8804008364677429,0.898016631603241,0.8879792094230652,0.8933974504470825,0.905920147895813,0.9513394832611084,0.947212278842926,0.9768120050430298,0.9829568266868591,0.9776649475097656,0.9837421178817749,0.9792653918266296,0.9686760902404785,0.9732253551483154,0.9728464484214783,0.9548423886299133,0.9672052264213562,0.9613679647445679,0.9665431380271912,0.9703320264816284,0.9675754308700562,0.9782745242118835,0.9849143624305725,0.9852919578552246
15,0.9723671078681946,0.9889814257621765,0.9828451871871948,1.0000001192092896,0.9763280749320984,0.9840421676635742,0.986392617225647,0.9862384796142578,0.956953763961792,0.9414634704589844,0.9440582394599915,0.959922730922699,0.9528158903121948,0.9420363306999207,0.9531639814376831,0.9332644939422607,0.9550425410270691,0.9359928965568542,0.9236070513725281,0.9256410598754883,0.9208965301513672,0.929506778717041,0.9430859684944153,0.9363806247711182,0.8968271017074585,0.9623844623565674,0.9493097066879272,0.9537909030914307,0.948354959487915,0.9519956111907959,0.9555608034133911,0.9584769606590271,0.9633908271789551,0.966268002986908,0.9731802940368652,0.9658719301223755,0.9695553779602051,0.9588539004325867,0.9723464846611023,0.9690710306167603,0.9753670692443848,0.9492331147193909,0.9575924277305603,0.9586284160614014,0.9559217095375061,0.9240053296089172,0.8800458908081055,0.8647333383560181,0.8505128622055054,0.8651342391967773,0.8539375066757202,0.8577170968055725,0.8771559596061707,0.9276097416877747,0.9212850332260132,0.9565234184265137,0.961399257183075,0.9628355503082275,0.9762672781944275,0.967802882194519,0.958493173122406,0.959232747554779,0.9593741297721863,0.953750729560852,0.9486140608787537,0.9464816451072693,0.9513365030288696,0.9487048387527466,0.9555898308753967,0.9648664593696594,0.9693397879600525,0.9690414071083069
20,0.9550997614860535,0.9716278910636902,0.9724411964416504,0.9763280749320984,1.000000238418579,0.9818364381790161,0.9790914058685303,0.9813573956489563,0.9687562584877014,0.9621075987815857,0.971659779548645,0.9751129746437073,0.9760236740112305,0.9669778347015381,0.9711886644363403,0.9562671184539795,0.9761836528778076,0.9611061811447144,0.9481911659240723,0.9490986466407776,0.9473690986633301,0.9512544870376587,0.9603143334388733,0.9470664262771606,0.9131457805633545,0.9691802263259888,0.9509549140930176,0.9445483684539795,0.9371492266654968,0.9450103044509888,0.9453525543212891,0.9479849338531494,0.9564419388771057,0.9526033997535706,0.9547424912452698,0.9535136818885803,0.9557642936706543,0.9480632543563843,0.9615396857261658,0.9506096839904785,0.9627966284751892,0.933296799659729,0.9506311416625977,0.9530985355377197,0.9464747905731201,0.9143819212913513,0.8684533834457397,0.8613541126251221,0.8370842933654785,0.8537037372589111,0.8547568917274475,0.8520456552505493,0.8755978345870972,0.9222227931022644,0.9241193532943726,0.9608707427978516,0.9596372842788696,0.9563756585121155,0.9700449109077454,0.9595434069633484,0.9564492702484131,0.9513302445411682,0.952892541885376,0.9481219053268433,0.9421858787536621,0.9317723512649536,0.9343128204345703,0.9299365282058716,0.9341145753860474,0.9435914754867554,0.9518542885780334,0.9584871530532837
25,0.9717999696731567,0.9817753434181213,0.9841761589050293,0.9840421676635742,0.9818364381790161,1.0,0.9882965683937073,0.9876537322998047,0.9778489470481873,0.9693251848220825,0.9682166576385498,0.9713987708091736,0.9677304029464722,0.9628681540489197,0.9654583930969238,0.9584702253341675,0.9663264751434326,0.9515813589096069,0.9437717795372009,0.9486173391342163,0.9454085826873779,0.9534871578216553,0.9650587439537048,0.948817253112793,0.9209634065628052,0.9735337495803833,0.9612607955932617,0.9587626457214355,0.9610783457756042,0.9625847339630127,0.9661788940429688,0.9667911529541016,0.9693440198898315,0.9725576639175415,0.9740215539932251,0.9743220806121826,0.9760737419128418,0.9654232859611511,0.9766470789909363,0.9725860357284546,0.9795019030570984,0.9524618983268738,0.9688313603401184,0.9667894840240479,0.964674711227417,0.9373760223388672,0.8957013487815857,0.882110595703125,0.8656940460205078,0.8805269002914429,0.8746389746665955,0.8762394189834595,0.8931617736816406,0.9400627613067627,0.9347510933876038,0.9725208282470703,0.9757465124130249,0.9733409881591797,0.9807566404342651,0.9704968929290771,0.9624175429344177,0.9664402008056641,0.9687628149986267,0.9553894996643066,0.9593611359596252,0.9516682624816895,0.9569697380065918,0.9527067542076111,0.951494574546814,0.961046576499939,0.9681599140167236,0.9695205092430115
30,0.9621055722236633,0.979649007320404,0.9715579748153687,0.986392617225647,0.9790914058685303,0.9882965683937073,0.9999999403953552,0.9936811923980713,0.9639542102813721,0.951130211353302,0.9554985165596008,0.9730482697486877,0.9702414870262146,0.9577068090438843,0.9671370983123779,0.9421819448471069,0.9683139324188232,0.9418983459472656,0.927088737487793,0.9278339147567749,0.92170649766922,0.9295708537101746,0.9440368413925171,0.9312735795974731,0.8941584229469299,0.9617563486099243,0.9506739377975464,0.9502878189086914,0.9422845840454102,0.9475280046463013,0.9510843753814697,0.9560443162918091,0.9604662656784058,0.961331844329834,0.9687838554382324,0.9646440744400024,0.9670291543006897,0.9542955160140991,0.9717482328414917,0.9702814817428589,0.9775928258895874,0.9557394981384277,0.9611250758171082,0.959430456161499,0.9568071365356445,0.9221018552780151,0.870874285697937,0.8591791987419128,0.8413078784942627,0.8557961583137512,0.8476632833480835,0.8496754169464111,0.8720630407333374,0.9220423698425293,0.9165483117103577,0.9560717940330505,0.9577591419219971,0.9590213894844055,0.9712255001068115,0.9637951850891113,0.9559754133224487,0.9557506442070007,0.9573381543159485,0.9541971683502197,0.9457052946090698,0.9357957243919373,0.9441056847572327,0.9348509311676025,0.9418460130691528,0.9516564011573792,0.9556484818458557,0.956847608089447
35,0.9698436260223389,0.9839366674423218,0.9769407510757446,0.9862384796142578,0.9813573956489563,0.9876537322998047,0.9936811923980713,1.0,0.9674230813980103,0.9529085755348206,0.9564502239227295,0.9732435941696167,0.9691781997680664,0.9553972482681274,0.9636679291725159,0.9410319924354553,0.966388463973999,0.9397494196891785,0.9303134679794312,0.9300703406333923,0.9258185625076294,0.9343199133872986,0.947899341583252,0.9319480657577515,0.8967854380607605,0.9667171835899353,0.954424262046814,0.9559566974639893,0.9456710815429688,0.9547961354255676,0.9606577754020691,0.964125394821167,0.9649891257286072,0.964361310005188,0.9733481407165527,0.9707086086273193,0.9721839427947998,0.9611878395080566,0.9778133034706116,0.9730831384658813,0.9804365038871765,0.9546734094619751,0.9627903699874878,0.9600653648376465,0.9577667713165283,0.9235184192657471,0.872137725353241,0.8582455515861511,0.8411355018615723,0.8565781116485596,0.8488516211509705,0.8520540595054626,0.8735055923461914,0.9240784049034119,0.9170726537704468,0.9596320390701294,0.960689902305603,0.9611467123031616,0.9757681488990784,0.9664182662963867,0.9587172269821167,0.9584444165229797,0.957306981086731,0.9526576399803162,0.9488828182220459,0.9383717179298401,0.9492391347885132,0.9397265911102295,0.9442221522331238,0.9577361345291138,0.960806667804718,0.9613732695579529
40,0.9614575505256653,0.957103967666626,0.9725475311279297,0.956953763961792,0.9687562584877014,0.9778489470481873,0.9639542102813721,0.9674230813980103,0.9999998807907104,0.9910981059074402,0.9830011129379272,0.9784377813339233,0.9714881777763367,0.9709039330482483,0.9608322381973267,0.971423864364624,0.9622083902359009,0.9623372554779053,0.9675888419151306,0.9719765782356262,0.9640750885009766,0.9687858819961548,0.9703490138053894,0.9442963600158691,0.9194668531417847,0.9581568837165833,0.9545086622238159,0.9431626796722412,0.9530120491981506,0.9541888236999512,0.9589971899986267,0.9572007656097412,0.9516019821166992,0.9557340145111084,0.9520851969718933,0.9590898156166077,0.9608760476112366,0.9602979421615601,0.9603099226951599,0.9537549018859863,0.9605755805969238,0.9365994334220886,0.9619190692901611,0.9527626633644104,0.9528906345367432,0.93254554271698,0.8952403664588928,0.8773540258407593,0.8661485314369202,0.8828544020652771,0.8800778388977051,0.8734914660453796,0.8845052719116211,0.9312816858291626,0.9314314723014832,0.9641743302345276,0.9642664194107056,0.9625101089477539,0.9668632745742798,0.9640072584152222,0.9543164968490601,0.9552729725837708,0.9598630666732788,0.935106098651886,0.9500964283943176,0.9432765245437622,0.9425197243690491,0.9420113563537598,0.9305711984634399,0.9409642815589905,0.9565160870552063,0.962910532951355
45,0.9461537003517151,0.9426785111427307,0.9604530930519104,0.9414634704589844,0.9621075987815857,0.9693251848220825,0.951130211353302,0.9529085755348206,0.9910981059074402,1.0,0.9890047311782837,0.9746339321136475,0.9710931181907654,0.9757883548736572,0.9608783721923828,0.9785884618759155,0.9617859125137329,0.9652780294418335,0.9727689027786255,0.979096531867981,0.9707633256912231,0.9720836877822876,0.9702736139297485,0.9410272836685181,0.924231231212616,0.9515409469604492,0.9452660083770752,0.9295403957366943,0.9430828094482422,0.9428434371948242,0.946199357509613,0.9452357292175293,0.9411839246749878,0.9450675845146179,0.9346113204956055,0.9450808763504028,0.9482210278511047,0.9499788284301758,0.9467675685882568,0.9369665384292603,0.9468737244606018,0.9224722385406494,0.9507825374603271,0.9410056471824646,0.9428070783615112,0.9229869842529297,0.8910127282142639,0.8741594552993774,0.8596886396408081,0.8783655762672424,0.8788535594940186,0.86862713098526,0.8796785473823547,0.9240694642066956,0.9256002902984619,0.9603118300437927,0.9567489624023438,0.9544523358345032,0.9572516083717346,0.9514889121055603,0.942192554473877,0.9429453611373901,0.9516242742538452,0.9259827733039856,0.9414029121398926,0.9333023428916931,0.9322982430458069,0.9300734400749207,0.9150099158287048,0.922072172164917,0.939423143863678,0.9493541717529297
50,0.9360644817352295,0.938056468963623,0.955356240272522,0.9440582394599915,0.971659779548645,0.9682166576385498,0.9554985165596008,0.9564502239227295,0.9830011129379272,0.9890047311782837,0.9999998807907104,0.9837956428527832,0.9829348921775818,0.9868314862251282,0.9717543125152588,0.9844885468482971,0.9767386317253113,0.9751026034355164,0.9755167961120605,0.9817850589752197,0.9769755601882935,0.9721003770828247,0.9748952984809875,0.9447030425071716,0.9283936023712158,0.9572076797485352,0.9426110982894897,0.9283349514007568,0.9301114678382874,0.9347293972969055,0.936753511428833,0.9365406036376953,0.938387930393219,0.9344216585159302,0.926620364189148,0.933203399181366,0.9377557039260864,0.9391396045684814,0.9404000043869019,0.928471565246582,0.941527247428894,0.9120733141899109,0.9385614991188049,0.9337494373321533,0.9340298175811768,0.9064553380012512,0.8686220049858093,0.857026219367981,0.836061954498291,0.8543540239334106,0.8597758412361145,0.846558153629303,0.8656693696975708,0.9132989645004272,0.915973961353302,0.9541382789611816,0.9465787410736084,0.9437376856803894,0.9519509673118591,0.9440333247184753,0.9405671954154968,0.9355573654174805,0.9423315525054932,0.9243482351303101,0.9296302199363708,0.9220998287200928,0.9203336834907532,0.9160943627357483,0.9065206050872803,0.9144256114959717,0.9289950728416443,0.9424624443054199
55,0.9471642971038818,0.9536628723144531,0.9576703310012817,0.959922730922699,0.9751129746437073,0.9713987708091736,0.9730482697486877,0.9732435941696167,0.9784377813339233,0.9746339321136475,0.9837956428527832,1.0000001192092896,0.9929257035255432,0.9877621531486511,0.9815956354141235,0.972822904586792,0.9835871458053589,0.9699916839599609,0.9630306363105774,0.9624159336090088,0.9522507786750793,0.953336775302887,0.9557555913925171,0.9338285326957703,0.9036586880683899,0.9529024362564087,0.9431614875793457,0.9329515695571899,0.9314948320388794,0.933266818523407,0.9389651417732239,0.9429240226745605,0.9441019296646118,0.9388182163238525,0.9363661408424377,0.9433680176734924,0.9474668502807617,0.9462567567825317,0.9528090953826904,0.9458199143409729,0.9563702344894409,0.9395127296447754,0.9532544612884521,0.9443649649620056,0.9432832598686218,0.9154211282730103,0.8669729232788086,0.8544929623603821,0.8396655321121216,0.8544657826423645,0.8529928922653198,0.8434910178184509,0.8647348880767822,0.9139248728752136,0.9153733253479004,0.9506529569625854,0.9450808763504028,0.9488383531570435,0.9601350426673889,0.9561891555786133,0.948637068271637,0.9434455037117004,0.9510389566421509,0.9385035634040833,0.9345499277114868,0.9258049130439758,0.925345778465271,0.9195119738578796,0.9154331684112549,0.9229384660720825,0.9369326829910278,0.9471336603164673
60,0.9348890781402588,0.9472267031669617,0.9485660791397095,0.9528158903121948,0.9760236740112305,0.9677304029464722,0.9702414870262146,0.9691781997680664,0.9714881777763367,0.9710931181907654,0.9829348921775818,0.9929257035255432,1.0000001192092896,0.9903911352157593,0.9870809316635132,0.976386308670044,0.9883893132209778,0.974395751953125,0.9609339237213135,0.9589232802391052,0.951705813407898,0.9524121284484863,0.9544195532798767,0.9317814111709595,0.9062093496322632,0.9505512714385986,0.936393678188324,0.9263502955436707,0.9193676710128784,0.9253968000411987,0.9272274971008301,0.9310140013694763,0.936028003692627,0.9302961826324463,0.9282184839248657,0.9328292608261108,0.9372060894966125,0.936676025390625,0.9455989599227905,0.9347132444381714,0.9494395852088928,0.9314445853233337,0.9447447657585144,0.9375305771827698,0.937189519405365,0.904125988483429,0.8559613227844238,0.8455073237419128,0.8249356150627136,0.8422659635543823,0.841189980506897,0.8317618370056152,0.8544958233833313,0.9040054082870483,0.9070099592208862,0.9448626041412354,0.9360535144805908,0.9397521615028381,0.9523061513900757,0.9444785118103027,0.9404758214950562,0.9349473714828491,0.9428064227104187,0.9342019557952881,0.9262440204620361,0.917829155921936,0.9175707697868347,0.9092298746109009,0.907908022403717,0.9153108596801758,0.9273179173469543,0.9388135671615601
65,0.9275895953178406,0.9357970952987671,0.9440464377403259,0.9420363306999207,0.9669778347015381,0.9628681540489197,0.9577068090438843,0.9553972482681274,0.9709039330482483,0.9757883548736572,0.9868314862251282,0.9877621531486511,0.9903911352157593,1.000000238418579,0.9875833988189697,0.9865105748176575,0.9873594045639038,0.977706253528595,0.9673469066619873,0.9679210186004639,0.9580960273742676,0.9574050903320312,0.9558521509170532,0.9340566992759705,0.9152727127075195,0.9437856078147888,0.9309244155883789,0.9184287786483765,0.9163250923156738,0.9181265234947205,0.92130047082901,0.9233605265617371,0.9281723499298096,0.9233193397521973,0.918160080909729,0.9251171946525574,0.9287322759628296,0.9295858144760132,0.9317156672477722,0.9233870506286621,0.936602771282196,0.9202828407287598,0.9362878203392029,0.9272991418838501,0.9278551340103149,0.8989560604095459,0.8549713492393494,0.8454599380493164,0.8262010812759399,0.8429975509643555,0.8459251523017883,0.8330219984054565,0.8533602356910706,0.8994334936141968,0.9033597111701965,0.9404889345169067,0.9331145882606506,0.9345042109489441,0.9444447755813599,0.939560055732727,0.9336275458335876,0.9298514723777771,0.9377627968788147,0.9236007928848267,0.9202669262886047,0.9141627550125122,0.9114152193069458,0.9069181084632874,0.9015809297561646,0.9067195653915405,0.920055627822876,0.9326654076576233
70,0.9262132048606873,0.9444975256919861,0.9443742036819458,0.9531639814376831,0.9711886644363403,0.9654583930969238,0.9671370983123779,0.9636679291725159,0.9608322381973267,0.9608783721923828,0.9717543125152588,0.9815956354141235,0.9870809316635132,0.9875833988189697,1.0,0.980178952217102,0.9900614023208618,0.9762163162231445,0.9575651288032532,0.9548642635345459,0.944578230381012,0.9414522647857666,0.9412092566490173,0.9227774143218994,0.8954464793205261,0.943130612373352,0.9233614206314087,0.9146907329559326,0.9069196581840515,0.909702718257904,0.9140572547912598,0.9179064631462097,0.925420343875885,0.923965334892273,0.9241526126861572,0.9251728057861328,0.926398515701294,0.9222252368927002,0.9348251223564148,0.9277521371841431,0.9409914612770081,0.9288522005081177,0.9344722032546997,0.9295819997787476,0.928135097026825,0.8911845684051514,0.8431881070137024,0.8359350562095642,0.8147473335266113,0.8314281702041626,0.8315481543540955,0.8219977021217346,0.8434711694717407,0.8909962773323059,0.8942488431930542,0.9336308836936951,0.9304941892623901,0.9309909343719482,0.9466367959976196,0.936257004737854,0.9287962317466736,0.9285308122634888,0.935124933719635,0.9286641478538513,0.9161183834075928,0.9078481197357178,0.9087296724319458,0.9039331674575806,0.9051296710968018,0.9107492566108704,0.9210528135299683,0.9299993515014648
75,0.919980525970459,0.9259995222091675,0.9419347643852234,0.9332644939422607,0.9562671184539795,0.9584702253341675,0.9421819448471069,0.9410319924354553,0.971423864364624,0.9785884618759155,0.9844885468482971,0.972822904586792,0.976386308670044,0.9865105748176575,0.980178952217102,1.000000238418579,0.9789578914642334,0.9812684655189514,0.977638840675354,0.9814773201942444,0.9735895395278931,0.9676985144615173,0.9634643793106079,0.9351596832275391,0.9236559867858887,0.9462116360664368,0.9280557632446289,0.9125018119812012,0.9164126515388489,0.9172461628913879,0.9179717898368835,0.9166891574859619,0.9218690991401672,0.9195218682289124,0.9103954434394836,0.9161746501922607,0.9192358255386353,0.9241698384284973,0.9252716898918152,0.9144470691680908,0.9285780191421509,0.9091191291809082,0.9297096729278564,0.9223915338516235,0.9247444868087769,0.8959910869598389,0.8586231470108032,0.8495173454284668,0.8290882706642151,0.8470652103424072,0.8526073098182678,0.8362995982170105,0.8540521264076233,0.8985264301300049,0.9032094478607178,0.9399911165237427,0.9329167604446411,0.932056188583374,0.9402830004692078,0.930980920791626,0.9263548254966736,0.9253103733062744,0.9350760579109192,0.9144964814186096,0.9163731932640076,0.9135196208953857,0.9089031219482422,0.9060466289520264,0.8954570293426514,0.9005706310272217,0.9170567393302917,0.9293676018714905
80,0.929867684841156,0.94677734375,0.9468474984169006,0.9550425410270691,0.9761836528778076,0.9663264751434326,0.9683139324188232,0.966388463973999,0.9622083902359009,0.9617859125137329,0.9767386317253113,0.9835871458053589,0.9883893132209778,0.9873594045639038,0.9900614023208618,0.9789578914642334,1.0000001192092896,0.9820272922515869,0.962182879447937,0.9601995944976807,0.9524812698364258,0.9514462351799011,0.9519153237342834,0.9347737431526184,0.9075421094894409,0.9527378678321838,0.9333701133728027,0.9260697364807129,0.9105614423751831,0.9189888834953308,0.9187958240509033,0.921777069568634,0.9317195415496826,0.9254645109176636,0.924495279788971,0.9245201349258423,0.9288452863693237,0.9266926646232605,0.9384007453918457,0.9262898564338684,0.9448845386505127,0.9255035519599915,0.9342698454856873,0.9311046600341797,0.9279074668884277,0.8934626579284668,0.843155026435852,0.8373641967773438,0.8143484592437744,0.8319797515869141,0.8340039253234863,0.8227428197860718,0.8475775122642517,0.8952370882034302,0.8992023468017578,0.937221348285675,0.9307054877281189,0.9342815279960632,0.9496446251869202,0.9409773349761963,0.9381616115570068,0.9336539506912231,0.9382379055023193,0.9334911108016968,0.9213032722473145,0.9152406454086304,0.9148610234260559,0.9084303379058838,0.9094345569610596,0.915570080280304,0.925197184085846,0.934145450592041
85,0.9152247905731201,0.9255965948104858,0.9350228309631348,0.9359928965568542,0.9611061811447144,0.9515813589096069,0.9418983459472656,0.9397494196891785,0.9623372554779053,0.9652780294418335,0.9751026034355164,0.9699916839599609,0.974395751953125,0.977706253528595,0.9762163162231445,0.9812684655189514,0.9820272922515869,1.0000001192092896,0.9804767370223999,0.9746416807174683,0.9665852785110474,0.9671061635017395,0.9552428126335144,0.9370040893554688,0.9189358949661255,0.9409992098808289,0.9218602776527405,0.906731128692627,0.9013670682907104,0.9059115052223206,0.9042159914970398,0.9044609665870667,0.9120338559150696,0.9087415337562561,0.9007477164268494,0.9053148627281189,0.9102265238761902,0.9151178002357483,0.9181697964668274,0.9006001949310303,0.9229342937469482,0.9044407606124878,0.9198498725891113,0.9131157398223877,0.9130581021308899,0.8826791644096375,0.8392637372016907,0.8295741081237793,0.8101979494094849,0.8278263807296753,0.8296387195587158,0.8149228692054749,0.8369037508964539,0.8841712474822998,0.8909656405448914,0.9273116588592529,0.9194386005401611,0.9243320822715759,0.9350839853286743,0.9279172420501709,0.9235795736312866,0.9198957681655884,0.9304195642471313,0.9147124290466309,0.9113038778305054,0.9098223447799683,0.9004868268966675,0.8988662958145142,0.8924100995063782,0.8982489705085754,0.9131721258163452,0.9260556697845459
90,0.918685257434845,0.9195950627326965,0.9370851516723633,0.9236070513725281,0.9481911659240723,0.9437717795372009,0.927088737487793,0.9303134679794312,0.9675888419151306,0.9727689027786255,0.9755167961120605,0.9630306363105774,0.9609339237213135,0.9673469066619873,0.9575651288032532,0.977638840675354,0.962182879447937,0.9804767370223999,0.9999998211860657,0.98963463306427,0.9782817363739014,0.9767433404922485,0.9609172940254211,0.939592719078064,0.9251109957695007,0.943148672580719,0.9297553300857544,0.9107808470726013,0.9149855971336365,0.9174277782440186,0.9166392087936401,0.916389524936676,0.9168554544448853,0.9144694805145264,0.9028202295303345,0.9097169637680054,0.9123311638832092,0.9243581891059875,0.9186281561851501,0.9028180241584778,0.9213471412658691,0.9015851616859436,0.9231237173080444,0.9134169220924377,0.9173750281333923,0.8908847570419312,0.8541713953018188,0.8404334783554077,0.8233095407485962,0.8428264856338501,0.8469903469085693,0.828425943851471,0.8451096415519714,0.8904257416725159,0.8947771191596985,0.9328893423080444,0.9226394891738892,0.9239464402198792,0.9315119385719299,0.9268670082092285,0.9213054180145264,0.9179489612579346,0.9294953346252441,0.9078618884086609,0.9147922992706299,0.9142032265663147,0.9077370166778564,0.9064909815788269,0.8920209407806396,0.8986783623695374,0.9164841771125793,0.9293773770332336
95,0.9201979041099548,0.921221911907196,0.9415203332901001,0.9256410598754883,0.9490986466407776,0.9486173391342163,0.9278339147567749,0.9300703406333923,0.9719765782356262,0.979096531867981,0.9817850589752197,0.9624159336090088,0.9589232802391052,0.9679210186004639,0.9548642635345459,0.9814773201942444,0.9601995944976807,0.9746416807174683,0.98963463306427,0.9999998807907104,0.9901382327079773,0.9837214946746826,0.9742186665534973,0.9445165395736694,0.9333996772766113,0.9512840509414673,0.9331276416778564,0.9134679436683655,0.9218127727508545,0.9251869320869446,0.9231054782867432,0.9210646152496338,0.9223614931106567,0.9204482436180115,0.9068049788475037,0.9136894941329956,0.9193146228790283,0.9305217862129211,0.922738254070282,0.9089944958686829,0.9231585264205933,0.8986079096794128,0.9265887141227722,0.9181886911392212,0.9213739037513733,0.8956544399261475,0.8624559640884399,0.8492781519889832,0.8296223878860474,0.849446713924408,0.856604278087616,0.8374509215354919,0.8526917695999146,0.8985167741775513,0.901698887348175,0.9386897087097168,0.9312453269958496,0.9300711750984192,0.9359418749809265,0.9289337992668152,0.9239378571510315,0.9197059869766235,0.9300664067268372,0.9074659943580627,0.9153050184249878,0.9139641523361206,0.9093555212020874,0.9090422987937927,0.8923236727714539,0.899574339389801,0.918544590473175,0.9307255148887634
100,0.917719841003418,0.9159462451934814,0.9406718015670776,0.9208965301513672,0.9473690986633301,0.9454085826873779,0.92170649766922,0.9258185625076294,0.9640750885009766,0.9707633256912231,0.9769755601882935,0.9522507786750793,0.951705813407898,0.9580960273742676,0.944578230381012,0.9735895395278931,0.9524812698364258,0.9665852785110474,0.9782817363739014,0.9901382327079773,1.0000001192092896,0.9879208207130432,0.9808900356292725,0.9520442485809326,0.9434626698493958,0.9564167261123657,0.9364537000656128,0.9172593355178833,0.923119306564331,0.9291408658027649,0.924243152141571,0.9206118583679199,0.9230347871780396,0.9184524416923523,0.9052168130874634,0.9094487428665161,0.9143733978271484,0.9244472980499268,0.9189902544021606,0.9027509093284607,0.91737961769104,0.8876747488975525,0.9190551042556763,0.9135973453521729,0.9156920909881592,0.8913726210594177,0.8613405227661133,0.847854733467102,0.826371967792511,0.8453776836395264,0.8541817665100098,0.8369589447975159,0.8519948124885559,0.8972849249839783,0.9003058075904846,0.9367232322692871,0.9289092421531677,0.9261211156845093,0.9317018985748291,0.9233407974243164,0.9217429757118225,0.9177191257476807,0.9256731867790222,0.9038324952125549,0.9147098064422607,0.9140523672103882,0.9089000821113586,0.9081106185913086,0.8900807499885559,0.899010181427002,0.9174972772598267,0.9281859993934631
105,0.9288383722305298,0.9281158447265625,0.9492220878601074,0.929506778717041,0.9512544870376587,0.9534871578216553,0.9295708537101746,0.9343199133872986,0.9687858819961548,0.9720836877822876,0.9721003770828247,0.953336775302887,0.9524121284484863,0.9574050903320312,0.9414522647857666,0.9676985144615173,0.9514462351799011,0.9671061635017395,0.9767433404922485,0.9837214946746826,0.9879208207130432,1.0,0.9865765571594238,0.9667232632637024,0.9596267342567444,0.9632974863052368,0.9496540427207947,0.9295102953910828,0.937299370765686,0.9436652660369873,0.9354629516601562,0.932376503944397,0.933967113494873,0.9327579736709595,0.9188880920410156,0.9242538809776306,0.9295299053192139,0.9393859505653381,0.9295174479484558,0.9134429693222046,0.9302425980567932,0.9008681774139404,0.9327272176742554,0.9244810342788696,0.9278000593185425,0.9052543044090271,0.8715202212333679,0.8559669256210327,0.8373597860336304,0.8549410700798035,0.8612200021743774,0.8477543592453003,0.8611858487129211,0.9049692153930664,0.9075287580490112,0.9438302516937256,0.9365713596343994,0.9366767406463623,0.9391104578971863,0.9345802068710327,0.9332253336906433,0.9292340278625488,0.9392833709716797,0.9163561463356018,0.928739070892334,0.9284257888793945,0.921565055847168,0.9216235280036926,0.9037624001502991,0.9136531949043274,0.9318255186080933,0.9403651356697083
110,0.9417963624000549,0.9400278925895691,0.9605575203895569,0.9430859684944153,0.9603143334388733,0.9650587439537048,0.9440368413925171,0.947899341583252,0.9703490138053894,0.9702736139297485,0.9748952984809875,0.9557555913925171,0.9544195532798767,0.9558521509170532,0.9412092566490173,0.9634643793106079,0.9519153237342834,0.9552428126335144,0.9609172940254211,0.9742186665534973,0.9808900356292725,0.9865765571594238,1.0000001192092896,0.9734830856323242,0.9666023850440979,0.9787299633026123,0.9622260332107544,0.9474746584892273,0.9535974264144897,0.9597151279449463,0.953706681728363,0.9504843950271606,0.9553139209747314,0.9534659385681152,0.9404492974281311,0.9406790733337402,0.9474437236785889,0.9477322697639465,0.9445170164108276,0.9309596419334412,0.9447095394134521,0.9082632064819336,0.9433186054229736,0.9401024580001831,0.9404416680335999,0.9175090193748474,0.8838975429534912,0.8695670962333679,0.8475321531295776,0.8652513027191162,0.870559573173523,0.8609877228736877,0.8754074573516846,0.920746386051178,0.9200413823127747,0.9570172429084778,0.9527692794799805,0.9481115341186523,0.9521544575691223,0.9450017213821411,0.9453430771827698,0.9416966438293457,0.946222186088562,0.9272301197052002,0.9390797019004822,0.9357845783233643,0.9345319271087646,0.9325841069221497,0.9190998077392578,0.9296606779098511,0.941513180732727,0.950822651386261
115,0.9376323223114014,0.9344965219497681,0.9528239965438843,0.9363806247711182,0.9470664262771606,0.948817253112793,0.9312735795974731,0.9319480657577515,0.9442963600158691,0.9410272836685181,0.9447030425071716,0.9338285326957703,0.9317814111709595,0.9340566992759705,0.9227774143218994,0.9351596832275391,0.9347737431526184,0.9370040893554688,0.939592719078064,0.9445165395736694,0.9520442485809326,0.9667232632637024,0.9734830856323242,1.0000001192092896,0.9755499958992004,0.9749085903167725,0.9683573842048645,0.9503942728042603,0.9549809694290161,0.952190637588501,0.944397509098053,0.9425294995307922,0.9466807842254639,0.9468464255332947,0.9330937266349792,0.9319971799850464,0.935657262802124,0.9361439347267151,0.9344980120658875,0.916976273059845,0.9342775344848633,0.9015042781829834,0.930794358253479,0.9293793439865112,0.927861213684082,0.9125589728355408,0.8809822797775269,0.868919312953949,0.8538199067115784,0.8662609457969666,0.8679659366607666,0.8645806312561035,0.8779969215393066,0.9166502952575684,0.9189708828926086,0.9449325799942017,0.9417323470115662,0.9417623281478882,0.942513108253479,0.9407166838645935,0.9419965147972107,0.9385818839073181,0.9419052004814148,0.9289284944534302,0.939856767654419,0.9390779137611389,0.9339296221733093,0.9365110993385315,0.926654577255249,0.9319892525672913,0.9440666437149048,0.9503603577613831
120,0.8943914175033569,0.893172562122345,0.9159014821052551,0.8968271017074585,0.9131457805633545,0.9209634065628052,0.8941584229469299,0.8967854380607605,0.9194668531417847,0.924231231212616,0.9283936023712158,0.9036586880683899,0.9062093496322632,0.9152727127075195,0.8954464793205261,0.9236559867858887,0.9075421094894409,0.9189358949661255,0.9251109957695007,0.9333996772766113,0.9434626698493958,0.9596267342567444,0.9666023850440979,0.9755499958992004,1.0,0.9556689262390137,0.9424575567245483,0.9197701215744019,0.928298830986023,0.9295285940170288,0.9177525043487549,0.9140259027481079,0.9185766577720642,0.9167946577072144,0.9014158248901367,0.901917040348053,0.9039525389671326,0.9120769500732422,0.9012737274169922,0.8790230751037598,0.8998408913612366,0.863784909248352,0.8980201482772827,0.8925185203552246,0.8969079852104187,0.8771206736564636,0.8478638529777527,0.8362814784049988,0.8190367817878723,0.8314318656921387,0.8374513387680054,0.8307144641876221,0.8426008820533752,0.8813585638999939,0.8800966739654541,0.915492832660675,0.9085280895233154,0.9057185053825378,0.9050495028495789,0.8975692391395569,0.9027136564254761,0.8977631330490112,0.9033334255218506,0.8841919302940369,0.9010137915611267,0.9029572010040283,0.8970807790756226,0.8957864046096802,0.8812044262886047,0.8896481394767761,0.9024419784545898,0.9117621779441833
125,0.9580295085906982,0.9630317091941833,0.9686256647109985,0.9623844623565674,0.9691802263259888,0.9735337495803833,0.9617563486099243,0.9667171835899353,0.9581568837165833,0.9515409469604492,0.9572076797485352,0.9529024362564087,0.9505512714385986,0.9437856078147888,0.943130612373352,0.9462116360664368,0.9527378678321838,0.9409992098808289,0.943148672580719,0.9512840509414673,0.9564167261123657,0.9632974863052368,0.9787299633026123,0.9749085903167725,0.9556689262390137,1.0000001192092896,0.9831555485725403,0.9737510085105896,0.9695413708686829,0.9756823778152466,0.9711781740188599,0.9711624383926392,0.973518431186676,0.9684197902679443,0.9650978446006775,0.9623489379882812,0.9651864767074585,0.9653288125991821,0.970327615737915,0.9560161828994751,0.9702824354171753,0.9365677833557129,0.9589927792549133,0.9609830379486084,0.9585908651351929,0.9353559017181396,0.8982768058776855,0.8894438743591309,0.8686273097991943,0.8825863599777222,0.8831442594528198,0.8808824419975281,0.8976354598999023,0.9389217495918274,0.9356088042259216,0.9662824273109436,0.9630770683288574,0.9643656015396118,0.9706924557685852,0.9596955180168152,0.9621509313583374,0.9589897394180298,0.9593451619148254,0.9547978043556213,0.957495927810669,0.9526275992393494,0.9571540355682373,0.9491217732429504,0.9464665055274963,0.9541338682174683,0.9599440097808838,0.9658637642860413
130,0.9634630680084229,0.954993486404419,0.9642174243927002,0.9493097066879272,0.9509549140930176,0.9612607955932617,0.9506739377975464,0.954424262046814,0.9545086622238159,0.9452660083770752,0.9426110982894897,0.9431614875793457,0.936393678188324,0.9309244155883789,0.9233614206314087,0.9280557632446289,0.9333701133728027,0.9218602776527405,0.9297553300857544,0.9331276416778564,0.9364537000656128,0.9496540427207947,0.9622260332107544,0.9683573842048645,0.9424575567245483,0.9831555485725403,0.9999998807907104,0.986662745475769,0.9825776219367981,0.9847614765167236,0.9780356884002686,0.9800435304641724,0.9750229716300964,0.9694288969039917,0.9664152264595032,0.967803955078125,0.9667445421218872,0.9675740003585815,0.9666051864624023,0.9569521546363831,0.9675179123878479,0.9398000240325928,0.9639646410942078,0.9624416828155518,0.9604250192642212,0.9507158398628235,0.9185900092124939,0.907978892326355,0.8960447907447815,0.907774806022644,0.9038310050964355,0.9057197570800781,0.9175618886947632,0.9520047903060913,0.950900673866272,0.9671884179115295,0.9645574688911438,0.9702285528182983,0.9691592454910278,0.9706352949142456,0.976833701133728,0.9691898226737976,0.9696242809295654,0.9657151103019714,0.9713238477706909,0.9634250998497009,0.9678328633308411,0.9578049182891846,0.949259340763092,0.9557524919509888,0.9668940901756287,0.9706586003303528
135,0.9701299667358398,0.9609323143959045,0.9633931517601013,0.9537909030914307,0.9445483684539795,0.9587626457214355,0.9502878189086914,0.9559566974639893,0.9431626796722412,0.9295403957366943,0.9283349514007568,0.9329515695571899,0.9263502955436707,0.9184287786483765,0.9146907329559326,0.9125018119812012,0.9260697364807129,0.906731128692627,0.9107808470726013,0.9134679436683655,0.9172593355178833,0.9295102953910828,0.9474746584892273,0.9503942728042603,0.9197701215744019,0.9737510085105896,0.986662745475769,0.9999998807907104,0.9787286520004272,0.9842504858970642,0.9787929654121399,0.980779767036438,0.9784613847732544,0.9716541767120361,0.9736729264259338,0.966335654258728,0.9669228196144104,0.9607203602790833,0.9669819474220276,0.960557222366333,0.9684677124023438,0.9389715790748596,0.9601743221282959,0.9638620018959045,0.9592846632003784,0.9536269903182983,0.921905517578125,0.9111396670341492,0.8997542858123779,0.9122369885444641,0.9029091596603394,0.908146858215332,0.9200416207313538,0.9528658390045166,0.9483342170715332,0.9606341123580933,0.9607163667678833,0.9677811861038208,0.9694459438323975,0.9708728790283203,0.9776362776756287,0.9757950305938721,0.9685354232788086,0.9701802730560303,0.9737946391105652,0.9718665480613708,0.9772759675979614,0.9683564901351929,0.9666703939437866,0.9705127477645874,0.9735652208328247,0.9725081920623779
140,0.9731224775314331,0.9589178562164307,0.9701012969017029,0.948354959487915,0.9371492266654968,0.9610783457756042,0.9422845840454102,0.9456710815429688,0.9530120491981506,0.9430828094482422,0.9301114678382874,0.9314948320388794,0.9193676710128784,0.9163250923156738,0.9069196581840515,0.9164126515388489,0.9105614423751831,0.9013670682907104,0.9149855971336365,0.9218127727508545,0.923119306564331,0.937299370765686,0.9535974264144897,0.9549809694290161,0.928298830986023,0.9695413708686829,0.9825776219367981,0.9787286520004272,1.0,0.9879373908042908,0.9880186319351196,0.9878931641578674,0.9769526124000549,0.9811302423477173,0.974949300289154,0.9792280793190002,0.9786545038223267,0.9733120203018188,0.9725164175033569,0.9695122838020325,0.9711166620254517,0.9451214671134949,0.9732086658477783,0.9728533029556274,0.9713051319122314,0.9678330421447754,0.9479445815086365,0.9284971952438354,0.9234460592269897,0.9340789914131165,0.9233856797218323,0.9308277368545532,0.9326725602149963,0.9664130806922913,0.9606916904449463,0.9752400517463684,0.9788224697113037,0.9799795746803284,0.9735382795333862,0.9734852910041809,0.9691436290740967,0.9719156622886658,0.9726307988166809,0.9563117623329163,0.976586103439331,0.9703866243362427,0.9750287532806396,0.9725881814956665,0.9631758332252502,0.9667898416519165,0.9759575724601746,0.9773944616317749
