,0,5,10,15,20,25,30,35,40,45,50,55,60,65,70,75,80,85,90,95,100,105,110,115,120,125,130,135,140,145,150,155,160,165,170,175,180,185,190,195,200,205,210,215,220,225,230,235,240,245,250,255,260,265,270,275,280,285,290,295,300,305,310,315,320,325,330,335,340,345,350,355
0,0.9999999403953552,0.9865105748176575,0.9829167127609253,0.9669692516326904,0.9635214805603027,0.9536526203155518,0.9285134077072144,0.9124152660369873,0.9230592250823975,0.9150331020355225,0.8899645209312439,0.9000413417816162,0.8689976334571838,0.8774000406265259,0.8691419363021851,0.8936478495597839,0.9165790677070618,0.9268988370895386,0.9216435551643372,0.9151980876922607,0.9225067496299744,0.9394826292991638,0.9469274282455444,0.9583598375320435,0.9706915020942688,0.9664907455444336,0.9753109216690063,0.9577949047088623,0.9274918437004089,0.9561499953269958,0.9567775726318359,0.9552370309829712,0.9379031658172607,0.9494615793228149,0.9542590975761414,0.946931004524231,0.9334501028060913,0.9292922616004944,0.9387738108634949,0.928913950920105,0.9374451041221619,0.9376771450042725,0.915580153465271,0.9348044395446777,0.9299464821815491,0.9479815363883972,0.945769190788269,0.940513014793396,0.9393081068992615,0.93662029504776,0.9429906606674194,0.9292611479759216,0.9355099201202393,0.9369398951530457,0.9381142854690552,0.9262357354164124,0.9409438371658325,0.9238158464431763,0.9461472034454346,0.9564018249511719,0.9306966662406921,0.9346923828125,0.942074179649353,0.9394547343254089,0.9291030168533325,0.9545049071311951,0.9515455365180969,0.9621623754501343,0.9654962420463562,0.973930299282074,0.974988579750061,0.9858266711235046
5,0.9865105748176575,1.0000001192092896,0.9893088936805725,0.9840549230575562,0.9831017255783081,0.96841961145401,0.9515496492385864,0.9361997842788696,0.9469276666641235,0.9388905763626099,0.914944589138031,0.923560380935669,0.8984381556510925,0.9048160314559937,0.8948832750320435,0.9195466637611389,0.9359387755393982,0.9406237602233887,0.9343254566192627,0.9322687387466431,0.936251163482666,0.9538681507110596,0.9585676789283752,0.9609614014625549,0.9691500663757324,0.9676452279090881,0.9787757396697998,0.9637043476104736,0.940100371837616,0.9624302983283997,0.9575249552726746,0.9559766054153442,0.9373997449874878,0.9436242580413818,0.9571222066879272,0.95197594165802,0.9353066682815552,0.9395548105239868,0.9478247165679932,0.93659508228302,0.9464073181152344,0.9429723620414734,0.9309923052787781,0.9448024034500122,0.9310742020606995,0.9561115503311157,0.9510859251022339,0.9389832019805908,0.9380131363868713,0.9369208216667175,0.951511025428772,0.9391270875930786,0.9461209177970886,0.9424420595169067,0.9417677521705627,0.9350888133049011,0.9483856558799744,0.9333646297454834,0.9549397230148315,0.9686708450317383,0.9461315870285034,0.9437057971954346,0.9413532018661499,0.9436618685722351,0.930094301700592,0.9490402340888977,0.9437453746795654,0.9516183137893677,0.9511382579803467,0.9626752138137817,0.9690701961517334,0.9798299670219421
10,0.9829167127609253,0.9893088936805725,1.0000001192092896,0.987716794013977,0.9816657304763794,0.9738827347755432,0.9506359696388245,0.9310654401779175,0.9448473453521729,0.9416149854660034,0.9174365997314453,0.9262051582336426,0.8969173431396484,0.8985586762428284,0.8947595357894897,0.9151358604431152,0.9395354390144348,0.9437333345413208,0.9349672794342041,0.9254148006439209,0.9277374744415283,0.9435384273529053,0.945755124092102,0.9472086429595947,0.9598595499992371,0.9564761519432068,0.9694503545761108,0.9457471370697021,0.9145455360412598,0.9470845460891724,0.9438488483428955,0.9408245086669922,0.9233518838882446,0.9359675645828247,0.9443206787109375,0.9394370913505554,0.9220120906829834,0.9260501265525818,0.9352177381515503,0.9257663488388062,0.9313540458679199,0.9297575950622559,0.9112673401832581,0.9265567064285278,0.9177338480949402,0.9430572390556335,0.938573956489563,0.9299567937850952,0.9288722276687622,0.9250536561012268,0.9381482601165771,0.9242029190063477,0.9339710474014282,0.9327806234359741,0.935555636882782,0.9317181706428528,0.9452228546142578,0.9313496351242065,0.9538379907608032,0.961489200592041,0.9363335371017456,0.9303058385848999,0.9281088709831238,0.9256430864334106,0.9084746837615967,0.9344924688339233,0.932018518447876,0.9431028366088867,0.9453067779541016,0.9567992687225342,0.966499388217926,0.9731322526931763
15,0.9669692516326904,0.9840549230575562,0.987716794013977,1.000000238418579,0.9875487089157104,0.9734088778495789,0.9560744762420654,0.9406435489654541,0.9505961537361145,0.9399142265319824,0.9152288436889648,0.9276442527770996,0.9066294431686401,0.9043368101119995,0.8966159224510193,0.926403820514679,0.9429646730422974,0.9444128274917603,0.9300042986869812,0.9198247194290161,0.930060625076294,0.946498692035675,0.9449620246887207,0.9410941004753113,0.9512097835540771,0.9487451910972595,0.9649538993835449,0.9381183385848999,0.9038002490997314,0.9363642930984497,0.9300516843795776,0.926343560218811,0.9102280139923096,0.9209670424461365,0.936095118522644,0.9299417734146118,0.9119814038276672,0.9214436411857605,0.9257009029388428,0.9189170002937317,0.9281583428382874,0.918420135974884,0.9013049602508545,0.9206154346466064,0.9068429470062256,0.9355736970901489,0.9301307797431946,0.9201960563659668,0.9211040735244751,0.9167838096618652,0.9328891634941101,0.9128425121307373,0.9292659759521484,0.9268673658370972,0.9338363409042358,0.9332150220870972,0.9399996399879456,0.9189258217811584,0.9410480260848999,0.95365309715271,0.9268951416015625,0.9269382357597351,0.9186450242996216,0.9175969958305359,0.9010673761367798,0.924791693687439,0.9228804707527161,0.931445837020874,0.9293195009231567,0.9493703842163086,0.9626255035400391,0.96396404504776
20,0.9635214805603027,0.9831017255783081,0.9816657304763794,0.9875487089157104,1.0000001192092896,0.9837833642959595,0.9746602773666382,0.9618970155715942,0.9677994251251221,0.9605200290679932,0.9397979974746704,0.9452501535415649,0.9271787405014038,0.9298022985458374,0.9250805974006653,0.9430950880050659,0.9496912956237793,0.9519314765930176,0.9464172720909119,0.9446254372596741,0.9485511183738708,0.9605138897895813,0.9599796533584595,0.9429468512535095,0.9498562216758728,0.9500048756599426,0.9652309417724609,0.9459290504455566,0.925727367401123,0.9465638399124146,0.9399063587188721,0.9371780753135681,0.9198204278945923,0.9254001379013062,0.9407553672790527,0.9413878321647644,0.9201902151107788,0.9390624165534973,0.9406147003173828,0.9279767274856567,0.9345964789390564,0.9281823635101318,0.9200050830841064,0.9291776418685913,0.9089070558547974,0.9385511875152588,0.9314336776733398,0.9152920246124268,0.9140235185623169,0.9108514785766602,0.9349707365036011,0.9256256222724915,0.9419364929199219,0.9368301630020142,0.9374086856842041,0.9468252658843994,0.9535660743713379,0.9440548419952393,0.9588481187820435,0.9680859446525574,0.9520769119262695,0.94544517993927,0.9264869093894958,0.9278327226638794,0.9107500910758972,0.9231356382369995,0.9175821542739868,0.9230701327323914,0.917991042137146,0.9371595978736877,0.9516000747680664,0.9628403186798096
25,0.9536526203155518,0.96841961145401,0.9738827347755432,0.9734088778495789,0.9837833642959595,0.9999999403953552,0.9826539158821106,0.9610763788223267,0.9711476564407349,0.9678344130516052,0.9467424750328064,0.9439551830291748,0.9240597486495972,0.922269880771637,0.9263385534286499,0.9361941814422607,0.9520310163497925,0.9495136141777039,0.9459017515182495,0.9426857233047485,0.9405689835548401,0.9524714946746826,0.9515077471733093,0.9328694343566895,0.9413753747940063,0.9424431920051575,0.955281138420105,0.9336721897125244,0.9147210121154785,0.934362530708313,0.9293711185455322,0.9256839752197266,0.9127047061920166,0.9221469163894653,0.930242657661438,0.936302125453949,0.9181972146034241,0.9339467287063599,0.9337939620018005,0.924267053604126,0.9222201108932495,0.9198254346847534,0.9096375107765198,0.9174251556396484,0.9035062789916992,0.9288104772567749,0.923911988735199,0.907945990562439,0.9029020071029663,0.8986080884933472,0.9217972159385681,0.9150672554969788,0.9272544384002686,0.923261821269989,0.9188956022262573,0.9320576190948486,0.9373444318771362,0.9307584166526794,0.9495043754577637,0.953363299369812,0.9405490159988403,0.9286238551139832,0.9144788980484009,0.9133720397949219,0.8962130546569824,0.9091663360595703,0.9038218259811401,0.9076621532440186,0.9012295603752136,0.9175804257392883,0.9319813847541809,0.9452674388885498
30,0.9285134077072144,0.9515496492385864,0.9506359696388245,0.9560744762420654,0.9746602773666382,0.9826539158821106,1.000000238418579,0.9862128496170044,0.9868454933166504,0.9803835153579712,0.962647557258606,0.9568995237350464,0.9447193145751953,0.9461410641670227,0.9480729103088379,0.958006739616394,0.9560592174530029,0.9582459926605225,0.9586616158485413,0.9560459852218628,0.9571073055267334,0.9605721235275269,0.9522161483764648,0.9192050695419312,0.9241140484809875,0.9307947754859924,0.9397358894348145,0.9140558242797852,0.9040230512619019,0.9153359532356262,0.9093747735023499,0.9101141691207886,0.9031603336334229,0.9078711271286011,0.9186596870422363,0.926162838935852,0.9101333618164062,0.9375701546669006,0.9297962188720703,0.9198126196861267,0.9144389033317566,0.9168617725372314,0.9108791351318359,0.9084168076515198,0.8885581493377686,0.9166109561920166,0.9120835065841675,0.8937026262283325,0.8894800543785095,0.8823479413986206,0.9156455993652344,0.9052627682685852,0.9242857694625854,0.9140173196792603,0.9110520482063293,0.9374958276748657,0.9384375810623169,0.9335984587669373,0.941543698310852,0.943738579750061,0.9404051303863525,0.9270139932632446,0.8980521559715271,0.8934543132781982,0.8768969178199768,0.8816655874252319,0.8773708343505859,0.8790798187255859,0.8709121942520142,0.8892233371734619,0.9067369103431702,0.9208794832229614
35,0.9124152660369873,0.9361997842788696,0.9310654401779175,0.9406435489654541,0.9618970155715942,0.9610763788223267,0.9862128496170044,1.0,0.9866073131561279,0.9749264717102051,0.9616882801055908,0.9603861570358276,0.9528831839561462,0.9517936110496521,0.9496192932128906,0.9596907496452332,0.9478682279586792,0.9581683278083801,0.9596385955810547,0.9601327776908875,0.9638493061065674,0.963348388671875,0.9517195820808411,0.9089966416358948,0.9124516248703003,0.9203405380249023,0.9265687465667725,0.9021479487419128,0.8929191827774048,0.8946312665939331,0.8911840319633484,0.8944630026817322,0.8919638395309448,0.8909301161766052,0.9021697640419006,0.9070481061935425,0.8865649104118347,0.9221867322921753,0.9073395133018494,0.8941842913627625,0.893143892288208,0.9011132121086121,0.8977282047271729,0.8915607333183289,0.8666020631790161,0.8948566317558289,0.8935971856117249,0.8718909025192261,0.8729472160339355,0.8658492565155029,0.9054037928581238,0.8928065896034241,0.9163562059402466,0.9016880989074707,0.8989603519439697,0.9328182935714722,0.9345852136611938,0.9349450469017029,0.9342606663703918,0.9336540699005127,0.9371534585952759,0.9247490763664246,0.8890595436096191,0.8846868276596069,0.870665431022644,0.8717528581619263,0.8674478530883789,0.8657615184783936,0.8554449677467346,0.8745513558387756,0.8896914124488831,0.9061336517333984
40,0.9230592250823975,0.9469276666641235,0.9448473453521729,0.9505961537361145,0.9677994251251221,0.9711476564407349,0.9868454933166504,0.9866073131561279,1.0000001192092896,0.9896810054779053,0.9764859080314636,0.9759608507156372,0.9623173475265503,0.961491584777832,0.9571405649185181,0.9668103456497192,0.9644882082939148,0.9675776958465576,0.9643715023994446,0.9633455872535706,0.963928759098053,0.963275134563446,0.9538449048995972,0.9198653697967529,0.9223571419715881,0.9298539161682129,0.9372694492340088,0.9160035252571106,0.8987122178077698,0.9089682102203369,0.9034260511398315,0.9055758714675903,0.8958565592765808,0.8982827663421631,0.9109101891517639,0.9148356914520264,0.891342043876648,0.9188798666000366,0.9110541939735413,0.8987187147140503,0.9011093974113464,0.9049456119537354,0.897746205329895,0.8963639736175537,0.873746395111084,0.9055394530296326,0.9002931714057922,0.8818830847740173,0.8837214112281799,0.8785037398338318,0.9144800901412964,0.9026902914047241,0.921618640422821,0.9115104675292969,0.9087449312210083,0.9307258725166321,0.9381308555603027,0.9313674569129944,0.9382541179656982,0.9396226406097412,0.9394129514694214,0.9244738817214966,0.8984503746032715,0.8911159634590149,0.8733702301979065,0.8830380439758301,0.8767542243003845,0.8787039518356323,0.8715983629226685,0.8874201774597168,0.9039444923400879,0.9175132513046265
45,0.9150331020355225,0.9388905763626099,0.9416149854660034,0.9399142265319824,0.9605200290679932,0.9678344130516052,0.9803835153579712,0.9749264717102051,0.9896810054779053,1.0,0.9869805574417114,0.9833104610443115,0.9669662117958069,0.9661051034927368,0.9597812294960022,0.9638341069221497,0.964885950088501,0.9613113403320312,0.9641045928001404,0.9624578952789307,0.955290675163269,0.9534310698509216,0.9448262453079224,0.9104619026184082,0.9108044505119324,0.9170390367507935,0.9274706244468689,0.9063278436660767,0.8943532705307007,0.904408872127533,0.8979164361953735,0.9013406038284302,0.8908511400222778,0.8939777612686157,0.9022365808486938,0.9091155529022217,0.8842390775680542,0.9083315134048462,0.9035435318946838,0.8907960057258606,0.8880506753921509,0.894790768623352,0.8879860043525696,0.8840436935424805,0.8604439496994019,0.8942005038261414,0.8878774046897888,0.868407130241394,0.8677189946174622,0.8606516122817993,0.8998048901557922,0.8944578170776367,0.9077972173690796,0.8979014754295349,0.8912733197212219,0.9152450561523438,0.9276242256164551,0.9274718761444092,0.9352660775184631,0.935329794883728,0.9368470311164856,0.9162086248397827,0.8906947374343872,0.8849871754646301,0.8647304773330688,0.8733209371566772,0.8662557601928711,0.8683151602745056,0.861630916595459,0.8741489052772522,0.8929827213287354,0.9081751108169556
50,0.8899645209312439,0.914944589138031,0.9174365997314453,0.9152288436889648,0.9397979974746704,0.9467424750328064,0.962647557258606,0.9616882801055908,0.9764859080314636,0.9869805574417114,1.0000001192092896,0.9832049012184143,0.9743970036506653,0.971481442451477,0.9677111506462097,0.957772970199585,0.9590455293655396,0.951725959777832,0.9551492929458618,0.9540121555328369,0.946073055267334,0.9380574226379395,0.9281677007675171,0.8817191123962402,0.8826574087142944,0.8873099684715271,0.8974027633666992,0.8843215703964233,0.8786686658859253,0.8796659708023071,0.8747135996818542,0.8777871131896973,0.8672361373901367,0.8700128793716431,0.8734761476516724,0.881168007850647,0.8534088134765625,0.88422691822052,0.8694635033607483,0.8525537848472595,0.8509038686752319,0.8631367087364197,0.8635966777801514,0.8545459508895874,0.8304464221000671,0.8598721027374268,0.8486266136169434,0.8256746530532837,0.8303768634796143,0.8222479224205017,0.8665320873260498,0.8687968850135803,0.8823555707931519,0.8702656030654907,0.8613356947898865,0.8958535194396973,0.9096256494522095,0.9173588752746582,0.9206686615943909,0.9160680174827576,0.9226332306861877,0.896708607673645,0.867375373840332,0.8627090454101562,0.8395613431930542,0.8453452587127686,0.8338644504547119,0.8352688550949097,0.825865626335144,0.8384707570075989,0.8566626310348511,0.878107488155365
55,0.9000413417816162,0.923560380935669,0.9262051582336426,0.9276442527770996,0.9452501535415649,0.9439551830291748,0.9568995237350464,0.9603861570358276,0.9759608507156372,0.9833104610443115,0.9832049012184143,1.0000001192092896,0.9802712798118591,0.9788805246353149,0.9694836139678955,0.969540536403656,0.9650347232818604,0.9621366262435913,0.9598381519317627,0.9532585144042969,0.9473183751106262,0.9408659934997559,0.9334699511528015,0.8929566144943237,0.8955586552619934,0.8992997407913208,0.9092459678649902,0.887740433216095,0.869751513004303,0.8774347901344299,0.8724474310874939,0.876887321472168,0.8649817705154419,0.869331955909729,0.875424861907959,0.876764178276062,0.847241997718811,0.8752506971359253,0.8626130819320679,0.8474271893501282,0.8518568277359009,0.8605754375457764,0.8509548902511597,0.8484401106834412,0.8213289380073547,0.8611178398132324,0.8538487553596497,0.8347458243370056,0.8423894047737122,0.8342124223709106,0.8745864629745483,0.8677846193313599,0.8841582536697388,0.874589204788208,0.867695152759552,0.8939871788024902,0.9093714952468872,0.9113719463348389,0.9150807857513428,0.9158281683921814,0.9184290766716003,0.8968222737312317,0.8704150915145874,0.8666462898254395,0.8451827764511108,0.85966956615448,0.849260151386261,0.8526096343994141,0.8459397554397583,0.8597337603569031,0.8782216310501099,0.8921670317649841
60,0.8689976334571838,0.8984381556510925,0.8969173431396484,0.9066294431686401,0.9271787405014038,0.9240597486495972,0.9447193145751953,0.9528831839561462,0.9623173475265503,0.9669662117958069,0.9743970036506653,0.9802712798118591,1.000000238418579,0.9864423871040344,0.9758344888687134,0.97398442029953,0.9527976512908936,0.943251371383667,0.9420748353004456,0.9434691667556763,0.9453630447387695,0.9377715587615967,0.9240463972091675,0.8656468391418457,0.8691537976264954,0.8762166500091553,0.8862773180007935,0.8726749420166016,0.8583734035491943,0.8560694456100464,0.8547884821891785,0.8545504212379456,0.8462911248207092,0.8469250202178955,0.8562250137329102,0.8590368628501892,0.8276203274726868,0.8625707030296326,0.8403277397155762,0.821946382522583,0.8285565376281738,0.8365626931190491,0.8378418684005737,0.8306618332862854,0.7964540123939514,0.8343786001205444,0.8214295506477356,0.7982446551322937,0.8118345141410828,0.804067850112915,0.847017765045166,0.8391907215118408,0.8670480251312256,0.8562935590744019,0.8535574674606323,0.8912736177444458,0.8922968506813049,0.8961836695671082,0.8986725807189941,0.8985645771026611,0.9021593928337097,0.8888407349586487,0.8531094193458557,0.8454899191856384,0.8225217461585999,0.8257925510406494,0.813351035118103,0.8128951787948608,0.7978397607803345,0.8198472261428833,0.8426814675331116,0.8615140318870544
65,0.8774000406265259,0.9048160314559937,0.8985586762428284,0.9043368101119995,0.9298022985458374,0.922269880771637,0.9461410641670227,0.9517936110496521,0.961491584777832,0.9661051034927368,0.971481442451477,0.9788805246353149,0.9864423871040344,1.000000238418579,0.9845831394195557,0.9814854860305786,0.9581395387649536,0.9549893140792847,0.9524807929992676,0.9580862522125244,0.9560902714729309,0.947426974773407,0.9355278015136719,0.8842747807502747,0.8842795491218567,0.8917109966278076,0.8972840905189514,0.8883997201919556,0.8782093524932861,0.8729535341262817,0.8718603849411011,0.8747864961624146,0.8699601888656616,0.8691314458847046,0.8769207000732422,0.8775508999824524,0.8474485874176025,0.8789574503898621,0.8577042818069458,0.8420642018318176,0.8432393074035645,0.8563255667686462,0.8568639755249023,0.8478673696517944,0.8159101009368896,0.8502964973449707,0.8386513590812683,0.8180228471755981,0.8306415677070618,0.8228716850280762,0.8653281331062317,0.8619024753570557,0.8830030560493469,0.871130108833313,0.8643697500228882,0.8978840112686157,0.9032337665557861,0.907319188117981,0.9096553921699524,0.9106336832046509,0.9227039217948914,0.9080390930175781,0.874163031578064,0.8702918291091919,0.8478711247444153,0.8497611284255981,0.8385161757469177,0.8358656764030457,0.8198201060295105,0.8375123739242554,0.8534442186355591,0.8735765218734741
70,0.8691419363021851,0.8948832750320435,0.8947595357894897,0.8966159224510193,0.9250805974006653,0.9263385534286499,0.9480729103088379,0.9496192932128906,0.9571405649185181,0.9597812294960022,0.9677111506462097,0.9694836139678955,0.9758344888687134,0.9845831394195557,1.0000001192092896,0.9808922410011292,0.9552240371704102,0.9508669376373291,0.9472958445549011,0.948796272277832,0.9473556280136108,0.9375995397567749,0.9233072400093079,0.8645909428596497,0.8677303791046143,0.876252293586731,0.883262038230896,0.8732966184616089,0.8632786870002747,0.8571197986602783,0.855638861656189,0.858099102973938,0.8530279397964478,0.8545815348625183,0.8618074059486389,0.8646746873855591,0.8363580107688904,0.8741525411605835,0.8495470285415649,0.8323252201080322,0.8335659503936768,0.8459632396697998,0.8496572971343994,0.8364147543907166,0.8058396577835083,0.8387710452079773,0.8275492191314697,0.8049586415290833,0.8154863119125366,0.807373046875,0.8531707525253296,0.8511456251144409,0.8727670907974243,0.860650360584259,0.8518025875091553,0.8902572393417358,0.8918662071228027,0.9024742245674133,0.9033927917480469,0.9004489183425903,0.913554847240448,0.8932645320892334,0.8577747344970703,0.8538195490837097,0.8297788500785828,0.8317465782165527,0.8216358423233032,0.8184244632720947,0.8027423620223999,0.8224322199821472,0.8392138481140137,0.8595547676086426
75,0.8936478495597839,0.9195466637611389,0.9151358604431152,0.926403820514679,0.9430950880050659,0.9361941814422607,0.958006739616394,0.9596907496452332,0.9668103456497192,0.9638341069221497,0.957772970199585,0.969540536403656,0.97398442029953,0.9814854860305786,0.9808922410011292,0.9999999403953552,0.9739664793014526,0.9698787927627563,0.9550440311431885,0.9538289308547974,0.9606910943984985,0.952372133731842,0.935883104801178,0.8877743482589722,0.8921100497245789,0.9035585522651672,0.9116976261138916,0.8922070264816284,0.8696492910385132,0.8756557703018188,0.8698881268501282,0.8719383478164673,0.8636905550956726,0.8671160340309143,0.88175368309021,0.882308304309845,0.8536655306816101,0.8860870003700256,0.8682875633239746,0.8563355803489685,0.860651433467865,0.8656116127967834,0.8614253401756287,0.8581299185752869,0.8279040455818176,0.8644996285438538,0.8560582399368286,0.8378422260284424,0.8475693464279175,0.8398929834365845,0.8802193403244019,0.8655083775520325,0.8915755748748779,0.8829962015151978,0.8845223188400269,0.9112504720687866,0.9100762605667114,0.9050073027610779,0.9116279482841492,0.9151635766029358,0.9160161018371582,0.9062326550483704,0.8763325214385986,0.870893120765686,0.8478951454162598,0.8551750183105469,0.8485621809959412,0.8474162817001343,0.8351359367370605,0.8595311641693115,0.8796402812004089,0.8905757665634155
80,0.9165790677070618,0.9359387755393982,0.9395354390144348,0.9429646730422974,0.9496912956237793,0.9520310163497925,0.9560592174530029,0.9478682279586792,0.9644882082939148,0.964885950088501,0.9590455293655396,0.9650347232818604,0.9527976512908936,0.9581395387649536,0.9552240371704102,0.9739664793014526,1.0000001192092896,0.98313307762146,0.966241717338562,0.9582943916320801,0.9544775485992432,0.9532793760299683,0.9404014348983765,0.9083782434463501,0.9128932952880859,0.9160473346710205,0.9275375604629517,0.9069654941558838,0.8823246955871582,0.8990347981452942,0.8919625878334045,0.8916537761688232,0.8765247464179993,0.8855639696121216,0.892094612121582,0.8957349061965942,0.869996190071106,0.887865424156189,0.8799064755439758,0.8705657720565796,0.873323380947113,0.8773016929626465,0.8684272170066833,0.8733181953430176,0.8529549837112427,0.8805326819419861,0.8733149766921997,0.8593332767486572,0.8667935132980347,0.8570243716239929,0.8883238434791565,0.8779987692832947,0.8949124813079834,0.8901265859603882,0.8894866108894348,0.9029340147972107,0.9140990972518921,0.907265305519104,0.9224647879600525,0.9280915260314941,0.9191773533821106,0.9034017324447632,0.8866685628890991,0.8813252449035645,0.8605707287788391,0.8773335218429565,0.8708800077438354,0.8726880550384521,0.8652998805046082,0.8836523294448853,0.8990317583084106,0.9076942205429077
85,0.9268988370895386,0.9406237602233887,0.9437333345413208,0.9444128274917603,0.9519314765930176,0.9495136141777039,0.9582459926605225,0.9581683278083801,0.9675776958465576,0.9613113403320312,0.951725959777832,0.9621366262435913,0.943251371383667,0.9549893140792847,0.9508669376373291,0.9698787927627563,0.98313307762146,1.0000001192092896,0.9780295491218567,0.965599775314331,0.9651992917060852,0.9623009562492371,0.9479186534881592,0.9181721806526184,0.924138069152832,0.927839994430542,0.9336581230163574,0.9063205718994141,0.8786680698394775,0.8963287472724915,0.8937126994132996,0.894926905632019,0.8854637145996094,0.8918344378471375,0.8970987796783447,0.8961653709411621,0.8720768094062805,0.8927099108695984,0.8859480023384094,0.8744165301322937,0.8767059445381165,0.8860665559768677,0.8711103200912476,0.8754322528839111,0.8592312335968018,0.8858882188796997,0.8836632370948792,0.8725994825363159,0.8769434690475464,0.867605447769165,0.8998422622680664,0.8856489062309265,0.9053927659988403,0.8974239826202393,0.8983812928199768,0.91609787940979,0.9266927242279053,0.9191275238990784,0.930064857006073,0.9325932264328003,0.9274082779884338,0.9122642278671265,0.892623782157898,0.885208249092102,0.8672842979431152,0.8884660005569458,0.8854095935821533,0.8869803547859192,0.8822981715202332,0.8978546857833862,0.9084765911102295,0.9168952107429504
90,0.9216435551643372,0.9343254566192627,0.9349672794342041,0.9300042986869812,0.9464172720909119,0.9459017515182495,0.9586616158485413,0.9596385955810547,0.9643715023994446,0.9641045928001404,0.9551492929458618,0.9598381519317627,0.9420748353004456,0.9524807929992676,0.9472958445549011,0.9550440311431885,0.966241717338562,0.9780295491218567,1.000000238418579,0.9857141375541687,0.9759936928749084,0.9691298007965088,0.9577333927154541,0.925150990486145,0.9275250434875488,0.9331228733062744,0.9345678091049194,0.9125216007232666,0.8998769521713257,0.9087142944335938,0.9073153138160706,0.9113718867301941,0.9033557772636414,0.9088131189346313,0.9077872633934021,0.9135777950286865,0.8913888931274414,0.9141577482223511,0.9064644575119019,0.8924018740653992,0.8895213603973389,0.9050796627998352,0.8918416500091553,0.8870092630386353,0.8663278818130493,0.8927066326141357,0.8891888856887817,0.8750815391540527,0.8759751915931702,0.8677064180374146,0.9014163613319397,0.8985183238983154,0.9137341976165771,0.9012366533279419,0.89576256275177,0.9166129231452942,0.9276708364486694,0.9311438202857971,0.9381730556488037,0.9403579831123352,0.9447476863861084,0.9217660427093506,0.9016150832176208,0.8941649198532104,0.8810744285583496,0.8904314637184143,0.8847222328186035,0.8836626410484314,0.8768177032470703,0.8898419141769409,0.9009798169136047,0.9157114028930664
95,0.9151980876922607,0.9322687387466431,0.9254148006439209,0.9198247194290161,0.9446254372596741,0.9426857233047485,0.9560459852218628,0.9601327776908875,0.9633455872535706,0.9624578952789307,0.9540121555328369,0.9532585144042969,0.9434691667556763,0.9580862522125244,0.948796272277832,0.9538289308547974,0.9582943916320801,0.965599775314331,0.9857141375541687,1.0000001192092896,0.9856687784194946,0.9774582982063293,0.9705791473388672,0.9385508298873901,0.9342942237854004,0.9430135488510132,0.9398281574249268,0.9318627119064331,0.926888644695282,0.9242883920669556,0.924290120601654,0.9276806712150574,0.9230639934539795,0.9227039813995361,0.9242662787437439,0.9323042631149292,0.9077168107032776,0.9281147718429565,0.9200044870376587,0.905281662940979,0.9020769000053406,0.92079758644104,0.9156825542449951,0.9072086215019226,0.8840047121047974,0.9051375389099121,0.898047924041748,0.8819506764411926,0.8836736679077148,0.878480851650238,0.9134438037872314,0.918542742729187,0.9288145899772644,0.9144839644432068,0.9024001359939575,0.9219926595687866,0.9330740571022034,0.9396970868110657,0.9474252462387085,0.9497844576835632,0.96349036693573,0.943912148475647,0.9241634011268616,0.9182977676391602,0.9056077003479004,0.9038796424865723,0.8952335119247437,0.8898533582687378,0.877595067024231,0.8880237340927124,0.8940351009368896,0.9170531630516052
100,0.9225067496299744,0.936251163482666,0.9277374744415283,0.930060625076294,0.9485511183738708,0.9405689835548401,0.9571073055267334,0.9638493061065674,0.963928759098053,0.955290675163269,0.946073055267334,0.9473183751106262,0.9453630447387695,0.9560902714729309,0.9473556280136108,0.9606910943984985,0.9544775485992432,0.9651992917060852,0.9759936928749084,0.9856687784194946,1.0000001192092896,0.9869438409805298,0.9759999513626099,0.9412139654159546,0.9417477250099182,0.9472811222076416,0.9456515908241272,0.9320999383926392,0.9177660942077637,0.9212864637374878,0.9219619035720825,0.9259827136993408,0.9215962886810303,0.9229593276977539,0.925836443901062,0.9311368465423584,0.9096511602401733,0.9339547753334045,0.9174814224243164,0.905952513217926,0.9073050022125244,0.9207618236541748,0.9116522669792175,0.9092608690261841,0.8850992321968079,0.9068226218223572,0.8975274562835693,0.8854745626449585,0.889054536819458,0.8855829238891602,0.9178793430328369,0.9111920595169067,0.9312827587127686,0.9177218675613403,0.9133396148681641,0.9339181184768677,0.9365334510803223,0.9336099624633789,0.9403859376907349,0.9443281292915344,0.9538665413856506,0.947239339351654,0.9253325462341309,0.9158700704574585,0.9043902158737183,0.9058459401130676,0.8994668126106262,0.8954468369483948,0.8824254274368286,0.8990564942359924,0.9060862064361572,0.9236858487129211
105,0.9394826292991638,0.9538681507110596,0.9435384273529053,0.946498692035675,0.9605138897895813,0.9524714946746826,0.9605721235275269,0.963348388671875,0.963275134563446,0.9534310698509216,0.9380574226379395,0.9408659934997559,0.9377715587615967,0.947426974773407,0.9375995397567749,0.952372133731842,0.9532793760299683,0.9623009562492371,0.9691298007965088,0.9774582982063293,0.9869438409805298,1.000000238418579,0.9900100231170654,0.9631461501121521,0.9600211381912231,0.9619129300117493,0.9661730527877808,0.9520152807235718,0.939109206199646,0.9444872140884399,0.9453301429748535,0.9457739591598511,0.9413988590240479,0.9394713044166565,0.9463785290718079,0.9473667144775391,0.9303848147392273,0.9467347264289856,0.9362643957138062,0.9261757135391235,0.9292032718658447,0.9358693361282349,0.9291770458221436,0.9336353540420532,0.911603569984436,0.9278967380523682,0.9236897230148315,0.9100422859191895,0.9109881520271301,0.9068582057952881,0.9343962669372559,0.9290376901626587,0.945422351360321,0.9376142621040344,0.9299696087837219,0.9418832063674927,0.94642573595047,0.942622721195221,0.9530513286590576,0.9588392972946167,0.9629147052764893,0.9605733156204224,0.9425593018531799,0.9367971420288086,0.9275022745132446,0.9282649159431458,0.9224122762680054,0.9180682897567749,0.9025014638900757,0.9164877533912659,0.9211829900741577,0.939635694026947
110,0.9469274282455444,0.9585676789283752,0.945755124092102,0.9449620246887207,0.9599796533584595,0.9515077471733093,0.9522161483764648,0.9517195820808411,0.9538449048995972,0.9448262453079224,0.9281677007675171,0.9334699511528015,0.9240463972091675,0.9355278015136719,0.9233072400093079,0.935883104801178,0.9404014348983765,0.9479186534881592,0.9577333927154541,0.9705791473388672,0.9759999513626099,0.9900100231170654,0.9999998807907104,0.9758707284927368,0.9725757241249084,0.9700523614883423,0.974008321762085,0.9658857583999634,0.955339789390564,0.9591022729873657,0.959962010383606,0.9610459804534912,0.9553540349006653,0.9502655863761902,0.9578468203544617,0.959820568561554,0.9420697689056396,0.9528127312660217,0.9454256296157837,0.935495138168335,0.9383764266967773,0.9443487524986267,0.9379940629005432,0.9425088167190552,0.9232265949249268,0.9393715858459473,0.9340723752975464,0.9212558269500732,0.9222310185432434,0.9174711108207703,0.9445488452911377,0.945145845413208,0.9538429975509644,0.9485039710998535,0.9379145503044128,0.9431369304656982,0.9507901668548584,0.9476300477981567,0.9572470784187317,0.9636133909225464,0.9700304269790649,0.9688644409179688,0.9543017148971558,0.9519493579864502,0.943607747554779,0.9416581392288208,0.9319751262664795,0.9290845394134521,0.9131598472595215,0.9251392483711243,0.9278327822685242,0.9490106701850891
115,0.9583598375320435,0.9609614014625549,0.9472086429595947,0.9410941004753113,0.9429468512535095,0.9328694343566895,0.9192050695419312,0.9089966416358948,0.9198653697967529,0.9104619026184082,0.8817191123962402,0.8929566144943237,0.8656468391418457,0.8842747807502747,0.8645909428596497,0.8877743482589722,0.9083782434463501,0.9181721806526184,0.925150990486145,0.9385508298873901,0.9412139654159546,0.9631461501121521,0.9758707284927368,1.0,0.9889127612113953,0.9803847074508667,0.9824252128601074,0.9752699136734009,0.9589451551437378,0.9737585783004761,0.9731032252311707,0.9754090309143066,0.9686043858528137,0.9667348265647888,0.9716027975082397,0.9677180051803589,0.9571856260299683,0.9443537592887878,0.9540616869926453,0.9502168297767639,0.9568198919296265,0.9593168497085571,0.9432058930397034,0.9606854915618896,0.9523830413818359,0.9611639976501465,0.95911705493927,0.9535828232765198,0.9486355781555176,0.945831835269928,0.9552924633026123,0.9544193148612976,0.9462643265724182,0.9490031003952026,0.9357703924179077,0.9168150424957275,0.9350245594978333,0.9201794266700745,0.9420811533927917,0.9570369720458984,0.9520955085754395,0.958554744720459,0.9666396379470825,0.9640216827392578,0.9622584581375122,0.9699909687042236,0.9654707312583923,0.9655199646949768,0.953948438167572,0.954473614692688,0.9465397000312805,0.962673544883728
120,0.9706915020942688,0.9691500663757324,0.9598595499992371,0.9512097835540771,0.9498562216758728,0.9413753747940063,0.9241140484809875,0.9124516248703003,0.9223571419715881,0.9108044505119324,0.8826574087142944,0.8955586552619934,0.8691537976264954,0.8842795491218567,0.8677303791046143,0.8921100497245789,0.9128932952880859,0.924138069152832,0.9275250434875488,0.9342942237854004,0.9417477250099182,0.9600211381912231,0.9725757241249084,0.9889127612113953,1.000000238418579,0.9895015954971313,0.9868007898330688,0.977420449256897,0.9515156745910645,0.9712224006652832,0.9708683490753174,0.9701727628707886,0.9586976766586304,0.962658703327179,0.9677942395210266,0.9628037214279175,0.9487529993057251,0.9442594051361084,0.9507840871810913,0.9459620118141174,0.9536025524139404,0.9565236568450928,0.9350550770759583,0.9517626166343689,0.9462059736251831,0.9600054025650024,0.9550256133079529,0.9506855010986328,0.9511752128601074,0.9510647058486938,0.9549841284751892,0.9478809833526611,0.9489229321479797,0.9493529200553894,0.9432210922241211,0.925754964351654,0.9399300217628479,0.9209327697753906,0.943474292755127,0.9578832983970642,0.9443248510360718,0.9510722160339355,0.9571079015731812,0.9547113180160522,0.9489797353744507,0.9630448818206787,0.9578045606613159,0.9616893529891968,0.955367922782898,0.9607693552970886,0.9571527242660522,0.9707124829292297
125,0.9664907455444336,0.9676452279090881,0.9564761519432068,0.9487451910972595,0.9500048756599426,0.9424431920051575,0.9307947754859924,0.9203405380249023,0.9298539161682129,0.9170390367507935,0.8873099684715271,0.8992997407913208,0.8762166500091553,0.8917109966278076,0.876252293586731,0.9035585522651672,0.9160473346710205,0.927839994430542,0.9331228733062744,0.9430135488510132,0.9472811222076416,0.9619129300117493,0.9700523614883423,0.9803847074508667,0.9895015954971313,1.0,0.9906083345413208,0.9806798100471497,0.9524421691894531,0.9676927328109741,0.9670034646987915,0.9674668312072754,0.9565303325653076,0.9621495604515076,0.9715573787689209,0.9680472016334534,0.9487820863723755,0.9475728273391724,0.953559160232544,0.9482873678207397,0.9552873373031616,0.9596326351165771,0.9399826526641846,0.9518749713897705,0.9416412115097046,0.96052086353302,0.9576714038848877,0.9518203735351562,0.9541259407997131,0.9552956223487854,0.9608723521232605,0.9525156617164612,0.95795077085495,0.950549840927124,0.9450283646583557,0.9305838942527771,0.9393932819366455,0.9224739074707031,0.9453005790710449,0.9589296579360962,0.9484566450119019,0.9528347253799438,0.958646297454834,0.9573786854743958,0.9497717618942261,0.9616357088088989,0.9578489661216736,0.958825945854187,0.9528369307518005,0.9627891778945923,0.9610674381256104,0.9720797538757324
130,0.9753109216690063,0.9787757396697998,0.9694503545761108,0.9649538993835449,0.9652309417724609,0.955281138420105,0.9397358894348145,0.9265687465667725,0.9372694492340088,0.9274706244468689,0.8974027633666992,0.9092459678649902,0.8862773180007935,0.8972840905189514,0.883262038230896,0.9116976261138916,0.9275375604629517,0.9336581230163574,0.9345678091049194,0.9398281574249268,0.9456515908241272,0.9661730527877808,0.974008321762085,0.9824252128601074,0.9868007898330688,0.9906083345413208,1.0,0.9833179712295532,0.9569165706634521,0.9774895310401917,0.975067138671875,0.9742581844329834,0.9599432945251465,0.9641388058662415,0.9756088256835938,0.9710191488265991,0.9526721239089966,0.9486653208732605,0.957241415977478,0.9510520100593567,0.9582172632217407,0.9558875560760498,0.93752521276474,0.955078661441803,0.9442209005355835,0.9639410972595215,0.9619935154914856,0.954334557056427,0.9528505206108093,0.9524730443954468,0.9624361395835876,0.9532327055931091,0.9582405090332031,0.9566643238067627,0.9519361853599548,0.9380085468292236,0.9482311010360718,0.9310512542724609,0.9536219239234924,0.9680565595626831,0.9521137475967407,0.9586579203605652,0.9615498781204224,0.9601202011108398,0.9532488584518433,0.9673490524291992,0.9625377655029297,0.9655616283416748,0.9592890739440918,0.9682461619377136,0.969057559967041,0.9790880680084229
135,0.9577949047088623,0.9637043476104736,0.9457471370697021,0.9381183385848999,0.9459290504455566,0.9336721897125244,0.9140558242797852,0.9021479487419128,0.9160035252571106,0.9063278436660767,0.8843215703964233,0.887740433216095,0.8726749420166016,0.8883997201919556,0.8732966184616089,0.8922070264816284,0.9069654941558838,0.9063205718994141,0.9125216007232666,0.9318627119064331,0.9320999383926392,0.9520152807235718,0.9658857583999634,0.9752699136734009,0.977420449256897,0.9806798100471497,0.9833179712295532,1.0,0.9800457954406738,0.9828827977180481,0.9801974892616272,0.9778023958206177,0.9629662036895752,0.9626752138137817,0.974909782409668,0.9700219631195068,0.9475277662277222,0.9416362047195435,0.948299765586853,0.9380053281784058,0.9493879079818726,0.9500852227210999,0.9458226561546326,0.9568082094192505,0.9432088732719421,0.9569594860076904,0.9491105079650879,0.9367417097091675,0.9403315782546997,0.9430527687072754,0.9509999752044678,0.9547795057296753,0.9522149562835693,0.9484410881996155,0.9373643398284912,0.9197048544883728,0.932884693145752,0.9238923192024231,0.948509693145752,0.9649055004119873,0.9542462825775146,0.9602602124214172,0.9682595133781433,0.9725720882415771,0.9633126258850098,0.9665024280548096,0.956270694732666,0.9543225765228271,0.9404510855674744,0.9483702778816223,0.9443933963775635,0.9644924998283386
140,0.9274918437004089,0.940100371837616,0.9145455360412598,0.9038002490997314,0.925727367401123,0.9147210121154785,0.9040230512619019,0.8929191827774048,0.8987122178077698,0.8943532705307007,0.8786686658859253,0.869751513004303,0.8583734035491943,0.8782093524932861,0.8632786870002747,0.8696492910385132,0.8823246955871582,0.8786680698394775,0.8998769521713257,0.926888644695282,0.9177660942077637,0.939109206199646,0.955339789390564,0.9589451551437378,0.9515156745910645,0.9524421691894531,0.9569165706634521,0.9800457954406738,1.0,0.983641505241394,0.9799169898033142,0.97834712266922,0.9652962684631348,0.9563758969306946,0.964353084564209,0.9657259583473206,0.9473541975021362,0.9467064738273621,0.9498590230941772,0.9357410073280334,0.9397231340408325,0.9450440406799316,0.9540417194366455,0.9551266431808472,0.939240574836731,0.9454317092895508,0.9360039830207825,0.9158568978309631,0.9127916693687439,0.9134389758110046,0.9303267598152161,0.9520792961120605,0.9374758005142212,0.9313477873802185,0.908504068851471,0.8984095454216003,0.9160652160644531,0.9210349917411804,0.9390129446983337,0.9550517201423645,0.9556785821914673,0.9535079002380371,0.953045129776001,0.962639570236206,0.959404706954956,0.9459930658340454,0.9315786957740784,0.9258708953857422,0.9081749320030212,0.9090781211853027,0.9007875919342041,0.9327343106269836
