,0,5,10,15,20,25,30,35,40,45,50,55,60,65,70,75,80,85,90,95,100,105,110,115,120,125,130,135,140,145,150,155,160,165,170,175,180,185,190,195,200,205,210,215,220,225,230,235,240,245,250,255,260,265,270,275,280,285,290,295,300,305,310,315,320,325,330,335,340,345,350,355
0,1.0,0.996277928352356,0.991275429725647,0.9890484809875488,0.9904637336730957,0.9876850843429565,0.990446150302887,0.9815577268600464,0.9914429783821106,0.988731324672699,0.9845962524414062,0.9877834320068359,0.9881148338317871,0.989337682723999,0.988079845905304,0.9882193207740784,0.9855344891548157,0.9880411624908447,0.9845949411392212,0.9917381405830383,0.9898468255996704,0.9889612793922424,0.9868857860565186,0.9841293096542358,0.991769015789032,0.985651433467865,0.9925415515899658,0.992033839225769,0.9891966581344604,0.9926443696022034,0.9921185970306396,0.9925389289855957,0.9874246716499329,0.9842029213905334,0.9867154359817505,0.9818978309631348,0.9861526489257812,0.9891277551651001,0.9912222623825073,0.993109405040741,0.9889609217643738,0.9918473958969116,0.9905080795288086,0.9906834959983826,0.9910750985145569,0.9916098117828369,0.9900456666946411,0.9889400005340576,0.9916245937347412,0.9910028576850891,0.98856520652771,0.9892899394035339,0.987438440322876,0.9912551045417786,0.9839684963226318,0.9878062009811401,0.9792964458465576,0.9871336221694946,0.9793413877487183,0.9865933656692505,0.9896551370620728,0.9886413812637329,0.9750297665596008,0.9915505051612854,0.9890346527099609,0.9882806539535522,0.985572874546051,0.9873021841049194,0.9940255284309387,0.9916577935218811,0.9941604137420654,0.9958241581916809
5,0.996277928352356,1.0,0.9934539794921875,0.987289309501648,0.9896289110183716,0.9854235053062439,0.988507866859436,0.9791482090950012,0.9904614686965942,0.9878689646720886,0.9814592003822327,0.9855841994285583,0.9879510402679443,0.9877007007598877,0.9838379621505737,0.9856048822402954,0.981929361820221,0.9837877154350281,0.9811381101608276,0.9897663593292236,0.9865608811378479,0.9849492311477661,0.985471248626709,0.9844099879264832,0.9908686876296997,0.9821653366088867,0.9909579753875732,0.9902480840682983,0.9892880320549011,0.9880142211914062,0.9881978631019592,0.9903941750526428,0.9870644807815552,0.9811654090881348,0.9863746166229248,0.9802258610725403,0.9847396612167358,0.9867140650749207,0.9901654720306396,0.9913354516029358,0.989160418510437,0.9921918511390686,0.99267578125,0.9898332953453064,0.9890831112861633,0.9897904396057129,0.9906729459762573,0.9881070852279663,0.9902781844139099,0.9909650683403015,0.989316463470459,0.9896223545074463,0.9877480864524841,0.9906561374664307,0.9839334487915039,0.9872971177101135,0.9807838201522827,0.9873564839363098,0.979214072227478,0.9842675924301147,0.9901256561279297,0.9876031875610352,0.9730973839759827,0.990670919418335,0.9892353415489197,0.9854540824890137,0.9819667935371399,0.9849057793617249,0.9919579029083252,0.9884663224220276,0.9904656410217285,0.9933091998100281
10,0.991275429725647,0.9934539794921875,1.0000001192092896,0.9930341243743896,0.9929019212722778,0.9896743297576904,0.9911134839057922,0.987861156463623,0.9919573068618774,0.9868363738059998,0.9842426776885986,0.9868228435516357,0.988897979259491,0.9849381446838379,0.9806716442108154,0.9830342531204224,0.9799435138702393,0.9840658903121948,0.985615074634552,0.9862861633300781,0.985704779624939,0.9832072257995605,0.982050895690918,0.9733267426490784,0.989599347114563,0.9793544411659241,0.9886740446090698,0.9904008507728577,0.9870842695236206,0.9890521764755249,0.9875615239143372,0.990596354007721,0.9916713237762451,0.9879659414291382,0.989978551864624,0.9862668514251709,0.9871549606323242,0.989330530166626,0.9907745718955994,0.9898315072059631,0.9902053475379944,0.9890733361244202,0.9835445284843445,0.9804424047470093,0.9864528179168701,0.985902726650238,0.987220287322998,0.9877434372901917,0.9857820868492126,0.9909079670906067,0.9902355670928955,0.9894338250160217,0.9919037818908691,0.9902135729789734,0.9895117878913879,0.9876705408096313,0.9843685030937195,0.9880753755569458,0.9872668981552124,0.9894472360610962,0.9893905520439148,0.990171492099762,0.9842953681945801,0.9861118793487549,0.987270712852478,0.9851179122924805,0.9843221306800842,0.9826539754867554,0.988319993019104,0.9888351559638977,0.9885461330413818,0.986665666103363
15,0.9890484809875488,0.987289309501648,0.9930341243743896,0.9999998807907104,0.9962157607078552,0.993963360786438,0.9930211901664734,0.9933984875679016,0.9900802969932556,0.9888363480567932,0.9881567358970642,0.9881161451339722,0.9884020686149597,0.9855412840843201,0.9836905002593994,0.9822177886962891,0.9797109365463257,0.9838507175445557,0.9876161217689514,0.9833375215530396,0.9862726330757141,0.9852660298347473,0.9795454740524292,0.9675533175468445,0.9843950271606445,0.977157711982727,0.9851080775260925,0.9849620461463928,0.9768604040145874,0.9908258318901062,0.9878590703010559,0.9915032386779785,0.988385796546936,0.9926853775978088,0.9888620376586914,0.9860512018203735,0.986695408821106,0.99028080701828,0.9871199727058411,0.9901089668273926,0.9852380156517029,0.9847722053527832,0.9778966307640076,0.9788745641708374,0.9873428344726562,0.9834853410720825,0.9831362366676331,0.9861612319946289,0.9826875925064087,0.9856550693511963,0.9801948666572571,0.9836276173591614,0.9885656833648682,0.9872958064079285,0.9819045662879944,0.9838409423828125,0.9763306975364685,0.98308926820755,0.9827447533607483,0.9889785051345825,0.9868350625038147,0.988328754901886,0.9821938276290894,0.9841833114624023,0.9809865951538086,0.9828805923461914,0.9850066900253296,0.9825803637504578,0.9832202792167664,0.9864791035652161,0.9868130683898926,0.9843855500221252
20,0.9904637336730957,0.9896289110183716,0.9929019212722778,0.9962157607078552,1.0,0.9972641468048096,0.9956371188163757,0.9925421476364136,0.9934365153312683,0.9922682642936707,0.990517795085907,0.9890033006668091,0.9901486039161682,0.9870527982711792,0.9827234745025635,0.9800006747245789,0.9800171852111816,0.9840351343154907,0.9851064682006836,0.9832528829574585,0.9867580533027649,0.983940839767456,0.9775267839431763,0.9670830965042114,0.9834300875663757,0.9735199809074402,0.9845677018165588,0.9837709665298462,0.9793031215667725,0.990088701248169,0.9883070588111877,0.9925241470336914,0.9896900653839111,0.9929900169372559,0.9913123250007629,0.9909809827804565,0.992356538772583,0.9921402335166931,0.9879852533340454,0.9933518171310425,0.9891944527626038,0.9872907996177673,0.9801716804504395,0.9804219007492065,0.9891149997711182,0.9842369556427002,0.9860842227935791,0.9875097870826721,0.9840835332870483,0.9861263632774353,0.9822039008140564,0.9882366061210632,0.9910371899604797,0.9885376691818237,0.9812648296356201,0.9874868392944336,0.980711042881012,0.9889095425605774,0.9869047403335571,0.9904299974441528,0.990330696105957,0.9913129806518555,0.9839405417442322,0.9889588952064514,0.9863008856773376,0.9873909950256348,0.9867141842842102,0.9866951704025269,0.9867206811904907,0.9886807203292847,0.985876202583313,0.9870425462722778
25,0.9876850843429565,0.9854235053062439,0.9896743297576904,0.993963360786438,0.9972641468048096,1.0000001192092896,0.9959353804588318,0.992247998714447,0.9915339946746826,0.9916028380393982,0.9900588989257812,0.9870377779006958,0.9867620468139648,0.9836292862892151,0.9780123829841614,0.9739108085632324,0.9750374555587769,0.9797282814979553,0.9810667634010315,0.9771928191184998,0.9822478294372559,0.9794604778289795,0.9719653725624084,0.9598875641822815,0.9788734912872314,0.9685161113739014,0.9807568192481995,0.9797576069831848,0.9767925143241882,0.9867105484008789,0.9841211438179016,0.9898555278778076,0.987411379814148,0.9917913675308228,0.9905417561531067,0.9913239479064941,0.9912818670272827,0.989797830581665,0.9845950603485107,0.9911366701126099,0.9876888990402222,0.9846647381782532,0.9760425090789795,0.9764200448989868,0.9864689707756042,0.980192244052887,0.9835424423217773,0.9842848181724548,0.9792873859405518,0.9816176891326904,0.9786611199378967,0.9852632880210876,0.9889094233512878,0.9849799275398254,0.9793486595153809,0.9851557612419128,0.9776032567024231,0.987562358379364,0.9869988560676575,0.9876203536987305,0.987231433391571,0.9904935956001282,0.9851729869842529,0.9872196316719055,0.9856063723564148,0.9869731664657593,0.9872603416442871,0.9867048859596252,0.9852341413497925,0.9881067872047424,0.9840490818023682,0.985161542892456
30,0.990446150302887,0.988507866859436,0.9911134839057922,0.9930211901664734,0.9956371188163757,0.9959353804588318,1.0000001192092896,0.9934465289115906,0.9946801662445068,0.9934119582176208,0.988781213760376,0.9885306358337402,0.9886874556541443,0.98663330078125,0.9847466349601746,0.9818127751350403,0.9807167649269104,0.9856099486351013,0.9850270748138428,0.9837412238121033,0.988086998462677,0.9839673042297363,0.9789406061172485,0.9688402414321899,0.9824719429016113,0.9733588099479675,0.9851257801055908,0.983521580696106,0.9808697700500488,0.9899011850357056,0.9885588884353638,0.9921395182609558,0.9905460476875305,0.9930729269981384,0.9916937351226807,0.9891542196273804,0.9920895099639893,0.9917417764663696,0.9897365570068359,0.9939766526222229,0.9897588491439819,0.98979651927948,0.9831897020339966,0.9828869104385376,0.9879840612411499,0.9850088357925415,0.986233115196228,0.9873437881469727,0.9869616031646729,0.9867565631866455,0.9823971390724182,0.9876545667648315,0.9914036989212036,0.9907503128051758,0.9829770922660828,0.9892781972885132,0.9825990200042725,0.9898436069488525,0.9866868853569031,0.9898199439048767,0.9903448820114136,0.9897656440734863,0.9818285703659058,0.9899097681045532,0.98674076795578,0.9875346422195435,0.9875539541244507,0.9853424429893494,0.9875673055648804,0.98846834897995,0.9887540340423584,0.9886468052864075
35,0.9815577268600464,0.9791482090950012,0.987861156463623,0.9933984875679016,0.9925421476364136,0.992247998714447,0.9934465289115906,0.9999999403953552,0.9909661412239075,0.9869617819786072,0.9865866899490356,0.9852235913276672,0.9843687415122986,0.9807118773460388,0.978626012802124,0.9768948554992676,0.9743313193321228,0.9821677207946777,0.9854820966720581,0.9764617085456848,0.9821251630783081,0.9785304665565491,0.9712653160095215,0.9564335942268372,0.9762105941772461,0.9659532308578491,0.9771990776062012,0.9801368117332458,0.9724419116973877,0.987392783164978,0.9838108420372009,0.9887806177139282,0.9879110455513,0.9939045906066895,0.9900127053260803,0.9878734350204468,0.9870632290840149,0.9882874488830566,0.9843132495880127,0.9863016605377197,0.9835169315338135,0.9814830422401428,0.970046877861023,0.9706050157546997,0.9844781160354614,0.9800175428390503,0.9796022176742554,0.9841508865356445,0.9785414338111877,0.982733964920044,0.9770232439041138,0.9816853404045105,0.9902170896530151,0.9869949817657471,0.9817239046096802,0.9839643239974976,0.9800878167152405,0.9857016205787659,0.9883583784103394,0.9912476539611816,0.9861788749694824,0.987289547920227,0.9872723817825317,0.9810859560966492,0.9801544547080994,0.9810779094696045,0.9867756366729736,0.9789589047431946,0.979516327381134,0.9839734435081482,0.9832495450973511,0.9760401248931885
40,0.9914429783821106,0.9904614686965942,0.9919573068618774,0.9900802969932556,0.9934365153312683,0.9915339946746826,0.9946801662445068,0.9909661412239075,0.9999998211860657,0.9947624206542969,0.9926226735115051,0.9933700561523438,0.9943237900733948,0.9923454523086548,0.987866997718811,0.9865148067474365,0.9877855181694031,0.9901952743530273,0.9862377643585205,0.9868013858795166,0.9902240037918091,0.9865836501121521,0.9827257990837097,0.9735596776008606,0.985920786857605,0.9767870306968689,0.9880013465881348,0.9884027242660522,0.9853518605232239,0.9917216300964355,0.9921025037765503,0.993334174156189,0.9900395274162292,0.9907814264297485,0.9906417727470398,0.9904695749282837,0.9936989545822144,0.992924690246582,0.9907388687133789,0.9940977692604065,0.9915857315063477,0.9896587133407593,0.9823159575462341,0.9829251766204834,0.9905973672866821,0.9878944158554077,0.9899592399597168,0.9901542663574219,0.9881312847137451,0.9903819561004639,0.9887534379959106,0.993923008441925,0.9927816390991211,0.9918704628944397,0.9852762222290039,0.9906716346740723,0.9846662282943726,0.9930945038795471,0.9891730546951294,0.9905080199241638,0.9928206205368042,0.9933013916015625,0.9842437505722046,0.990841269493103,0.9906088709831238,0.988816499710083,0.9875345230102539,0.9853491187095642,0.9902198910713196,0.9904538989067078,0.9880610108375549,0.987621545791626
45,0.988731324672699,0.9878689646720886,0.9868363738059998,0.9888363480567932,0.9922682642936707,0.9916028380393982,0.9934119582176208,0.9869617819786072,0.9947624206542969,1.000000238418579,0.9927706718444824,0.9914258122444153,0.9935814738273621,0.9929805397987366,0.9872706532478333,0.9817807674407959,0.9859926700592041,0.9853208661079407,0.9816309809684753,0.9815665483474731,0.9870918393135071,0.9850739240646362,0.9807860851287842,0.972809910774231,0.9819022417068481,0.9746112823486328,0.9859468936920166,0.9813117980957031,0.9794356226921082,0.9892717599868774,0.9887089133262634,0.9900001287460327,0.9825770854949951,0.9877988696098328,0.9850386381149292,0.9848255515098572,0.9913890957832336,0.9912588596343994,0.9865367412567139,0.9948304891586304,0.9858169555664062,0.9864597916603088,0.9843745827674866,0.9863556027412415,0.9907320737838745,0.9861518144607544,0.9906532764434814,0.9889243841171265,0.9871113300323486,0.9854015111923218,0.9805817604064941,0.9897351264953613,0.9875757098197937,0.9863340854644775,0.9767261743545532,0.9867280125617981,0.9758785367012024,0.9875040650367737,0.9826165437698364,0.9848945140838623,0.9909746050834656,0.9914693236351013,0.9781923890113831,0.9917118549346924,0.9868496656417847,0.9878485798835754,0.9853394627571106,0.986443817615509,0.9879758358001709,0.987057089805603,0.9834873676300049,0.9880000948905945
50,0.9845962524414062,0.9814592003822327,0.9842426776885986,0.9881567358970642,0.990517795085907,0.9900588989257812,0.988781213760376,0.9865866899490356,0.9926226735115051,0.9927706718444824,1.0000001192092896,0.995496392250061,0.9924869537353516,0.989424467086792,0.9837936162948608,0.9796615839004517,0.9859838485717773,0.9834606051445007,0.9809615612030029,0.9782190918922424,0.9846937656402588,0.9827871918678284,0.9756763577461243,0.963873565196991,0.9788354635238647,0.9727206826210022,0.9818554520606995,0.9805243015289307,0.9754487872123718,0.9869507551193237,0.9862385988235474,0.9873912334442139,0.9814350008964539,0.9877654910087585,0.9842333197593689,0.9861670732498169,0.9900668859481812,0.9916960000991821,0.9850350022315979,0.9913685917854309,0.9874963164329529,0.982383668422699,0.9718266129493713,0.9759529829025269,0.9891391396522522,0.9816286563873291,0.9844440221786499,0.9861733317375183,0.9794417023658752,0.9829720258712769,0.9793140292167664,0.9869564175605774,0.9839575886726379,0.9821429252624512,0.9776082038879395,0.9806647300720215,0.9715344905853271,0.983876645565033,0.9825612306594849,0.9837397336959839,0.9846661686897278,0.9892231225967407,0.9821171760559082,0.9841004610061646,0.9841851592063904,0.984281063079834,0.9831743240356445,0.9832026362419128,0.98398357629776,0.9877933263778687,0.9821398258209229,0.9806160926818848
55,0.9877834320068359,0.9855841994285583,0.9868228435516357,0.9881161451339722,0.9890033006668091,0.9870377779006958,0.9885306358337402,0.9852235913276672,0.9933700561523438,0.9914258122444153,0.995496392250061,1.000000238418579,0.9964195489883423,0.9945948123931885,0.990382730960846,0.9883114099502563,0.9918009042739868,0.98934406042099,0.9854412078857422,0.9849538803100586,0.9892396330833435,0.9877852201461792,0.9832309484481812,0.9733270406723022,0.9847385883331299,0.9801644086837769,0.9864750504493713,0.9858987927436829,0.9813941121101379,0.9898320436477661,0.9889405965805054,0.9904043674468994,0.985279381275177,0.9883458614349365,0.9854729771614075,0.9837448596954346,0.9893071055412292,0.9924151301383972,0.9892849922180176,0.9914559721946716,0.9890254139900208,0.9864969849586487,0.9786036014556885,0.9816904067993164,0.9909100532531738,0.98520427942276,0.9872514605522156,0.9892093539237976,0.9853759407997131,0.9894925355911255,0.9858945608139038,0.9889092445373535,0.9861629605293274,0.9854460954666138,0.9808445572853088,0.9826093316078186,0.9754210710525513,0.9861754179000854,0.9827329516410828,0.9851869344711304,0.9882715940475464,0.9892493486404419,0.9806378483772278,0.9862698316574097,0.9865044355392456,0.9853977560997009,0.9839013814926147,0.9833892583847046,0.9870601296424866,0.9879351854324341,0.9855802655220032,0.9849347472190857
60,0.9881148338317871,0.9879510402679443,0.988897979259491,0.9884020686149597,0.9901486039161682,0.9867620468139648,0.9886874556541443,0.9843687415122986,0.9943237900733948,0.9935814738273621,0.9924869537353516,0.9964195489883423,0.9999998807907104,0.9963409900665283,0.9905995726585388,0.9887217283248901,0.9912757277488708,0.9889086484909058,0.9861452579498291,0.9860448837280273,0.9889096617698669,0.9884463548660278,0.9843941926956177,0.9758549332618713,0.9865888953208923,0.9805300235748291,0.9877831935882568,0.9862936735153198,0.983339786529541,0.9900106191635132,0.9900649785995483,0.9900059700012207,0.9851994514465332,0.9867902398109436,0.9848498702049255,0.9846177101135254,0.9892671704292297,0.991808295249939,0.9885414242744446,0.9916993379592896,0.9873360991477966,0.9857723116874695,0.9809814095497131,0.9835723042488098,0.9901943802833557,0.9863538146018982,0.9900243878364563,0.989599347114563,0.9862050414085388,0.9889401793479919,0.9866101741790771,0.9911009073257446,0.987750232219696,0.9858335256576538,0.9798704385757446,0.9859135746955872,0.9776520133018494,0.9872292280197144,0.9834406971931458,0.9851096868515015,0.9908684492111206,0.9915823936462402,0.9805750250816345,0.9885916709899902,0.9873780608177185,0.9868268966674805,0.9825544357299805,0.9828120470046997,0.9875587224960327,0.9871277213096619,0.9838871359825134,0.9855043292045593
65,0.989337682723999,0.9877007007598877,0.9849381446838379,0.9855412840843201,0.9870527982711792,0.9836292862892151,0.98663330078125,0.9807118773460388,0.9923454523086548,0.9929805397987366,0.989424467086792,0.9945948123931885,0.9963409900665283,1.0000001192092896,0.9953588247299194,0.9919303059577942,0.9930998086929321,0.990925669670105,0.9846453666687012,0.9869142770767212,0.989244282245636,0.9896565079689026,0.9871194958686829,0.9813699722290039,0.9867538809776306,0.9833002090454102,0.9892008900642395,0.986380934715271,0.9837436079978943,0.9911245107650757,0.9908111691474915,0.9899975061416626,0.9806505441665649,0.9837557077407837,0.9821920990943909,0.9790037870407104,0.9866657257080078,0.9902561902999878,0.9883447885513306,0.9920720458030701,0.9840350151062012,0.9848035573959351,0.9835652112960815,0.9869855642318726,0.9908937215805054,0.9876397252082825,0.9891824126243591,0.9897397756576538,0.9891394376754761,0.989378035068512,0.9851024150848389,0.9894801378250122,0.9842182993888855,0.9852962493896484,0.9751999974250793,0.9819149374961853,0.9721441268920898,0.9834787845611572,0.9772315621376038,0.9822355508804321,0.9892152547836304,0.9881618022918701,0.9734812378883362,0.9883120059967041,0.9853435158729553,0.9850025177001953,0.9834233522415161,0.9828822612762451,0.9879347085952759,0.9851127862930298,0.9847475290298462,0.9876189231872559
70,0.988079845905304,0.9838379621505737,0.9806716442108154,0.9836905002593994,0.9827234745025635,0.9780123829841614,0.9847466349601746,0.978626012802124,0.987866997718811,0.9872706532478333,0.9837936162948608,0.990382730960846,0.9905995726585388,0.9953588247299194,1.0000001192092896,0.9955775737762451,0.9932599067687988,0.992779552936554,0.986705482006073,0.9885532259941101,0.9899293184280396,0.9903120398521423,0.9881729483604431,0.9826153516769409,0.9845119714736938,0.9838258028030396,0.9868021011352539,0.9841756224632263,0.9794036746025085,0.9909199476242065,0.9912315607070923,0.9882595539093018,0.9792234301567078,0.981712281703949,0.9785257577896118,0.9719399809837341,0.9813499450683594,0.988335371017456,0.9887889623641968,0.9895948171615601,0.9787093997001648,0.9821809530258179,0.9826781153678894,0.9869464635848999,0.9869946241378784,0.9865260720252991,0.9833512902259827,0.986396074295044,0.9907384514808655,0.9879369735717773,0.9808070659637451,0.9824997782707214,0.9808108806610107,0.984862744808197,0.972589373588562,0.9788111448287964,0.969476044178009,0.9770846962928772,0.9691606163978577,0.9808613061904907,0.9848835468292236,0.981782853603363,0.9663894176483154,0.9852261543273926,0.9788395166397095,0.9807307720184326,0.9796169996261597,0.9762178063392639,0.9834529161453247,0.9806392192840576,0.9859309196472168,0.9865679740905762
75,0.9882193207740784,0.9856048822402954,0.9830342531204224,0.9822177886962891,0.9800006747245789,0.9739108085632324,0.9818127751350403,0.9768948554992676,0.9865148067474365,0.9817807674407959,0.9796615839004517,0.9883114099502563,0.9887217283248901,0.9919303059577942,0.9955775737762451,0.9999998807907104,0.9938927888870239,0.9936058521270752,0.9888108968734741,0.9923359155654907,0.9904957413673401,0.9906212687492371,0.990781307220459,0.9863563776016235,0.9884963035583496,0.9880720973014832,0.9879913926124573,0.9879574775695801,0.9818429350852966,0.9888536930084229,0.9891968369483948,0.9856317639350891,0.9799141883850098,0.9790961146354675,0.9774958491325378,0.9708688259124756,0.9773975014686584,0.9856441617012024,0.9888401627540588,0.9863351583480835,0.979035496711731,0.983420193195343,0.9832559823989868,0.9855201244354248,0.9870680570602417,0.9886424541473389,0.9839643239974976,0.9870335459709167,0.9915093779563904,0.9915293455123901,0.9859054684638977,0.9837664365768433,0.9819483160972595,0.9879034757614136,0.9783090353012085,0.9794798493385315,0.9729090929031372,0.9772405624389648,0.9703940153121948,0.9813944697380066,0.9833745360374451,0.9792006015777588,0.9652864933013916,0.9808480143547058,0.9774313569068909,0.9767148494720459,0.976919949054718,0.9723028540611267,0.9826806783676147,0.9805372357368469,0.9880371689796448,0.9836167693138123
80,0.9855344891548157,0.981929361820221,0.9799435138702393,0.9797109365463257,0.9800171852111816,0.9750374555587769,0.9807167649269104,0.9743313193321228,0.9877855181694031,0.9859926700592041,0.9859838485717773,0.9918009042739868,0.9912757277488708,0.9930998086929321,0.9932599067687988,0.9938927888870239,0.9999998211860657,0.993890643119812,0.9872965812683105,0.9893671274185181,0.9905849695205688,0.9892836809158325,0.9876082539558411,0.9811598062515259,0.9842954874038696,0.9858260154724121,0.9874091148376465,0.9848020076751709,0.9785581827163696,0.9882225394248962,0.9900187253952026,0.9848518967628479,0.9761144518852234,0.9793481826782227,0.9744440913200378,0.9721171855926514,0.9817039370536804,0.9870467782020569,0.9851471781730652,0.9884907007217407,0.980161190032959,0.9811261892318726,0.9796044230461121,0.9835599064826965,0.9889406561851501,0.985918402671814,0.9858691096305847,0.988216757774353,0.9894483685493469,0.989138662815094,0.983866810798645,0.9857252836227417,0.9793676733970642,0.9835725426673889,0.9742780923843384,0.9778526425361633,0.9683650732040405,0.9771313071250916,0.9704663753509521,0.9784387946128845,0.9813500046730042,0.9805410504341125,0.9655179381370544,0.9820067882537842,0.977978527545929,0.9787584543228149,0.9765439629554749,0.9756423234939575,0.983041524887085,0.9813743829727173,0.9821803569793701,0.981904149055481
85,0.9880411624908447,0.9837877154350281,0.9840658903121948,0.9838507175445557,0.9840351343154907,0.9797282814979553,0.9856099486351013,0.9821677207946777,0.9901952743530273,0.9853208661079407,0.9834606051445007,0.98934406042099,0.9889086484909058,0.990925669670105,0.992779552936554,0.9936058521270752,0.993890643119812,1.0000004768371582,0.9939976334571838,0.9927870035171509,0.9934470653533936,0.9911016821861267,0.9884891510009766,0.9797041416168213,0.9860963821411133,0.9841880798339844,0.988437294960022,0.9888865947723389,0.9826011061668396,0.9929817318916321,0.9944460988044739,0.9905116558074951,0.9846059083938599,0.9866766333580017,0.9831984043121338,0.9792449474334717,0.985785722732544,0.9886460304260254,0.9887894988059998,0.9890912175178528,0.9820912480354309,0.9837896823883057,0.9800314903259277,0.9812405109405518,0.987292468547821,0.9873496890068054,0.9845612645149231,0.9885605573654175,0.9907631278038025,0.9908186197280884,0.986940860748291,0.9868326783180237,0.9862720370292664,0.989138662815094,0.9800238609313965,0.9840171337127686,0.9771008491516113,0.9825658798217773,0.978140115737915,0.9871240258216858,0.9859341382980347,0.9844098687171936,0.9741970300674438,0.9854191541671753,0.9819660186767578,0.9821294546127319,0.9842690825462341,0.978818416595459,0.9852696061134338,0.9846990704536438,0.9871166348457336,0.9845120906829834
90,0.9845949411392212,0.9811381101608276,0.985615074634552,0.9876161217689514,0.9851064682006836,0.9810667634010315,0.9850270748138428,0.9854820966720581,0.9862377643585205,0.9816309809684753,0.9809615612030029,0.9854412078857422,0.9861452579498291,0.9846453666687012,0.986705482006073,0.9888108968734741,0.9872965812683105,0.9939976334571838,1.0000001192092896,0.9907113313674927,0.9896411895751953,0.9877713322639465,0.9843807816505432,0.9747152924537659,0.9849832653999329,0.9820013642311096,0.9853315353393555,0.9873348474502563,0.978378415107727,0.9911804795265198,0.9907675385475159,0.988220751285553,0.9852447509765625,0.9868298768997192,0.9812997579574585,0.978147029876709,0.9805344343185425,0.9851651191711426,0.9842002987861633,0.9850971102714539,0.9804297685623169,0.9830242991447449,0.9766770601272583,0.9751779437065125,0.9849950671195984,0.9838622808456421,0.9818236231803894,0.9864022731781006,0.9876441359519958,0.9881341457366943,0.9843456149101257,0.9831900000572205,0.9870899319648743,0.9867287278175354,0.981483519077301,0.9833033084869385,0.9783490300178528,0.9791205525398254,0.9783658385276794,0.9877709150314331,0.9826632142066956,0.9820142388343811,0.9765427112579346,0.9818087816238403,0.9786331653594971,0.9808275699615479,0.9841227531433105,0.9792156219482422,0.9821529388427734,0.9842588305473328,0.9862716794013977,0.9799993634223938
95,0.9917381405830383,0.9897663593292236,0.9862861633300781,0.9833375215530396,0.9832528829574585,0.9771928191184998,0.9837412238121033,0.9764617085456848,0.9868013858795166,0.9815665483474731,0.9782190918922424,0.9849538803100586,0.9860448837280273,0.9869142770767212,0.9885532259941101,0.9923359155654907,0.9893671274185181,0.9927870035171509,0.9907113313674927,1.0000001192092896,0.9952202439308167,0.9941763877868652,0.9940328001976013,0.9901795387268066,0.99305260181427,0.9910071492195129,0.9929307103157043,0.9912777543067932,0.9858734607696533,0.9904459118843079,0.9917055368423462,0.9876537322998047,0.983425498008728,0.980900228023529,0.9819499254226685,0.9757184982299805,0.9815109372138977,0.9858633279800415,0.9891689419746399,0.9883518218994141,0.983381986618042,0.9875906705856323,0.9873709082603455,0.9866575002670288,0.9866175055503845,0.9904741644859314,0.9856624603271484,0.9873545169830322,0.9930424690246582,0.9920763373374939,0.9886749982833862,0.9874714612960815,0.9857001900672913,0.9914209246635437,0.9825838804244995,0.9847366809844971,0.9772739410400391,0.9815343022346497,0.9729970693588257,0.9833961725234985,0.9847747087478638,0.9812914729118347,0.9674186706542969,0.9848910570144653,0.9803568124771118,0.9785584211349487,0.9781314730644226,0.9772268533706665,0.9865564703941345,0.9833474159240723,0.9888466596603394,0.9872649312019348
100,0.9898468255996704,0.9865608811378479,0.985704779624939,0.9862726330757141,0.9867580533027649,0.9822478294372559,0.988086998462677,0.9821251630783081,0.9902240037918091,0.9870918393135071,0.9846937656402588,0.9892396330833435,0.9889096617698669,0.989244282245636,0.9899293184280396,0.9904957413673401,0.9905849695205688,0.9934470653533936,0.9896411895751953,0.9952202439308167,1.000000238418579,0.9962939023971558,0.993937075138092,0.9853881597518921,0.9899924993515015,0.9874937534332275,0.9914095401763916,0.988519012928009,0.9826048612594604,0.9919264316558838,0.9930074214935303,0.9899799227714539,0.9849323034286499,0.9883245229721069,0.9858803749084473,0.9809885025024414,0.9880711436271667,0.99098801612854,0.9908373355865479,0.991468071937561,0.9835155010223389,0.9861724972724915,0.9837645292282104,0.9848495721817017,0.987788200378418,0.9875633716583252,0.9848654866218567,0.9874123334884644,0.9908886551856995,0.9905508756637573,0.9847802519798279,0.987625002861023,0.9869346618652344,0.990719199180603,0.9802178740501404,0.984306275844574,0.976430356502533,0.9843512773513794,0.9777217507362366,0.9863722920417786,0.9881564974784851,0.9850735068321228,0.9720877408981323,0.9856288433074951,0.9811638593673706,0.9798080325126648,0.9809062480926514,0.977983295917511,0.9854726791381836,0.9831264019012451,0.9863452911376953,0.9866565465927124
105,0.9889612793922424,0.9849492311477661,0.9832072257995605,0.9852660298347473,0.983940839767456,0.9794604778289795,0.9839673042297363,0.9785304665565491,0.9865836501121521,0.9850739240646362,0.9827871918678284,0.9877852201461792,0.9884463548660278,0.9896565079689026,0.9903120398521423,0.9906212687492371,0.9892836809158325,0.9911016821861267,0.9877713322639465,0.9941763877868652,0.9962939023971558,1.000000238418579,0.995210587978363,0.9862111806869507,0.9915094375610352,0.9902443885803223,0.9912407398223877,0.9877005815505981,0.9832256436347961,0.991595447063446,0.9915297031402588,0.9876231551170349,0.9808050394058228,0.9837606549263,0.9822668433189392,0.9784010648727417,0.9841960668563843,0.9894464612007141,0.9896910190582275,0.9887725710868835,0.9795741438865662,0.9815571308135986,0.9807478189468384,0.984169065952301,0.985991358757019,0.987205445766449,0.9838051795959473,0.9867350459098816,0.9889608025550842,0.988182008266449,0.9831466674804688,0.9852703809738159,0.9839507937431335,0.9879818558692932,0.9773112535476685,0.9824872016906738,0.9720821976661682,0.9808112382888794,0.9740368723869324,0.9828540682792664,0.9864410161972046,0.9843644499778748,0.9702839851379395,0.9833547472953796,0.9786868691444397,0.9786398410797119,0.9793621897697449,0.9763921499252319,0.9849931001663208,0.9826352596282959,0.9860014915466309,0.9852921962738037
110,0.9868857860565186,0.985471248626709,0.982050895690918,0.9795454740524292,0.9775267839431763,0.9719653725624084,0.9789406061172485,0.9712653160095215,0.9827257990837097,0.9807860851287842,0.9756763577461243,0.9832309484481812,0.9843941926956177,0.9871194958686829,0.9881729483604431,0.990781307220459,0.9876082539558411,0.9884891510009766,0.9843807816505432,0.9940328001976013,0.993937075138092,0.995210587978363,0.9999998807907104,0.9927793145179749,0.9930571913719177,0.9923457503318787,0.9924205541610718,0.9881417751312256,0.9829683899879456,0.9875580668449402,0.9880488514900208,0.9830821752548218,0.9765352010726929,0.9772111177444458,0.9776485562324524,0.9705361723899841,0.9782091379165649,0.9836299419403076,0.9866714477539062,0.9852548837661743,0.9768509268760681,0.9817104935646057,0.9846868515014648,0.9848164319992065,0.9820289015769958,0.9855487942695618,0.9815493822097778,0.9836557507514954,0.9895622730255127,0.988893449306488,0.9846044778823853,0.984397292137146,0.9808695912361145,0.9869049191474915,0.976262092590332,0.9788368940353394,0.9698475003242493,0.9769293069839478,0.9673334360122681,0.9778211712837219,0.9826892018318176,0.9782371520996094,0.9620778560638428,0.9799309372901917,0.9751437306404114,0.9718601703643799,0.9735504388809204,0.9714314341545105,0.9816780090332031,0.977368950843811,0.983633816242218,0.9840215444564819
115,0.9841293096542358,0.9844099879264832,0.9733267426490784,0.9675533175468445,0.9670830965042114,0.9598875641822815,0.9688402414321899,0.9564335942268372,0.9735596776008606,0.972809910774231,0.963873565196991,0.9733270406723022,0.9758549332618713,0.9813699722290039,0.9826153516769409,0.9863563776016235,0.9811598062515259,0.9797041416168213,0.9747152924537659,0.9901795387268066,0.9853881597518921,0.9862111806869507,0.9927793145179749,0.9999999403953552,0.9905366897583008,0.9909436702728271,0.9887350797653198,0.9827622175216675,0.9804762005805969,0.9796278476715088,0.9816650152206421,0.9757213592529297,0.9679198861122131,0.9633960127830505,0.9680448174476624,0.9560952186584473,0.9661130905151367,0.9735921025276184,0.9801220297813416,0.97868812084198,0.9700848460197449,0.9790515899658203,0.9871089458465576,0.9850879907608032,0.9767235517501831,0.9819864630699158,0.9777972102165222,0.9759144186973572,0.9865144491195679,0.9831898212432861,0.9776909947395325,0.9759523868560791,0.9690142869949341,0.9791757464408875,0.9675403237342834,0.9695810079574585,0.9602082967758179,0.9671601057052612,0.9530962705612183,0.9667481184005737,0.9755317568778992,0.9685884118080139,0.9469273090362549,0.9772636890411377,0.9713523387908936,0.9664795398712158,0.9635604023933411,0.9649685621261597,0.9788112044334412,0.9698238372802734,0.9785987734794617,0.982672929763794
120,0.991769015789032,0.9908686876296997,0.989599347114563,0.9843950271606445,0.9834300875663757,0.9788734912872314,0.9824719429016113,0.9762105941772461,0.985920786857605,0.9819022417068481,0.9788354635238647,0.9847385883331299,0.9865888953208923,0.9867538809776306,0.9845119714736938,0.9884963035583496,0.9842954874038696,0.9860963821411133,0.9849832653999329,0.99305260181427,0.9899924993515015,0.9915094375610352,0.9930571913719177,0.9905366897583008,0.9999998807907104,0.9946464896202087,0.9955328702926636,0.9941263794898987,0.9914100170135498,0.9903368353843689,0.9890298843383789,0.9870020151138306,0.9840601682662964,0.980137288570404,0.9843732714653015,0.9775428771972656,0.9812386631965637,0.9870750904083252,0.990598201751709,0.9871275424957275,0.9848055243492126,0.9864916801452637,0.9861401915550232,0.9843612909317017,0.9855670928955078,0.9881601333618164,0.9858253002166748,0.9855908751487732,0.9882515072822571,0.9912598729133606,0.9896373152732849,0.9871662259101868,0.9843409061431885,0.9880554676055908,0.9827414751052856,0.9822795987129211,0.9758890867233276,0.9819560647010803,0.9761878252029419,0.9840962886810303,0.9872004985809326,0.9856098890304565,0.9742996692657471,0.9852932095527649,0.9845343828201294,0.9818726181983948,0.9804367423057556,0.9793479442596436,0.9895399212837219,0.9859896898269653,0.9894760251045227,0.9878580570220947
125,0.985651433467865,0.9821653366088867,0.9793544411659241,0.977157711982727,0.9735199809074402,0.9685161113739014,0.9733588099479675,0.9659532308578491,0.9767870306968689,0.9746112823486328,0.9727206826210022,0.9801644086837769,0.9805300235748291,0.9833002090454102,0.9838258028030396,0.9880720973014832,0.9858260154724121,0.9841880798339844,0.9820013642311096,0.9910071492195129,0.9874937534332275,0.9902443885803223,0.9923457503318787,0.9909436702728271,0.9946464896202087,1.0000001192092896,0.9927435517311096,0.9888150691986084,0.9830398559570312,0.9860681295394897,0.9859165549278259,0.9805545210838318,0.9738231301307678,0.9728705286979675,0.9738816618919373,0.9657109379768372,0.9719244837760925,0.9810704588890076,0.9835819005966187,0.9815670847892761,0.9743005037307739,0.9777912497520447,0.979422926902771,0.9803052544593811,0.9809784293174744,0.9843467473983765,0.979502260684967,0.9811834692955017,0.9853525757789612,0.9866877198219299,0.9816164374351501,0.9787108302116394,0.9734401702880859,0.9815734028816223,0.9738900661468506,0.9710543155670166,0.9609158635139465,0.9690091013908386,0.9621078372001648,0.974092960357666,0.9764847755432129,0.974198043346405,0.959277868270874,0.9758458137512207,0.9721609354019165,0.9713091254234314,0.9709402322769165,0.9690316319465637,0.9808928966522217,0.976068377494812,0.9828469157218933,0.9812026619911194
130,0.9925415515899658,0.9909579753875732,0.9886740446090698,0.9851080775260925,0.9845677018165588,0.9807568192481995,0.9851257801055908,0.9771990776062012,0.9880013465881348,0.9859468936920166,0.9818554520606995,0.9864750504493713,0.9877831935882568,0.9892008900642395,0.9868021011352539,0.9879913926124573,0.9874091148376465,0.988437294960022,0.9853315353393555,0.9929307103157043,0.9914095401763916,0.9912407398223877,0.9924205541610718,0.9887350797653198,0.9955328702926636,0.9927435517311096,0.9999998807907104,0.9947951436042786,0.9909164905548096,0.9934539198875427,0.9925270080566406,0.9903316497802734,0.9835582375526428,0.9826549887657166,0.9857547283172607,0.9782512784004211,0.9844930171966553,0.9878244400024414,0.9888039827346802,0.9895601868629456,0.9836070537567139,0.9862507581710815,0.9866412878036499,0.9851080775260925,0.986206591129303,0.9877249598503113,0.9869546890258789,0.9859922528266907,0.9892594814300537,0.9909607172012329,0.987937867641449,0.9873751401901245,0.9837582111358643,0.9880130290985107,0.9811741709709167,0.9827529788017273,0.9741244316101074,0.9826263785362244,0.9755949378013611,0.9832197427749634,0.9874746799468994,0.9855199456214905,0.972995936870575,0.9871034622192383,0.9854700565338135,0.9823909401893616,0.9822317361831665,0.9828118085861206,0.9903790950775146,0.9870388507843018,0.9884994029998779,0.990945041179657
135,0.992033839225769,0.9902480840682983,0.9904008507728577,0.9849620461463928,0.9837709665298462,0.9797576069831848,0.983521580696106,0.9801368117332458,0.9884027242660522,0.9813117980957031,0.9805243015289307,0.9858987927436829,0.9862936735153198,0.986380934715271,0.9841756224632263,0.9879574775695801,0.9848020076751709,0.9888865947723389,0.9873348474502563,0.9912777543067932,0.988519012928009,0.9877005815505981,0.9881417751312256,0.9827622175216675,0.9941263794898987,0.9888150691986084,0.9947951436042786,0.9999997615814209,0.9938128590583801,0.9937244653701782,0.9918068647384644,0.9910925626754761,0.9880322813987732,0.9832596182823181,0.9863924384117126,0.9806865453720093,0.9832038879394531,0.9870525002479553,0.9901730418205261,0.9868384003639221,0.9876155853271484,0.9882535338401794,0.9822371006011963,0.9800686836242676,0.9858819842338562,0.9883220195770264,0.9868900775909424,0.9873647093772888,0.9878818988800049,0.992445170879364,0.9926125407218933,0.9883882403373718,0.9859648942947388,0.988977313041687,0.9871729612350464,0.9835126399993896,0.9791748523712158,0.9844407439231873,0.9819639921188354,0.987580418586731,0.9862710237503052,0.9861657023429871,0.9786481261253357,0.9842458367347717,0.9877486824989319,0.9843289852142334,0.985085666179657,0.9829362630844116,0.9911412596702576,0.9896498918533325,0.9906600713729858,0.9872495532035828
140,0.9891966581344604,0.9892880320549011,0.9870842695236206,0.9768604040145874,0.9793031215667725,0.9767925143241882,0.9808697700500488,0.9724419116973877,0.9853518605232239,0.9794356226921082,0.9754487872123718,0.9813941121101379,0.983339786529541,0.9837436079978943,0.9794036746025085,0.9818429350852966,0.9785581827163696,0.9826011061668396,0.978378415107727,0.9858734607696533,0.9826048612594604,0.9832256436347961,0.9829683899879456,0.9804762005805969,0.9914100170135498,0.9830398559570312,0.9909164905548096,0.9938128590583801,1.0000001192092896,0.9887528419494629,0.9868981838226318,0.9864267706871033,0.9852044582366943,0.9757765531539917,0.9836829304695129,0.9782118797302246,0.9821570515632629,0.9848583936691284,0.9894735813140869,0.984401524066925,0.9863063097000122,0.9855756759643555,0.9820417165756226,0.9784653782844543,0.9807377457618713,0.9837496280670166,0.9854115843772888,0.982450008392334,0.984413206577301,0.9881774187088013,0.9901641607284546,0.98618483543396,0.9833945035934448,0.9846906661987305,0.982535719871521,0.9830064177513123,0.9785069823265076,0.9852104783058167,0.9805486798286438,0.9824342727661133,0.9864278435707092,0.9851006865501404,0.9768548011779785,0.9853100776672363,0.9886703491210938,0.9853590726852417,0.9832369089126587,0.9817233085632324,0.9919562935829163,0.9878290295600891,0.9873151183128357,0.9866167306900024
