,0,5,10,15,20,25,30,35,40,45,50,55,60,65,70,75,80,85,90,95,100,105,110,115,120,125,130,135,140,145,150,155,160,165,170,175,180,185,190,195,200,205,210,215,220,225,230,235,240,245,250,255,260,265,270,275,280,285,290,295,300,305,310,315,320,325,330,335,340,345,350,355
0,1.0000001192092896,0.9816504716873169,0.9784772992134094,0.971806526184082,0.9623215198516846,0.9509768486022949,0.9562844634056091,0.9629850387573242,0.9422111511230469,0.9408230781555176,0.9215239882469177,0.9166133999824524,0.9257466793060303,0.9296151399612427,0.9506399631500244,0.9498949646949768,0.9378373622894287,0.9300036430358887,0.9306160807609558,0.9129651784896851,0.927065908908844,0.890568196773529,0.9239524602890015,0.9010895490646362,0.9185392260551453,0.9380111694335938,0.9341500997543335,0.9326412677764893,0.93192058801651,0.9441334009170532,0.939849317073822,0.9378211498260498,0.9458314776420593,0.9369418621063232,0.9307887554168701,0.9350616335868835,0.9309093952178955,0.9311321973800659,0.9437019228935242,0.9468997120857239,0.9365900754928589,0.9046648740768433,0.9222460389137268,0.9251940250396729,0.9233983755111694,0.9011514782905579,0.9088941812515259,0.8992876410484314,0.9060349464416504,0.9123692512512207,0.9309294819831848,0.9317224025726318,0.9383313059806824,0.9363674521446228,0.933485209941864,0.9449567794799805,0.9514580368995667,0.9371876120567322,0.9474939703941345,0.9496721625328064,0.9474344849586487,0.9440614581108093,0.9371687173843384,0.9469922780990601,0.9551233053207397,0.9515596032142639,0.9464534521102905,0.9161899089813232,0.9446626305580139,0.9652185440063477,0.9726144075393677,0.9827069044113159
5,0.9816504716873169,1.000000238418579,0.9827044010162354,0.9717499017715454,0.954195499420166,0.9405292868614197,0.9471131563186646,0.9598418474197388,0.947869598865509,0.9477680325508118,0.9359003305435181,0.9315992593765259,0.9351392388343811,0.9350720643997192,0.9624084234237671,0.9602628350257874,0.9501984715461731,0.9441629648208618,0.9463707208633423,0.9361357688903809,0.9484911561012268,0.9237735867500305,0.9434429407119751,0.9230293035507202,0.9376397728919983,0.9375624656677246,0.9304149150848389,0.9336463809013367,0.9275575876235962,0.9440403580665588,0.9347975254058838,0.9268330931663513,0.9545772075653076,0.9384960532188416,0.9203600883483887,0.9364516139030457,0.923288106918335,0.9263063669204712,0.9453482627868652,0.9460611343383789,0.9271911382675171,0.9008296728134155,0.9272021055221558,0.935900092124939,0.9248987436294556,0.9064027667045593,0.931792140007019,0.9251222610473633,0.9392135739326477,0.9419963359832764,0.9494116902351379,0.9479376077651978,0.9454575181007385,0.9375861883163452,0.9296689629554749,0.9398354291915894,0.9507127404212952,0.9229390025138855,0.9361041784286499,0.9468393921852112,0.9528956413269043,0.9444130659103394,0.9338572025299072,0.9368971586227417,0.9467164874076843,0.9668027758598328,0.9550386667251587,0.9349188804626465,0.9513190984725952,0.9630658626556396,0.9656763076782227,0.978334903717041
10,0.9784772992134094,0.9827044010162354,1.0000001192092896,0.9830297827720642,0.9694940447807312,0.9654631018638611,0.9700902700424194,0.9673384428024292,0.9639313817024231,0.967477560043335,0.9477776288986206,0.9511176347732544,0.9525862336158752,0.9561343193054199,0.9693024754524231,0.9723265171051025,0.9624292850494385,0.9542052745819092,0.9520630836486816,0.9377248287200928,0.9473140835762024,0.9101132154464722,0.9338311553001404,0.9067143201828003,0.9260572791099548,0.9407140016555786,0.9389017820358276,0.9402531385421753,0.9398958683013916,0.9579035043716431,0.9554679989814758,0.951007068157196,0.9628679752349854,0.950771152973175,0.9426284432411194,0.9573619365692139,0.9424118399620056,0.9473308324813843,0.9634200930595398,0.967792809009552,0.9469814300537109,0.9271573424339294,0.9416434168815613,0.9481566548347473,0.9412299990653992,0.9272893667221069,0.9326367974281311,0.9307893514633179,0.9364001154899597,0.9466484189033508,0.9554551839828491,0.9575870037078857,0.9570250511169434,0.9489816427230835,0.9500821232795715,0.9580856561660767,0.9597845673561096,0.9506128430366516,0.960282027721405,0.9587575793266296,0.964302659034729,0.9607524871826172,0.9512051343917847,0.9553928375244141,0.9636935591697693,0.9593186378479004,0.9533094167709351,0.9202125668525696,0.9484569430351257,0.9668266773223877,0.9738280773162842,0.9768193960189819
15,0.971806526184082,0.9717499017715454,0.9830297827720642,0.9999997615814209,0.9879842400550842,0.9676921367645264,0.9730913639068604,0.9655323624610901,0.9543620944023132,0.9548574090003967,0.9309033155441284,0.9343874454498291,0.9399983882904053,0.9395371675491333,0.9584539532661438,0.9571953415870667,0.9605103731155396,0.9475796222686768,0.9467572569847107,0.9269434213638306,0.9350976943969727,0.8933184146881104,0.9191965460777283,0.8921624422073364,0.9152082800865173,0.952459990978241,0.9549411535263062,0.952589750289917,0.9501842260360718,0.9633517265319824,0.9635082483291626,0.9618911743164062,0.9611628651618958,0.9583474397659302,0.9587060213088989,0.9623748064041138,0.9578849673271179,0.964080810546875,0.9726434946060181,0.977670431137085,0.9708830714225769,0.9499239921569824,0.9606789946556091,0.95267254114151,0.9544557332992554,0.9272506237030029,0.9226704239845276,0.9234596490859985,0.9239482879638672,0.9331517219543457,0.94901043176651,0.9531376361846924,0.9554014801979065,0.954695463180542,0.9580386877059937,0.9614999294281006,0.9582102298736572,0.9588773250579834,0.9567953944206238,0.9502965211868286,0.9610558748245239,0.9563069939613342,0.9482833743095398,0.9634733200073242,0.9696009159088135,0.9500230550765991,0.9447637796401978,0.907447099685669,0.9518429040908813,0.9634068012237549,0.9625126719474792,0.9663436412811279
20,0.9623215198516846,0.954195499420166,0.9694940447807312,0.9879842400550842,1.0000001192092896,0.9832603931427002,0.985249936580658,0.9683973789215088,0.9596329927444458,0.952232301235199,0.9274351000785828,0.9309835433959961,0.9487262964248657,0.9391701221466064,0.9522249698638916,0.9485939741134644,0.9599712491035461,0.9423431754112244,0.9409781694412231,0.9134804010391235,0.9211153388023376,0.8697412014007568,0.8978137969970703,0.8625035881996155,0.8932339549064636,0.9372174739837646,0.9476280212402344,0.9440723061561584,0.9414184093475342,0.9538514018058777,0.9572240114212036,0.9559915661811829,0.9446894526481628,0.9485446214675903,0.961464524269104,0.9585028290748596,0.9625728130340576,0.9661271572113037,0.9725183248519897,0.9705066084861755,0.969120979309082,0.9512712955474854,0.9507540464401245,0.9380467534065247,0.9431285858154297,0.9154549837112427,0.8980919122695923,0.9084445834159851,0.9129177331924438,0.9167988300323486,0.9425288438796997,0.9449076056480408,0.9462431073188782,0.9458290338516235,0.953994870185852,0.9515736103057861,0.9483156800270081,0.9636794924736023,0.9577490091323853,0.9440395832061768,0.959030032157898,0.9555039405822754,0.9536834955215454,0.9695887565612793,0.968822717666626,0.9358601570129395,0.9262441396713257,0.8752753734588623,0.9382405281066895,0.9524070024490356,0.9557448625564575,0.9492930173873901
25,0.9509768486022949,0.9405292868614197,0.9654631018638611,0.9676921367645264,0.9832603931427002,1.0000003576278687,0.9902586340904236,0.9681358337402344,0.9600973129272461,0.9536432027816772,0.9335951209068298,0.9365853071212769,0.9594918489456177,0.9517592191696167,0.953414797782898,0.9528766870498657,0.9557830095291138,0.9377124905586243,0.9361177086830139,0.9089508652687073,0.915222704410553,0.856244683265686,0.8885148763656616,0.8466752171516418,0.8788712620735168,0.9151090383529663,0.9283625483512878,0.9227502942085266,0.928142786026001,0.9379881024360657,0.9468175768852234,0.9464175701141357,0.9291455745697021,0.9303532838821411,0.9496090412139893,0.946434736251831,0.9471997618675232,0.9511713981628418,0.9618949294090271,0.9529377222061157,0.9452157020568848,0.9379488825798035,0.9336400032043457,0.928842306137085,0.9301353096961975,0.9164199829101562,0.8881955146789551,0.897788405418396,0.9080625176429749,0.9122183322906494,0.9352741837501526,0.9343778491020203,0.9353929758071899,0.9346708059310913,0.9436832070350647,0.9403805732727051,0.9367767572402954,0.9618276357650757,0.9587576389312744,0.9451857805252075,0.9578273296356201,0.9569932818412781,0.9595309495925903,0.9669455885887146,0.9637105464935303,0.9243372678756714,0.9158413410186768,0.8606409430503845,0.9207156896591187,0.9445798397064209,0.955565333366394,0.9438615441322327
30,0.9562844634056091,0.9471131563186646,0.9700902700424194,0.9730913639068604,0.985249936580658,0.9902586340904236,1.0000001192092896,0.9796628952026367,0.9718823432922363,0.961405873298645,0.9421292543411255,0.9435949325561523,0.9587620496749878,0.9496487379074097,0.9560405015945435,0.95305335521698,0.9550215601921082,0.9368414282798767,0.9365953207015991,0.9137435555458069,0.9184504747390747,0.862995982170105,0.8914340734481812,0.8523682355880737,0.885184645652771,0.9213150143623352,0.9352368116378784,0.9327089190483093,0.935453474521637,0.9465099573135376,0.9510099291801453,0.9499770402908325,0.9417489171028137,0.9442000985145569,0.9554628133773804,0.9558252692222595,0.9569064378738403,0.955830991268158,0.9633878469467163,0.9594558477401733,0.9496170282363892,0.9400433301925659,0.9383319616317749,0.9305052161216736,0.9343579411506653,0.9163245558738708,0.8923666477203369,0.9066725969314575,0.9131990671157837,0.9138832688331604,0.9396045804023743,0.9403548240661621,0.9409563541412354,0.9396494626998901,0.9457780718803406,0.9433549046516418,0.9402725100517273,0.9625627994537354,0.9620521068572998,0.9487985372543335,0.9577941298484802,0.955527126789093,0.9520125389099121,0.9629943370819092,0.9604140520095825,0.9276540279388428,0.9215046167373657,0.8660467863082886,0.9308401346206665,0.9460290670394897,0.9566839933395386,0.942345380783081
35,0.9629850387573242,0.9598418474197388,0.9673384428024292,0.9655323624610901,0.9683973789215088,0.9681358337402344,0.9796628952026367,1.0000001192092896,0.9768642783164978,0.9577562808990479,0.9550387859344482,0.9426041841506958,0.943208634853363,0.9382847547531128,0.9627431035041809,0.9596134424209595,0.9457981586456299,0.9312553405761719,0.9386408925056458,0.929853081703186,0.9381421804428101,0.8960811495780945,0.9223895072937012,0.8894179463386536,0.9162141680717468,0.9322095513343811,0.9324404001235962,0.9385660290718079,0.9324082136154175,0.9345519542694092,0.9385094046592712,0.9323327541351318,0.9467986822128296,0.9438527822494507,0.9342199563980103,0.9426082372665405,0.9382991194725037,0.9376194477081299,0.9458081126213074,0.9482070207595825,0.9299226403236389,0.9178779125213623,0.9350652694702148,0.9351831674575806,0.9302154779434204,0.9120513200759888,0.9062595367431641,0.9176561832427979,0.9199134111404419,0.9164637327194214,0.9404313564300537,0.9342536330223083,0.9382764101028442,0.9364036321640015,0.9320099949836731,0.9336587190628052,0.9416285157203674,0.9401705265045166,0.9504302740097046,0.9574730396270752,0.956423819065094,0.947873592376709,0.9421749114990234,0.947232723236084,0.9493623971939087,0.9487391710281372,0.9470289349555969,0.9034318923950195,0.9517382979393005,0.9578297138214111,0.9616122245788574,0.9500207901000977
40,0.9422111511230469,0.947869598865509,0.9639313817024231,0.9543620944023132,0.9596329927444458,0.9600973129272461,0.9718823432922363,0.9768642783164978,1.0,0.9822806119918823,0.9768869280815125,0.9710007905960083,0.9686698913574219,0.9610726833343506,0.9666748046875,0.9645406603813171,0.9596253633499146,0.9466618895530701,0.9495134353637695,0.9361881613731384,0.9410997033119202,0.8928271532058716,0.916682243347168,0.8771255016326904,0.9094622731208801,0.9294575452804565,0.9343184232711792,0.9456289410591125,0.9443475604057312,0.9468550682067871,0.9422351717948914,0.9386517405509949,0.9522245526313782,0.9465732574462891,0.9427382946014404,0.9562309980392456,0.9464182257652283,0.9484615325927734,0.9577881097793579,0.9531193971633911,0.9305373430252075,0.9269571900367737,0.9354374408721924,0.9391746520996094,0.9337455630302429,0.9223573207855225,0.919524610042572,0.9377626180648804,0.9405133724212646,0.9391518831253052,0.9598128795623779,0.9603226184844971,0.9576375484466553,0.9530929923057556,0.9473792910575867,0.947811484336853,0.9541694521903992,0.9493963718414307,0.9626597166061401,0.9620500206947327,0.9661379456520081,0.9573926329612732,0.949824333190918,0.9457681775093079,0.949512243270874,0.9464110732078552,0.9371696710586548,0.8909000754356384,0.946618914604187,0.9511979818344116,0.953890323638916,0.9345062375068665
45,0.9408230781555176,0.9477680325508118,0.967477560043335,0.9548574090003967,0.952232301235199,0.9536432027816772,0.961405873298645,0.9577562808990479,0.9822806119918823,1.000000238418579,0.9818395972251892,0.9816900491714478,0.973658561706543,0.9760000109672546,0.9657105207443237,0.9653223752975464,0.9602624773979187,0.9518744349479675,0.9511823058128357,0.9392237067222595,0.9428765177726746,0.8935641646385193,0.9193077087402344,0.880676805973053,0.9069594740867615,0.9304918050765991,0.9390448927879333,0.9420542120933533,0.9482769966125488,0.9533793330192566,0.9526939392089844,0.9516726136207581,0.956977128982544,0.9456177949905396,0.9467254877090454,0.9655355215072632,0.9462405443191528,0.9521743059158325,0.9616996645927429,0.9556998014450073,0.9376893043518066,0.9397315979003906,0.9481372833251953,0.9553542137145996,0.9502328038215637,0.94354647397995,0.9358285069465637,0.941038191318512,0.9367706179618835,0.9433369040489197,0.9524152278900146,0.9622278809547424,0.960857093334198,0.9577168226242065,0.9518086314201355,0.9603240489959717,0.9579253792762756,0.9564569592475891,0.9669235944747925,0.9619245529174805,0.964645266532898,0.9547703862190247,0.9492520093917847,0.9421931505203247,0.9477980732917786,0.938950777053833,0.9334011077880859,0.8937419652938843,0.9354685544967651,0.9499588012695312,0.9502742290496826,0.9369356632232666
50,0.9215239882469177,0.9359003305435181,0.9477776288986206,0.9309033155441284,0.9274351000785828,0.9335951209068298,0.9421292543411255,0.9550387859344482,0.9768869280815125,0.9818395972251892,1.0000001192092896,0.9804899096488953,0.9585679769515991,0.9535907506942749,0.9519965648651123,0.9594050645828247,0.937042236328125,0.9312400221824646,0.9348588585853577,0.9340359568595886,0.9392917156219482,0.8927178382873535,0.9195302724838257,0.8767977356910706,0.9057446718215942,0.9198701977729797,0.920853316783905,0.9352145791053772,0.9363380670547485,0.9305991530418396,0.9283486604690552,0.9250146746635437,0.9458084106445312,0.9329004883766174,0.9284589886665344,0.9507241249084473,0.9266319274902344,0.9267443418502808,0.9379225969314575,0.930053174495697,0.9050111770629883,0.920371413230896,0.9355440735816956,0.9437063336372375,0.9362561106681824,0.9341565370559692,0.9322344660758972,0.9474586844444275,0.942232608795166,0.9402896761894226,0.9438702464103699,0.9490493535995483,0.9454458355903625,0.9429707527160645,0.9280130863189697,0.9382972717285156,0.9427492618560791,0.9306381940841675,0.951626181602478,0.9593064785003662,0.956505537033081,0.9369444251060486,0.9380173087120056,0.9201149940490723,0.9233593940734863,0.9386045932769775,0.9345899820327759,0.890026330947876,0.9386903643608093,0.9404205083847046,0.9385055303573608,0.9174401164054871
55,0.9166133999824524,0.9315992593765259,0.9511176347732544,0.9343874454498291,0.9309835433959961,0.9365853071212769,0.9435949325561523,0.9426041841506958,0.9710007905960083,0.9816900491714478,0.9804899096488953,1.0000001192092896,0.9727588891983032,0.969984233379364,0.9663461446762085,0.9664336442947388,0.9590020775794983,0.9582300782203674,0.9507609009742737,0.945343017578125,0.9460111260414124,0.9018968939781189,0.9211289882659912,0.8768618106842041,0.9066102504730225,0.9212006330490112,0.9261853694915771,0.9360940456390381,0.9437909126281738,0.9431818723678589,0.937650203704834,0.9376347661018372,0.9494649171829224,0.9357088804244995,0.9244270324707031,0.9494730234146118,0.9217655658721924,0.9340044856071472,0.9465650320053101,0.9447625875473022,0.9182602167129517,0.9286502003669739,0.9407870173454285,0.9476044178009033,0.9405189752578735,0.9367600679397583,0.9393043518066406,0.9437469840049744,0.9397424459457397,0.9529736042022705,0.956122636795044,0.9619598388671875,0.9578976035118103,0.950806736946106,0.9384822845458984,0.9458113312721252,0.9422511458396912,0.9345750212669373,0.9517996311187744,0.9458315968513489,0.9499734044075012,0.946732223033905,0.9363487958908081,0.9278755784034729,0.9358994960784912,0.9422211647033691,0.9348780512809753,0.8934708833694458,0.9317326545715332,0.942943274974823,0.9411998987197876,0.9243491291999817
60,0.9257466793060303,0.9351392388343811,0.9525862336158752,0.9399983882904053,0.9487262964248657,0.9594918489456177,0.9587620496749878,0.943208634853363,0.9686698913574219,0.973658561706543,0.9585679769515991,0.9727588891983032,0.9999998807907104,0.9830124378204346,0.9648089408874512,0.9569829702377319,0.9614464640617371,0.9487422108650208,0.9385902285575867,0.9177944660186768,0.9202964901924133,0.8671875,0.8882316946983337,0.8404744863510132,0.8742200136184692,0.8956516981124878,0.9089561700820923,0.9110630750656128,0.9187520146369934,0.9317830801010132,0.9275147914886475,0.9247194528579712,0.9215157628059387,0.9176835417747498,0.923147439956665,0.9345434904098511,0.9222805500030518,0.9300498366355896,0.952451229095459,0.9338799715042114,0.9198320508003235,0.9214202165603638,0.9197700619697571,0.925601065158844,0.9199022054672241,0.9139270782470703,0.9082047939300537,0.9193514585494995,0.9305822849273682,0.9361370801925659,0.94924396276474,0.9528913497924805,0.941226601600647,0.9377503991127014,0.9316152930259705,0.9351247549057007,0.9333239197731018,0.943496584892273,0.9532568454742432,0.9362694025039673,0.953592836856842,0.9470344185829163,0.9417511820793152,0.9378634095191956,0.9380526542663574,0.9217206239700317,0.9019989371299744,0.8553692698478699,0.9045143127441406,0.9317865967750549,0.9395766854286194,0.9237127304077148
65,0.9296151399612427,0.9350720643997192,0.9561343193054199,0.9395371675491333,0.9391701221466064,0.9517592191696167,0.9496487379074097,0.9382847547531128,0.9610726833343506,0.9760000109672546,0.9535907506942749,0.969984233379364,0.9830124378204346,0.9999999403953552,0.9741098880767822,0.9668530821800232,0.9666898250579834,0.9589968323707581,0.9511165618896484,0.9328975677490234,0.9328513145446777,0.8830677270889282,0.9033191204071045,0.8634147047996521,0.8884918689727783,0.9066121578216553,0.9150930643081665,0.9146866798400879,0.9244554042816162,0.9399747848510742,0.940016508102417,0.9375863075256348,0.9339256286621094,0.923747181892395,0.9200558662414551,0.936569333076477,0.9202470183372498,0.9302353858947754,0.9474126100540161,0.9389877319335938,0.920270562171936,0.9181945323944092,0.9270954132080078,0.9373072385787964,0.9319934844970703,0.933053195476532,0.9318912029266357,0.9301465153694153,0.9337520599365234,0.9432458281517029,0.9477011561393738,0.9519814252853394,0.9483312368392944,0.9470145106315613,0.9400181770324707,0.9431954622268677,0.9399012327194214,0.9402365684509277,0.9493012428283691,0.941486120223999,0.9476165771484375,0.9432756900787354,0.9328482151031494,0.9276877045631409,0.9404208064079285,0.9223700761795044,0.917121410369873,0.8828855156898499,0.912977397441864,0.9437170028686523,0.9491015076637268,0.9374939799308777
70,0.9506399631500244,0.9624084234237671,0.9693024754524231,0.9584539532661438,0.9522249698638916,0.953414797782898,0.9560405015945435,0.9627431035041809,0.9666748046875,0.9657105207443237,0.9519965648651123,0.9663461446762085,0.9648089408874512,0.9741098880767822,1.0000001192092896,0.9864108562469482,0.9793398380279541,0.9725142121315002,0.9699651598930359,0.9600225687026978,0.9658724665641785,0.9362661242485046,0.9502468109130859,0.9212462902069092,0.9410006403923035,0.9434144496917725,0.9362452030181885,0.9420326948165894,0.942462682723999,0.9453431963920593,0.9406921863555908,0.9355505108833313,0.9513089656829834,0.935724139213562,0.9179553985595703,0.9356067180633545,0.9197814464569092,0.9341771602630615,0.9486222267150879,0.9515336751937866,0.9248576164245605,0.9142394065856934,0.9375582933425903,0.9450840353965759,0.9363634586334229,0.9265878200531006,0.9451868534088135,0.9412455558776855,0.9448460340499878,0.9547117352485657,0.9695734977722168,0.9625800848007202,0.9645268321037292,0.9566221237182617,0.9456565380096436,0.9478257894515991,0.9522441029548645,0.9333897829055786,0.9454671144485474,0.9504324197769165,0.9537061452865601,0.9562293291091919,0.9418935775756836,0.9422875642776489,0.9593273997306824,0.9631109237670898,0.9605622291564941,0.9347405433654785,0.9486914873123169,0.9650889039039612,0.9609357714653015,0.9615022540092468
75,0.9498949646949768,0.9602628350257874,0.9723265171051025,0.9571953415870667,0.9485939741134644,0.9528766870498657,0.95305335521698,0.9596134424209595,0.9645406603813171,0.9653223752975464,0.9594050645828247,0.9664336442947388,0.9569829702377319,0.9668530821800232,0.9864108562469482,0.9999998807907104,0.978592038154602,0.9750677347183228,0.9685869812965393,0.9556456804275513,0.9600961208343506,0.9244508743286133,0.944667637348175,0.9134069681167603,0.932349681854248,0.9396518468856812,0.931986927986145,0.9392244815826416,0.9393950700759888,0.9437217712402344,0.9401658773422241,0.9370170831680298,0.953741192817688,0.938823938369751,0.9273075461387634,0.9437253475189209,0.9241232872009277,0.9359733462333679,0.9510308504104614,0.9515714645385742,0.9270008206367493,0.9284968376159668,0.9483437538146973,0.9562822580337524,0.9462964534759521,0.945173442363739,0.9534475207328796,0.9511866569519043,0.9537672996520996,0.9638784527778625,0.964214563369751,0.9654276967048645,0.9638735055923462,0.9575116634368896,0.9495807886123657,0.9520516395568848,0.9593062400817871,0.9392465353012085,0.9496837854385376,0.9559457302093506,0.9574724435806274,0.9527079463005066,0.9498088359832764,0.9430849552154541,0.9560468196868896,0.9566829204559326,0.9586584568023682,0.9282004833221436,0.9483757615089417,0.9606738090515137,0.9609988331794739,0.9603554010391235
80,0.9378373622894287,0.9501984715461731,0.9624292850494385,0.9605103731155396,0.9599712491035461,0.9557830095291138,0.9550215601921082,0.9457981586456299,0.9596253633499146,0.9602624773979187,0.937042236328125,0.9590020775794983,0.9614464640617371,0.9666898250579834,0.9793398380279541,0.978592038154602,0.9999999403953552,0.9893558025360107,0.9817095994949341,0.961035966873169,0.9573991894721985,0.9163897037506104,0.9321426153182983,0.9016532897949219,0.924578070640564,0.9392310976982117,0.9407687187194824,0.9439696669578552,0.9440479278564453,0.9559184312820435,0.9514327645301819,0.9474989771842957,0.953438401222229,0.9465288519859314,0.9312573075294495,0.9469922184944153,0.9362081289291382,0.9498684406280518,0.963168740272522,0.9614630937576294,0.9418230056762695,0.9325700402259827,0.9414269328117371,0.9441157579421997,0.9376768469810486,0.9294058680534363,0.9413784742355347,0.9356071949005127,0.9484833478927612,0.9544792771339417,0.9640578031539917,0.9683908224105835,0.9662054777145386,0.9606314897537231,0.9557634592056274,0.9522104263305664,0.9572744369506836,0.941890299320221,0.9470427632331848,0.9434409737586975,0.9542784094810486,0.9540781378746033,0.9420616030693054,0.9451100826263428,0.9617663025856018,0.9508930444717407,0.940624475479126,0.9140791893005371,0.9399436712265015,0.9510970115661621,0.9516643285751343,0.9507084488868713
85,0.9300036430358887,0.9441629648208618,0.9542052745819092,0.9475796222686768,0.9423431754112244,0.9377124905586243,0.9368414282798767,0.9312553405761719,0.9466618895530701,0.9518744349479675,0.9312400221824646,0.9582300782203674,0.9487422108650208,0.9589968323707581,0.9725142121315002,0.9750677347183228,0.9893558025360107,1.0,0.9877995252609253,0.9709705114364624,0.9647073745727539,0.9273567199707031,0.9409993290901184,0.913122296333313,0.9338904023170471,0.9400665760040283,0.939562201499939,0.9421484470367432,0.9440950751304626,0.9547590017318726,0.9463655948638916,0.9439241290092468,0.9554820656776428,0.9413585662841797,0.9204882383346558,0.9386627674102783,0.9233899116516113,0.942275881767273,0.9561361074447632,0.9580726623535156,0.9356931447982788,0.9298873543739319,0.9406301379203796,0.9467509388923645,0.9415438175201416,0.9369206428527832,0.9556067585945129,0.942971408367157,0.9506155252456665,0.9601401090621948,0.9627261161804199,0.9697020649909973,0.966658890247345,0.9612923264503479,0.9521536231040955,0.9479835033416748,0.9518920183181763,0.9305287003517151,0.9366368651390076,0.935136079788208,0.9454602599143982,0.9486598372459412,0.9341853857040405,0.9362233281135559,0.955387532711029,0.9553118944168091,0.9451701641082764,0.9273322820663452,0.9412781000137329,0.9521432518959045,0.9516978859901428,0.9528658390045166
90,0.9306160807609558,0.9463707208633423,0.9520630836486816,0.9467572569847107,0.9409781694412231,0.9361177086830139,0.9365953207015991,0.9386408925056458,0.9495134353637695,0.9511823058128357,0.9348588585853577,0.9507609009742737,0.9385902285575867,0.9511165618896484,0.9699651598930359,0.9685869812965393,0.9817095994949341,0.9877995252609253,1.0000001192092896,0.9869237542152405,0.9767886996269226,0.9434329271316528,0.9561999440193176,0.9320517778396606,0.9497195482254028,0.9498287439346313,0.9467143416404724,0.9505611062049866,0.9495634436607361,0.9588859677314758,0.9547010064125061,0.9451757073402405,0.9643683433532715,0.9477590322494507,0.9208737015724182,0.9422674775123596,0.9272390604019165,0.9445581436157227,0.9533166289329529,0.955746591091156,0.930857241153717,0.9236879348754883,0.9391031265258789,0.9431439638137817,0.9397498965263367,0.9383073449134827,0.9596240520477295,0.9458873867988586,0.9520997405052185,0.9526216983795166,0.9621998071670532,0.9672327041625977,0.9678043127059937,0.9632567167282104,0.9570510983467102,0.9481371641159058,0.953966498374939,0.9273874163627625,0.9336546063423157,0.9403891563415527,0.9470531940460205,0.9446110129356384,0.9290176033973694,0.9308332204818726,0.9504126310348511,0.9588438272476196,0.9497140645980835,0.9373112320899963,0.9547758102416992,0.9551502466201782,0.9529162049293518,0.9517919421195984
95,0.9129651784896851,0.9361357688903809,0.9377248287200928,0.9269434213638306,0.9134804010391235,0.9089508652687073,0.9137435555458069,0.929853081703186,0.9361881613731384,0.9392237067222595,0.9340359568595886,0.945343017578125,0.9177944660186768,0.9328975677490234,0.9600225687026978,0.9556456804275513,0.961035966873169,0.9709705114364624,0.9869237542152405,0.9999998211860657,0.9874871373176575,0.9631136655807495,0.9676688313484192,0.9470310211181641,0.9575663805007935,0.94091796875,0.9316694736480713,0.9412984848022461,0.9393470287322998,0.942762017250061,0.9380719661712646,0.9254032373428345,0.9594155550003052,0.9369165897369385,0.896068274974823,0.9264891147613525,0.9035331606864929,0.9195464253425598,0.9271894097328186,0.935935378074646,0.9007554054260254,0.9001278281211853,0.9263355135917664,0.9372255802154541,0.9275026917457581,0.9304222464561462,0.9633577466011047,0.9499472379684448,0.9512614011764526,0.944185197353363,0.9505638480186462,0.9542522430419922,0.9554673433303833,0.9484938383102417,0.9330975413322449,0.930874228477478,0.9382704496383667,0.900838315486908,0.9144213199615479,0.9299893379211426,0.9297690987586975,0.9214566349983215,0.9037626385688782,0.8997293710708618,0.9233595728874207,0.9572536945343018,0.9489530324935913,0.9494789838790894,0.9510876536369324,0.9422814846038818,0.9358745217323303,0.9358327984809875
100,0.927065908908844,0.9484911561012268,0.9473140835762024,0.9350976943969727,0.9211153388023376,0.915222704410553,0.9184504747390747,0.9381421804428101,0.9410997033119202,0.9428765177726746,0.9392917156219482,0.9460111260414124,0.9202964901924133,0.9328513145446777,0.9658724665641785,0.9600961208343506,0.9573991894721985,0.9647073745727539,0.9767886996269226,0.9874871373176575,0.9999999403953552,0.9791663885116577,0.9851581454277039,0.9636861681938171,0.9728670120239258,0.9537304639816284,0.9358207583427429,0.9457201361656189,0.9433656334877014,0.9403947591781616,0.9331191778182983,0.9233819246292114,0.9563036561012268,0.9305346012115479,0.9010671973228455,0.9265901446342468,0.9006732702255249,0.9158962368965149,0.9276654720306396,0.9386610984802246,0.9022310972213745,0.8964707255363464,0.9286382794380188,0.9419134259223938,0.9285374879837036,0.9266281127929688,0.9628850221633911,0.951569676399231,0.9475221633911133,0.9463496208190918,0.9552661776542664,0.953235387802124,0.9586701393127441,0.9492540955543518,0.9325732588768005,0.9375110268592834,0.9457657337188721,0.9070426821708679,0.9244617223739624,0.9395452737808228,0.9379498958587646,0.9304376840591431,0.9167112112045288,0.9126298427581787,0.931871235370636,0.9694043397903442,0.9617213010787964,0.9585254192352295,0.9540621042251587,0.9538699388504028,0.9398003220558167,0.9445546269416809
105,0.890568196773529,0.9237735867500305,0.9101132154464722,0.8933184146881104,0.8697412014007568,0.856244683265686,0.862995982170105,0.8960811495780945,0.8928271532058716,0.8935641646385193,0.8927178382873535,0.9018968939781189,0.8671875,0.8830677270889282,0.9362661242485046,0.9244508743286133,0.9163897037506104,0.9273567199707031,0.9434329271316528,0.9631136655807495,0.9791663885116577,1.0000001192092896,0.9837790727615356,0.9789693355560303,0.9770832657814026,0.9303540587425232,0.898605227470398,0.9092409610748291,0.9012637734413147,0.8961049318313599,0.8856195211410522,0.8699626326560974,0.9188603758811951,0.879841685295105,0.8366379737854004,0.8726789951324463,0.8411509990692139,0.8611271381378174,0.8734438419342041,0.8950514793395996,0.8474166989326477,0.83413165807724,0.88132643699646,0.8945683240890503,0.8780901432037354,0.8731087446212769,0.9360663890838623,0.9175074100494385,0.9122304916381836,0.910629153251648,0.9229633212089539,0.9100030660629272,0.9184638857841492,0.9059902429580688,0.8842848539352417,0.8893871903419495,0.9038854837417603,0.8443185687065125,0.8689951300621033,0.8936993479728699,0.8888105154037476,0.8849782943725586,0.8620519638061523,0.8596508502960205,0.8890873193740845,0.949657142162323,0.9483267664909363,0.9626769423484802,0.9239343404769897,0.9197384715080261,0.8958475589752197,0.9156925082206726
110,0.9239524602890015,0.9434429407119751,0.9338311553001404,0.9191965460777283,0.8978137969970703,0.8885148763656616,0.8914340734481812,0.9223895072937012,0.916682243347168,0.9193077087402344,0.9195302724838257,0.9211289882659912,0.8882316946983337,0.9033191204071045,0.9502468109130859,0.944667637348175,0.9321426153182983,0.9409993290901184,0.9561999440193176,0.9676688313484192,0.9851581454277039,0.9837790727615356,1.0,0.984969437122345,0.9874910116195679,0.9576079845428467,0.9272732138633728,0.9365787506103516,0.9310579299926758,0.919114351272583,0.9125464558601379,0.9029357433319092,0.9417364597320557,0.9079880118370056,0.8746967315673828,0.9019993543624878,0.8758422136306763,0.8919316530227661,0.9062142968177795,0.9198116660118103,0.8814546465873718,0.8688344359397888,0.9106811285018921,0.9234391450881958,0.9101249575614929,0.905006468296051,0.9486880302429199,0.9307283163070679,0.9230291247367859,0.9260141849517822,0.9361051321029663,0.931293785572052,0.9427885413169861,0.9319263696670532,0.9145113229751587,0.9247310757637024,0.9363121390342712,0.8832292556762695,0.9054118394851685,0.9325823187828064,0.9228127002716064,0.9190045595169067,0.9059224128723145,0.8997342586517334,0.9226617813110352,0.9685937762260437,0.9668610095977783,0.9684469103813171,0.9460074305534363,0.9478824138641357,0.9266520738601685,0.9406777024269104
115,0.9010895490646362,0.9230293035507202,0.9067143201828003,0.8921624422073364,0.8625035881996155,0.8466752171516418,0.8523682355880737,0.8894179463386536,0.8771255016326904,0.880676805973053,0.8767977356910706,0.8768618106842041,0.8404744863510132,0.8634147047996521,0.9212462902069092,0.9134069681167603,0.9016532897949219,0.913122296333313,0.9320517778396606,0.9470310211181641,0.9636861681938171,0.9789693355560303,0.984969437122345,1.0000001192092896,0.9881701469421387,0.9465453624725342,0.9111058115959167,0.9180678129196167,0.90699702501297,0.8986443281173706,0.890950083732605,0.8769965171813965,0.9215924739837646,0.8845081925392151,0.8419445753097534,0.8699501156806946,0.8489727973937988,0.8670719861984253,0.8734108209609985,0.8962824940681458,0.8542242050170898,0.8309003114700317,0.8784466981887817,0.8919588923454285,0.8807203769683838,0.870852530002594,0.9277511239051819,0.9002490639686584,0.8930273056030273,0.8945457339286804,0.9087024331092834,0.8998761177062988,0.9158016443252563,0.90282142162323,0.8842179179191589,0.8938305974006653,0.9067623615264893,0.8457667827606201,0.8681959509849548,0.9019144177436829,0.8902709484100342,0.8870118260383606,0.867203414440155,0.8650898337364197,0.8945650458335876,0.9472059011459351,0.9507492780685425,0.9684240818023682,0.927201509475708,0.9240213632583618,0.8953444957733154,0.920494556427002
120,0.9185392260551453,0.9376397728919983,0.9260572791099548,0.9152082800865173,0.8932339549064636,0.8788712620735168,0.885184645652771,0.9162141680717468,0.9094622731208801,0.9069594740867615,0.9057446718215942,0.9066102504730225,0.8742200136184692,0.8884918689727783,0.9410006403923035,0.932349681854248,0.924578070640564,0.9338904023170471,0.9497195482254028,0.9575663805007935,0.9728670120239258,0.9770832657814026,0.9874910116195679,0.9881701469421387,1.0,0.9672414660453796,0.9401043653488159,0.946758508682251,0.9365105628967285,0.9256114959716797,0.9164223670959473,0.9031518697738647,0.9411035776138306,0.9110722541809082,0.8740652799606323,0.8974767327308655,0.8795844316482544,0.8953399658203125,0.9035249352455139,0.9221569299697876,0.8814266920089722,0.8626713752746582,0.9022316336631775,0.910053014755249,0.9043542742729187,0.89093017578125,0.9385824203491211,0.9204810857772827,0.9157484769821167,0.9170958399772644,0.9365003705024719,0.926175594329834,0.9376242756843567,0.92652428150177,0.9075506925582886,0.9141011238098145,0.9244723320007324,0.8743942975997925,0.8944262266159058,0.9219328165054321,0.9156045913696289,0.9143504500389099,0.8956940174102783,0.8968225121498108,0.9219473004341125,0.9649789333343506,0.9660699367523193,0.9657418727874756,0.9499496221542358,0.9466917514801025,0.9192305207252502,0.9343522787094116
125,0.9380111694335938,0.9375624656677246,0.9407140016555786,0.952459990978241,0.9372174739837646,0.9151090383529663,0.9213150143623352,0.9322095513343811,0.9294575452804565,0.9304918050765991,0.9198701977729797,0.9212006330490112,0.8956516981124878,0.9066121578216553,0.9434144496917725,0.9396518468856812,0.9392310976982117,0.9400665760040283,0.9498287439346313,0.94091796875,0.9537304639816284,0.9303540587425232,0.9576079845428467,0.9465453624725342,0.9672414660453796,1.0,0.9852936863899231,0.9862911105155945,0.9804561138153076,0.9657026529312134,0.9599559903144836,0.9570913314819336,0.9623446464538574,0.9486016035079956,0.9381461143493652,0.9423152208328247,0.9355307817459106,0.9491347074508667,0.9483939409255981,0.9640293121337891,0.9443958401679993,0.9242417812347412,0.9495243430137634,0.9387509822845459,0.9504570960998535,0.9252660274505615,0.9372121691703796,0.9241921305656433,0.9087165594100952,0.9222265481948853,0.9464380741119385,0.9467509388923645,0.964103102684021,0.9620907306671143,0.9551408290863037,0.9562533497810364,0.9567997455596924,0.9349377155303955,0.9379047751426697,0.9521610736846924,0.9485007524490356,0.949471116065979,0.9370913505554199,0.945164144039154,0.9637606739997864,0.9617432951927185,0.9712356328964233,0.9367766380310059,0.9689911007881165,0.9654933214187622,0.9391204714775085,0.9433454275131226
130,0.9341500997543335,0.9304149150848389,0.9389017820358276,0.9549411535263062,0.9476280212402344,0.9283625483512878,0.9352368116378784,0.9324404001235962,0.9343184232711792,0.9390448927879333,0.920853316783905,0.9261853694915771,0.9089561700820923,0.9150930643081665,0.9362452030181885,0.931986927986145,0.9407687187194824,0.939562201499939,0.9467143416404724,0.9316694736480713,0.9358207583427429,0.898605227470398,0.9272732138633728,0.9111058115959167,0.9401043653488159,0.9852936863899231,1.0000001192092896,0.9893134832382202,0.9868875741958618,0.9772167205810547,0.9752376079559326,0.9722855091094971,0.9624191522598267,0.9588386416435242,0.9615848064422607,0.9583430290222168,0.9589470624923706,0.9699307084083557,0.9647814035415649,0.9729725122451782,0.9598368406295776,0.947997510433197,0.9567995071411133,0.943221390247345,0.9604041576385498,0.9311767816543579,0.9241334199905396,0.9204517602920532,0.9090580344200134,0.9201585054397583,0.947795033454895,0.9526790976524353,0.9632943272590637,0.9596067667007446,0.9576205611228943,0.9537013173103333,0.9494251012802124,0.9530524015426636,0.9485856890678406,0.9491292238235474,0.956851065158844,0.9564726948738098,0.9455074071884155,0.9576933979988098,0.967835545539856,0.9494127035140991,0.9509627819061279,0.9040077924728394,0.9621181488037109,0.959460973739624,0.9408153295516968,0.9329893589019775
135,0.9326412677764893,0.9336463809013367,0.9402531385421753,0.952589750289917,0.9440723061561584,0.9227502942085266,0.9327089190483093,0.9385660290718079,0.9456289410591125,0.9420542120933533,0.9352145791053772,0.9360940456390381,0.9110630750656128,0.9146866798400879,0.9420326948165894,0.9392244815826416,0.9439696669578552,0.9421484470367432,0.9505611062049866,0.9412984848022461,0.9457201361656189,0.9092409610748291,0.9365787506103516,0.9180678129196167,0.946758508682251,0.9862911105155945,0.9893134832382202,1.000000238418579,0.9898144006729126,0.9781334400177002,0.9689693450927734,0.9660890698432922,0.9707887768745422,0.9645043611526489,0.9552701711654663,0.9591116905212402,0.9569653272628784,0.9643891453742981,0.9608110785484314,0.9702982306480408,0.9494708180427551,0.9409084916114807,0.9563441276550293,0.9441537857055664,0.9554526805877686,0.9310768246650696,0.9345418214797974,0.9345710277557373,0.9233373403549194,0.9312372803688049,0.9539591670036316,0.9593217372894287,0.9681272506713867,0.9641534686088562,0.9576313495635986,0.9552053809165955,0.95528644323349,0.9443572163581848,0.9480846524238586,0.9555360674858093,0.9581302404403687,0.955295741558075,0.9432792067527771,0.9486949443817139,0.9612365961074829,0.9578565955162048,0.9606001973152161,0.9144302606582642,0.9736257791519165,0.9613462686538696,0.9422693252563477,0.9328763484954834
140,0.93192058801651,0.9275575876235962,0.9398958683013916,0.9501842260360718,0.9414184093475342,0.928142786026001,0.935453474521637,0.9324082136154175,0.9443475604057312,0.9482769966125488,0.9363380670547485,0.9437909126281738,0.9187520146369934,0.9244554042816162,0.942462682723999,0.9393950700759888,0.9440479278564453,0.9440950751304626,0.9495634436607361,0.9393470287322998,0.9433656334877014,0.9012637734413147,0.9310579299926758,0.90699702501297,0.9365105628967285,0.9804561138153076,0.9868875741958618,0.9898144006729126,1.0,0.9839304685592651,0.9754957556724548,0.9765687584877014,0.9678593277931213,0.9617307186126709,0.9622908234596252,0.9642452001571655,0.9558974504470825,0.9687300324440002,0.9647984504699707,0.9716024398803711,0.95538330078125,0.950147807598114,0.9589399099349976,0.9476946592330933,0.9609742164611816,0.9392803311347961,0.9323843717575073,0.9294883608818054,0.9170761108398438,0.9307650923728943,0.9538211226463318,0.9606432318687439,0.9731747508049011,0.9709319472312927,0.9633342027664185,0.9659717082977295,0.9592980742454529,0.9566014409065247,0.9585636258125305,0.9580923318862915,0.9579861164093018,0.9581888318061829,0.9465771913528442,0.9534235596656799,0.9654706120491028,0.9510596990585327,0.9549703598022461,0.908666729927063,0.9648542404174805,0.9608656167984009,0.942126989364624,0.9338384866714478
