,0,5,10,15,20,25,30,35,40,45,50,55,60,65,70,75,80,85,90,95,100,105,110,115,120,125,130,135,140,145,150,155,160,165,170,175,180,185,190,195,200,205,210,215,220,225,230,235,240,245,250,255,260,265,270,275,280,285,290,295,300,305,310,315,320,325,330,335,340,345,350,355
0,1.0,0.9934639930725098,0.9922651052474976,0.9873432517051697,0.9797871112823486,0.9837647676467896,0.9755799770355225,0.9714745283126831,0.9508370161056519,0.9559469819068909,0.9590590596199036,0.9686290621757507,0.9596242904663086,0.9700579047203064,0.9801011085510254,0.9834468960762024,0.9829161167144775,0.9799423217773438,0.9903159141540527,0.9876269102096558,0.984062671661377,0.9799033403396606,0.9743452668190002,0.9787399768829346,0.9757256507873535,0.9701406359672546,0.9700493812561035,0.9647887945175171,0.9642282128334045,0.9783504009246826,0.9800580739974976,0.9782646298408508,0.9821854829788208,0.976719319820404,0.9800336360931396,0.9622962474822998,0.9682565331459045,0.9684944748878479,0.9759611487388611,0.978012204170227,0.9691880941390991,0.9734469652175903,0.9672626852989197,0.9708201289176941,0.9593609571456909,0.9494051933288574,0.9428998231887817,0.9479746222496033,0.9620978832244873,0.9686602354049683,0.9737486243247986,0.9738779067993164,0.9822962284088135,0.9875756502151489,0.987094521522522,0.9882481098175049,0.9874058961868286,0.9820818901062012,0.9499349594116211,0.9645785093307495,0.9689365029335022,0.9768279194831848,0.9634754657745361,0.9562989473342896,0.9225756525993347,0.9506230354309082,0.9631949663162231,0.9811128377914429,0.9799531698226929,0.9851712584495544,0.9883305430412292,0.9908944368362427
5,0.9934639930725098,1.0000001192092896,0.9916922450065613,0.9889692068099976,0.9841755032539368,0.9847542643547058,0.9781904816627502,0.9777384400367737,0.9626936912536621,0.9646227359771729,0.9647818803787231,0.9730273485183716,0.9677668809890747,0.9738766551017761,0.9823158979415894,0.9832004904747009,0.9836647510528564,0.9835479855537415,0.9876120686531067,0.9852844476699829,0.9829027652740479,0.9796812534332275,0.9732915163040161,0.9764886498451233,0.9733473658561707,0.9711552858352661,0.9745105504989624,0.9734175801277161,0.9731405377388,0.9804885983467102,0.9808145761489868,0.9795351624488831,0.9859693050384521,0.9836853742599487,0.9834020137786865,0.9689995646476746,0.9717177152633667,0.9760507345199585,0.9784725904464722,0.9810101985931396,0.9754807949066162,0.9740786552429199,0.9703224301338196,0.9770367741584778,0.9692208766937256,0.9602943062782288,0.9497405290603638,0.9520800113677979,0.9651805758476257,0.9713891744613647,0.9726091027259827,0.9726626873016357,0.9787369966506958,0.9844071865081787,0.9886786937713623,0.9883101582527161,0.986943244934082,0.985276460647583,0.9591262340545654,0.9709670543670654,0.9742951393127441,0.9755242466926575,0.969551682472229,0.9637174010276794,0.9363914728164673,0.9558351635932922,0.9678826332092285,0.9822559356689453,0.9826043248176575,0.9849072098731995,0.9898514151573181,0.9925783276557922
10,0.9922651052474976,0.9916922450065613,1.000000238418579,0.9892088770866394,0.9786819219589233,0.9861294031143188,0.9777629375457764,0.9766315221786499,0.9551816582679749,0.9583562612533569,0.9638974070549011,0.9733006358146667,0.9620050191879272,0.9703724980354309,0.9802036285400391,0.983851432800293,0.9855894446372986,0.9804264307022095,0.9897999167442322,0.9873762726783752,0.9843841791152954,0.9830942749977112,0.9748116731643677,0.9786571264266968,0.9733264446258545,0.9710444808006287,0.9745485782623291,0.9686048030853271,0.9659547805786133,0.9860564470291138,0.9827119708061218,0.9810470938682556,0.9879280924797058,0.9814115166664124,0.9845935106277466,0.9642013311386108,0.9696757197380066,0.971325695514679,0.9827574491500854,0.9842877984046936,0.9739173650741577,0.9812955856323242,0.973691999912262,0.9749906063079834,0.9669315218925476,0.9590158462524414,0.9517984986305237,0.9577376246452332,0.9676913619041443,0.9750057458877563,0.978836715221405,0.9784817099571228,0.9871600866317749,0.9884586334228516,0.9843055009841919,0.986006498336792,0.9890724420547485,0.9835960865020752,0.9509854316711426,0.96443772315979,0.9746457934379578,0.9821099042892456,0.9719283580780029,0.9644466042518616,0.9316148161888123,0.955480694770813,0.9639392495155334,0.9845218658447266,0.9834222793579102,0.986578106880188,0.9873725175857544,0.9845832586288452
15,0.9873432517051697,0.9889692068099976,0.9892088770866394,1.000000238418579,0.9935749769210815,0.9915328025817871,0.9815315008163452,0.9769975543022156,0.9602257609367371,0.9651603698730469,0.9647819399833679,0.9705355763435364,0.9684606790542603,0.9742492437362671,0.9846987128257751,0.986730694770813,0.9828364253044128,0.9800682067871094,0.9805678129196167,0.9808988571166992,0.9802591800689697,0.985457181930542,0.9852054715156555,0.9810154438018799,0.976386547088623,0.9694198966026306,0.9708818197250366,0.971177339553833,0.9752287268638611,0.9821242690086365,0.986182451248169,0.9851611256599426,0.9861528873443604,0.9836736917495728,0.9797300696372986,0.9654028415679932,0.966462254524231,0.9709432721138,0.97367924451828,0.979128897190094,0.9776362180709839,0.9744132161140442,0.967086136341095,0.9719412922859192,0.9603663682937622,0.9494328498840332,0.9447003602981567,0.9470036029815674,0.9639094471931458,0.9681445360183716,0.9727023839950562,0.9747694730758667,0.9775468111038208,0.9812180399894714,0.9835442900657654,0.9843242168426514,0.9823593497276306,0.9848253726959229,0.959938108921051,0.9734940528869629,0.9708105325698853,0.9683747887611389,0.9607135057449341,0.9548035264015198,0.9271373748779297,0.9562860131263733,0.9685231447219849,0.9826847910881042,0.9810237884521484,0.9845845699310303,0.9827584028244019,0.9859582781791687
20,0.9797871112823486,0.9841755032539368,0.9786819219589233,0.9935749769210815,0.9999996423721313,0.9922083616256714,0.984006941318512,0.9780521392822266,0.9658046364784241,0.9694327712059021,0.9641010761260986,0.9688166975975037,0.972311794757843,0.9763147830963135,0.9837529063224792,0.9842931032180786,0.9772313237190247,0.9788104891777039,0.9733889102935791,0.973759651184082,0.9745801687240601,0.9808902740478516,0.9838706851005554,0.9763414859771729,0.9728251695632935,0.9677551984786987,0.9681837558746338,0.97162926197052,0.97840815782547,0.9766476154327393,0.9831083416938782,0.9829769134521484,0.9828006029129028,0.9833459854125977,0.9780768156051636,0.9663780331611633,0.9641726613044739,0.9709030389785767,0.9703132510185242,0.977857768535614,0.9822880625724792,0.9723190069198608,0.9662088751792908,0.9713232517242432,0.9597854614257812,0.9511929154396057,0.9444259405136108,0.9464308023452759,0.9630008339881897,0.9653306603431702,0.9693779349327087,0.9724282622337341,0.9682414531707764,0.9743309617042542,0.9832959175109863,0.9818037152290344,0.9764601588249207,0.9818131923675537,0.9624804258346558,0.9770868420600891,0.9713162183761597,0.9625533819198608,0.9628045558929443,0.9574182629585266,0.9365742802619934,0.9597415328025818,0.969490110874176,0.9783535003662109,0.9781286716461182,0.980384111404419,0.97674560546875,0.9824713468551636
25,0.9837647676467896,0.9847542643547058,0.9861294031143188,0.9915328025817871,0.9922083616256714,1.0000004768371582,0.990917444229126,0.9843138456344604,0.9640616178512573,0.9695812463760376,0.9695053100585938,0.9795660972595215,0.9746637344360352,0.9792466759681702,0.9859957695007324,0.9874752759933472,0.9808430075645447,0.9799829721450806,0.9812828302383423,0.981065571308136,0.9794449806213379,0.9835642576217651,0.9831132292747498,0.9813432097434998,0.9807949066162109,0.9775503873825073,0.9786590337753296,0.9754136800765991,0.9774945974349976,0.9848098754882812,0.9882172346115112,0.987859845161438,0.9880208969116211,0.9844821095466614,0.9841347932815552,0.9648354053497314,0.9638727307319641,0.9717772006988525,0.981857180595398,0.9857300519943237,0.9830763936042786,0.9818747043609619,0.974240243434906,0.9766241908073425,0.9676625728607178,0.9565993547439575,0.9541016221046448,0.9580519795417786,0.9698890447616577,0.9745820760726929,0.9768673777580261,0.9767208099365234,0.9778611063957214,0.9822696447372437,0.9842269420623779,0.9839395880699158,0.9813870787620544,0.9822875261306763,0.9555700421333313,0.9723289608955383,0.9750180244445801,0.9746569991111755,0.9699292778968811,0.9651113152503967,0.9394748210906982,0.9640611410140991,0.9694084525108337,0.9866139888763428,0.9828754663467407,0.9851716756820679,0.9802701473236084,0.9846572279930115
30,0.9755799770355225,0.9781904816627502,0.9777629375457764,0.9815315008163452,0.984006941318512,0.990917444229126,1.000000238418579,0.9903337955474854,0.968558132648468,0.972460925579071,0.972381055355072,0.9780392050743103,0.9705964922904968,0.9710923433303833,0.9765140414237976,0.9773191809654236,0.9726586937904358,0.9718129634857178,0.9756348133087158,0.971898078918457,0.9682109951972961,0.9776455760002136,0.9797616004943848,0.9758394360542297,0.9795669317245483,0.9807060360908508,0.9821949005126953,0.977428138256073,0.9787105917930603,0.9875353574752808,0.9867035150527954,0.9866605997085571,0.9825212955474854,0.9776091575622559,0.9795633554458618,0.9638895988464355,0.9640506505966187,0.9704281091690063,0.9791613221168518,0.9809901118278503,0.9831323623657227,0.9814151525497437,0.9804620742797852,0.98084557056427,0.9742254614830017,0.968964695930481,0.9652453660964966,0.9705820083618164,0.9771139621734619,0.9753767848014832,0.9744270443916321,0.9738724231719971,0.972750186920166,0.9786273837089539,0.9832862019538879,0.980967104434967,0.9774196147918701,0.9763212203979492,0.9538426399230957,0.9703722596168518,0.9815294146537781,0.9768194556236267,0.974103569984436,0.9735475778579712,0.9571055173873901,0.9767959117889404,0.971651017665863,0.982797384262085,0.9763006567955017,0.9769110083580017,0.9692420959472656,0.9729329347610474
35,0.9714745283126831,0.9777384400367737,0.9766315221786499,0.9769975543022156,0.9780521392822266,0.9843138456344604,0.9903337955474854,1.000000238418579,0.9811071753501892,0.9794918298721313,0.9839543104171753,0.9832094311714172,0.9747079610824585,0.9723873138427734,0.9763314127922058,0.972230851650238,0.9722951054573059,0.970674991607666,0.9734472036361694,0.969817042350769,0.9703404307365417,0.9751949310302734,0.97214674949646,0.9720023274421692,0.975152850151062,0.9854064583778381,0.9855775237083435,0.9859412312507629,0.9810532331466675,0.9884247183799744,0.9851747155189514,0.9820285439491272,0.9822205305099487,0.9781280755996704,0.9797264933586121,0.9656602740287781,0.9677599668502808,0.974234402179718,0.9796792268753052,0.9819480180740356,0.9850444793701172,0.9838384985923767,0.9841998219490051,0.9889897108078003,0.9824864268302917,0.9738708138465881,0.9688211679458618,0.9726707935333252,0.9752249717712402,0.9740609526634216,0.9710445404052734,0.9739434123039246,0.9713442325592041,0.9739578366279602,0.9801098108291626,0.9790727496147156,0.9731425046920776,0.9748926758766174,0.9573698043823242,0.9705278873443604,0.9824304580688477,0.980592668056488,0.9811962842941284,0.9773508310317993,0.9595097303390503,0.9775012135505676,0.9702226519584656,0.9781548976898193,0.9748711585998535,0.9774996042251587,0.9697164297103882,0.9703688025474548
40,0.9508370161056519,0.9626936912536621,0.9551816582679749,0.9602257609367371,0.9658046364784241,0.9640616178512573,0.968558132648468,0.9811071753501892,0.9999998211860657,0.9924709796905518,0.9855026006698608,0.9664352536201477,0.9672583341598511,0.9539400339126587,0.9580622911453247,0.9544045925140381,0.9576342701911926,0.9611583948135376,0.9538844227790833,0.9456497430801392,0.9486300945281982,0.9580053687095642,0.9542104601860046,0.9498792886734009,0.9479398727416992,0.9675712585449219,0.9779130220413208,0.9835641384124756,0.9805811643600464,0.9649121165275574,0.9655315279960632,0.9604717493057251,0.9617776870727539,0.9660653471946716,0.9596412777900696,0.9555285573005676,0.9555060267448425,0.9590446949005127,0.9571257829666138,0.9624963402748108,0.971617579460144,0.9573185443878174,0.9607974290847778,0.9752101898193359,0.9759109616279602,0.9658442735671997,0.9587222337722778,0.9477222561836243,0.9524665474891663,0.9508227705955505,0.9478990435600281,0.9537983536720276,0.9436827898025513,0.9479952454566956,0.9666330814361572,0.9574139714241028,0.9496169090270996,0.9565480351448059,0.9531573057174683,0.9626650214195251,0.9653598070144653,0.9562547206878662,0.9711660742759705,0.970207691192627,0.9555679559707642,0.9615411758422852,0.9550294876098633,0.9524372816085815,0.9538103342056274,0.9592186212539673,0.9524891376495361,0.9548474550247192
45,0.9559469819068909,0.9646227359771729,0.9583562612533569,0.9651603698730469,0.9694327712059021,0.9695812463760376,0.972460925579071,0.9794918298721313,0.9924709796905518,1.0,0.9881759285926819,0.9709903597831726,0.9706034660339355,0.9601413607597351,0.9637840390205383,0.9618299603462219,0.961615264415741,0.9647356271743774,0.9597653150558472,0.9527000188827515,0.9525597095489502,0.9640107154846191,0.9617811441421509,0.9582318663597107,0.9579092860221863,0.9708470702171326,0.9821793437004089,0.9852151870727539,0.9819557666778564,0.9672122001647949,0.9683481454849243,0.9651978015899658,0.9627509713172913,0.966529905796051,0.9606461524963379,0.9546689987182617,0.9534298777580261,0.9574902057647705,0.9593653082847595,0.9642452597618103,0.9719348549842834,0.9598812460899353,0.960769534111023,0.9739602208137512,0.9726538062095642,0.9614018201828003,0.9582013487815857,0.9496219158172607,0.9561949968338013,0.9525877833366394,0.9503668546676636,0.9549884796142578,0.9465945959091187,0.9535305500030518,0.968899130821228,0.9617499113082886,0.9550356268882751,0.9612153172492981,0.9557991027832031,0.9664297699928284,0.9668681621551514,0.9586315155029297,0.968574047088623,0.9699466228485107,0.9525408148765564,0.9636649489402771,0.9578019976615906,0.9583712816238403,0.9570850133895874,0.9616895914077759,0.9554387927055359,0.9599229097366333
50,0.9590590596199036,0.9647818803787231,0.9638974070549011,0.9647819399833679,0.9641010761260986,0.9695053100585938,0.972381055355072,0.9839543104171753,0.9855026006698608,0.9881759285926819,1.000000238418579,0.9855965971946716,0.9788963794708252,0.9683369994163513,0.9692010283470154,0.9657180309295654,0.9641715884208679,0.9634271860122681,0.9665297865867615,0.9572190046310425,0.9573957920074463,0.9687235355377197,0.960757315158844,0.9600313305854797,0.9628176689147949,0.9748478531837463,0.9832354187965393,0.9834396839141846,0.9763734340667725,0.9736111760139465,0.9709872007369995,0.9670702815055847,0.966656506061554,0.9638109803199768,0.9653980135917664,0.9547191262245178,0.9569746255874634,0.9604125022888184,0.9673412442207336,0.9692885875701904,0.9758336544036865,0.9695625901222229,0.9718359112739563,0.9813083410263062,0.9788268208503723,0.9612784385681152,0.963086724281311,0.9553723931312561,0.960993766784668,0.9591480493545532,0.9582230448722839,0.961948573589325,0.9571096897125244,0.9594728946685791,0.9668496251106262,0.9644762277603149,0.9576013684272766,0.9649787545204163,0.9556785225868225,0.9638387560844421,0.9719530940055847,0.9682386517524719,0.971996545791626,0.9686892032623291,0.9491785764694214,0.9678812026977539,0.9598349332809448,0.9642212390899658,0.961635947227478,0.9665787220001221,0.9589025974273682,0.9594513177871704
55,0.9686290621757507,0.9730273485183716,0.9733006358146667,0.9705355763435364,0.9688166975975037,0.9795660972595215,0.9780392050743103,0.9832094311714172,0.9664352536201477,0.9709903597831726,0.9855965971946716,1.0,0.9880689382553101,0.9852696061134338,0.983390212059021,0.9794172644615173,0.9698027968406677,0.9721272587776184,0.9764045476913452,0.9730470180511475,0.9714446067810059,0.9722773432731628,0.9631911516189575,0.9655518531799316,0.973758339881897,0.9779080152511597,0.9811618328094482,0.9767844080924988,0.9698637127876282,0.9821935892105103,0.976830005645752,0.9745703935623169,0.9771987199783325,0.9697322845458984,0.974341869354248,0.9511821269989014,0.9539873600006104,0.9666687846183777,0.9798527359962463,0.98007732629776,0.9785982966423035,0.9782940149307251,0.9759480953216553,0.9809536337852478,0.975483775138855,0.9549403190612793,0.9537003636360168,0.9565861225128174,0.9628516435623169,0.9688363075256348,0.9710893630981445,0.971472442150116,0.9709076285362244,0.9752438068389893,0.9720483422279358,0.9732888340950012,0.9700206518173218,0.9714682102203369,0.9471701383590698,0.9630421996116638,0.9757869243621826,0.9793667793273926,0.9731488227844238,0.9635819792747498,0.9409621357917786,0.9610346555709839,0.9545904994010925,0.9739201068878174,0.9726124405860901,0.9767515063285828,0.973313570022583,0.9723870754241943
60,0.9596242904663086,0.9677668809890747,0.9620050191879272,0.9684606790542603,0.972311794757843,0.9746637344360352,0.9705964922904968,0.9747079610824585,0.9672583341598511,0.9706034660339355,0.9788963794708252,0.9880689382553101,0.9999998807907104,0.9910152554512024,0.9827027320861816,0.979496419429779,0.9697509407997131,0.978187620639801,0.9675042033195496,0.9628658890724182,0.961434006690979,0.9711525440216064,0.9646791219711304,0.9598522186279297,0.9645404815673828,0.9629793763160706,0.9734684824943542,0.9706999063491821,0.9717984199523926,0.9694817066192627,0.970604658126831,0.9722394347190857,0.97182297706604,0.9730351567268372,0.9701904058456421,0.9595825672149658,0.9565410614013672,0.9676357507705688,0.9723548293113708,0.9750708341598511,0.9835211038589478,0.9707699418067932,0.9709206819534302,0.9752811789512634,0.9718509912490845,0.9519362449645996,0.9528852701187134,0.9480633735656738,0.9614589214324951,0.9620673060417175,0.9636951684951782,0.9633376598358154,0.9552334547042847,0.9623005390167236,0.9703830480575562,0.9701500535011292,0.9625571370124817,0.9719524383544922,0.9658142328262329,0.97393399477005,0.974376916885376,0.9596286416053772,0.966821551322937,0.9628421068191528,0.9495316743850708,0.9626399278640747,0.9614801406860352,0.9688753485679626,0.9649215936660767,0.9689417481422424,0.9633592367172241,0.9662958979606628
65,0.9700579047203064,0.9738766551017761,0.9703724980354309,0.9742492437362671,0.9763147830963135,0.9792466759681702,0.9710923433303833,0.9723873138427734,0.9539400339126587,0.9601413607597351,0.9683369994163513,0.9852696061134338,0.9910152554512024,1.0,0.9928377270698547,0.9885134696960449,0.9740549921989441,0.9788095951080322,0.9752048254013062,0.9759813547134399,0.9779377579689026,0.9781575202941895,0.9716297388076782,0.9717559218406677,0.9723886847496033,0.9659303426742554,0.9696193933486938,0.9661320447921753,0.9643808603286743,0.9724780917167664,0.9735441207885742,0.9738213419914246,0.977356493473053,0.9735394716262817,0.9735206961631775,0.9516100287437439,0.9519190788269043,0.9650749564170837,0.9751091599464417,0.9785757064819336,0.9800324440002441,0.9730308055877686,0.9681082367897034,0.970744252204895,0.9625626802444458,0.9454326033592224,0.9424408674240112,0.9462543725967407,0.9611343145370483,0.9666625261306763,0.9718257784843445,0.9698336124420166,0.9674509763717651,0.9737797379493713,0.9751655459403992,0.9764959216117859,0.973501980304718,0.9742894172668457,0.9529200792312622,0.9655646681785583,0.9713801145553589,0.9657197594642639,0.9653593301773071,0.9589976072311401,0.9370982646942139,0.9535312056541443,0.9571091532707214,0.9767846465110779,0.9763994812965393,0.9788140058517456,0.9743823409080505,0.9758370518684387
70,0.9801011085510254,0.9823158979415894,0.9802036285400391,0.9846987128257751,0.9837529063224792,0.9859957695007324,0.9765140414237976,0.9763314127922058,0.9580622911453247,0.9637840390205383,0.9692010283470154,0.983390212059021,0.9827027320861816,0.9928377270698547,1.000000238418579,0.9948945045471191,0.9858638048171997,0.9856833219528198,0.9842782020568848,0.9859563708305359,0.9857519268989563,0.9844281673431396,0.9789485335350037,0.9788143634796143,0.9765724539756775,0.9711300134658813,0.9729686975479126,0.9709103107452393,0.9696279168128967,0.9801360964775085,0.9795754551887512,0.9779502153396606,0.9823095798492432,0.9795000553131104,0.9770633578300476,0.9575862884521484,0.9570673704147339,0.9655758738517761,0.9765061140060425,0.9796802997589111,0.9775880575180054,0.9738110303878784,0.9671846628189087,0.9708082675933838,0.961621105670929,0.9479855895042419,0.9408292770385742,0.945369303226471,0.9619178771972656,0.9665960669517517,0.9710733294487,0.9736437797546387,0.9749469757080078,0.9806948900222778,0.9824121594429016,0.9816105365753174,0.97983318567276,0.978704035282135,0.9546160697937012,0.9691388010978699,0.9705443382263184,0.970663845539093,0.9673935174942017,0.9595391154289246,0.9319464564323425,0.9534189701080322,0.9610735774040222,0.9805092811584473,0.9824190139770508,0.9852534532546997,0.9818297624588013,0.9845802783966064
75,0.9834468960762024,0.9832004904747009,0.983851432800293,0.986730694770813,0.9842931032180786,0.9874752759933472,0.9773191809654236,0.972230851650238,0.9544045925140381,0.9618299603462219,0.9657180309295654,0.9794172644615173,0.979496419429779,0.9885134696960449,0.9948945045471191,1.0000001192092896,0.990700364112854,0.9900363683700562,0.9876766800880432,0.9867349863052368,0.9830071330070496,0.9846193194389343,0.9801180958747864,0.9793450236320496,0.9758163690567017,0.9682421684265137,0.973480761051178,0.9669796824455261,0.9679757356643677,0.9785898923873901,0.978880763053894,0.978259265422821,0.9819270968437195,0.9801863431930542,0.9794053435325623,0.9611589312553406,0.960216760635376,0.9662259817123413,0.9775472283363342,0.9791932106018066,0.9754226207733154,0.9749652743339539,0.9671564102172852,0.9692028760910034,0.9605096578598022,0.9494057297706604,0.9447450637817383,0.9471244812011719,0.9661774039268494,0.9696841239929199,0.974622905254364,0.9757070541381836,0.9782405495643616,0.983083188533783,0.983273983001709,0.9835129380226135,0.9832087159156799,0.9803450107574463,0.9556226134300232,0.9709659814834595,0.9715255498886108,0.9704047441482544,0.9677353501319885,0.9613796472549438,0.9318954944610596,0.955470621585846,0.9632406830787659,0.9835342168807983,0.9829904437065125,0.985385537147522,0.9826176166534424,0.9856836795806885
80,0.9829161167144775,0.9836647510528564,0.9855894446372986,0.9828364253044128,0.9772313237190247,0.9808430075645447,0.9726586937904358,0.9722951054573059,0.9576342701911926,0.961615264415741,0.9641715884208679,0.9698027968406677,0.9697509407997131,0.9740549921989441,0.9858638048171997,0.990700364112854,1.0000001192092896,0.9941192269325256,0.9898982048034668,0.9850221276283264,0.978413462638855,0.9800999760627747,0.9730048179626465,0.9733915328979492,0.9683570861816406,0.962582528591156,0.9726197123527527,0.9666456580162048,0.9681116342544556,0.9785919189453125,0.974743664264679,0.9753366112709045,0.9795520305633545,0.9833352565765381,0.9790143966674805,0.9716570377349854,0.9700640439987183,0.969102144241333,0.9767245054244995,0.9761711955070496,0.9701263308525085,0.9710769057273865,0.966059684753418,0.9674376249313354,0.9622112512588501,0.9540421366691589,0.9458210468292236,0.946626603603363,0.9635587930679321,0.9618836641311646,0.9618194699287415,0.9654691815376282,0.9724661111831665,0.9773385524749756,0.9818938970565796,0.9824355244636536,0.9816408753395081,0.9813776612281799,0.9642677903175354,0.9731437563896179,0.9697897434234619,0.9674995541572571,0.9690011739730835,0.9648926258087158,0.9364073276519775,0.9581618309020996,0.9708592891693115,0.9802373647689819,0.9776517748832703,0.9778586030006409,0.9773209095001221,0.9800816774368286
85,0.9799423217773438,0.9835479855537415,0.9804264307022095,0.9800682067871094,0.9788104891777039,0.9799829721450806,0.9718129634857178,0.970674991607666,0.9611583948135376,0.9647356271743774,0.9634271860122681,0.9721272587776184,0.978187620639801,0.9788095951080322,0.9856833219528198,0.9900363683700562,0.9941192269325256,1.0,0.9877786040306091,0.9846428632736206,0.9763118624687195,0.9773648977279663,0.9713607430458069,0.9675450325012207,0.9652674198150635,0.961175262928009,0.9729194641113281,0.9675995707511902,0.9713392853736877,0.9755871891975403,0.9743809700012207,0.9762169718742371,0.9797959327697754,0.9860746264457703,0.9802262783050537,0.9745425581932068,0.9696492552757263,0.9732548594474792,0.9780346155166626,0.9776633977890015,0.9741611480712891,0.9690373539924622,0.9637098908424377,0.9681786298751831,0.9656973481178284,0.9545897245407104,0.9487964510917664,0.9465939402580261,0.9632599353790283,0.962161660194397,0.9637656211853027,0.9672586917877197,0.9677501916885376,0.9760831594467163,0.985319197177887,0.9828610420227051,0.9788528680801392,0.9788873791694641,0.9644633531570435,0.9753124117851257,0.9699302315711975,0.9631441831588745,0.9684818983078003,0.9648144245147705,0.9420003890991211,0.9587817788124084,0.9672707319259644,0.9759275913238525,0.9726528525352478,0.9758958220481873,0.9765915274620056,0.981312096118927
90,0.9903159141540527,0.9876120686531067,0.9897999167442322,0.9805678129196167,0.9733889102935791,0.9812828302383423,0.9756348133087158,0.9734472036361694,0.9538844227790833,0.9597653150558472,0.9665297865867615,0.9764045476913452,0.9675042033195496,0.9752048254013062,0.9842782020568848,0.9876766800880432,0.9898982048034668,0.9877786040306091,0.9999999403953552,0.9936853051185608,0.9858741164207458,0.9839547276496887,0.9739534258842468,0.9778575897216797,0.9742973446846008,0.9697383046150208,0.9762774109840393,0.9677989482879639,0.9651601314544678,0.9815559387207031,0.9770898222923279,0.9754985570907593,0.9820928573608398,0.9769435524940491,0.9817324280738831,0.9638940691947937,0.9674639701843262,0.9684445261955261,0.9820942282676697,0.9807891845703125,0.9704552888870239,0.9778162837028503,0.9711570739746094,0.9706385135650635,0.9655676484107971,0.9554811120033264,0.9480987191200256,0.9507089257240295,0.9627951979637146,0.9665349721908569,0.9711328148841858,0.9730624556541443,0.9816752076148987,0.9871480464935303,0.9862862229347229,0.9854306578636169,0.9864716529846191,0.9807643294334412,0.9505295753479004,0.9642391204833984,0.973195493221283,0.9800041913986206,0.9727295637130737,0.9662622213363647,0.9332354068756104,0.9554079174995422,0.9616757035255432,0.9801651239395142,0.9807476997375488,0.9834095239639282,0.9834389686584473,0.9836918711662292
95,0.9876269102096558,0.9852844476699829,0.9873762726783752,0.9808988571166992,0.973759651184082,0.981065571308136,0.971898078918457,0.969817042350769,0.9456497430801392,0.9527000188827515,0.9572190046310425,0.9730470180511475,0.9628658890724182,0.9759813547134399,0.9859563708305359,0.9867349863052368,0.9850221276283264,0.9846428632736206,0.9936853051185608,1.0,0.9924489259719849,0.9822818636894226,0.9744616150856018,0.9788010120391846,0.9756773114204407,0.9700132608413696,0.9713027477264404,0.9640414714813232,0.9612088799476624,0.9812949299812317,0.9788253307342529,0.9759102463722229,0.9829415082931519,0.9768403768539429,0.9793708920478821,0.9563459157943726,0.9591056108474731,0.9668741822242737,0.9815188646316528,0.9812848567962646,0.9665679931640625,0.9731905460357666,0.9623844623565674,0.9635756015777588,0.9556333422660828,0.9438222646713257,0.934164822101593,0.944875955581665,0.9571828842163086,0.964083194732666,0.9703049659729004,0.9739247560501099,0.9817454218864441,0.9892691373825073,0.9850913286209106,0.985596239566803,0.9880319833755493,0.9765897989273071,0.9388101696968079,0.9570021629333496,0.965286374092102,0.9768078327178955,0.9647805690765381,0.9566516280174255,0.9218888282775879,0.9462113976478577,0.9519582390785217,0.9773282408714294,0.9801994562149048,0.9846419095993042,0.9848724603652954,0.9854846596717834
100,0.984062671661377,0.9829027652740479,0.9843841791152954,0.9802591800689697,0.9745801687240601,0.9794449806213379,0.9682109951972961,0.9703404307365417,0.9486300945281982,0.9525597095489502,0.9573957920074463,0.9714446067810059,0.961434006690979,0.9779377579689026,0.9857519268989563,0.9830071330070496,0.978413462638855,0.9763118624687195,0.9858741164207458,0.9924489259719849,1.0,0.9847809076309204,0.976411759853363,0.9817586541175842,0.976287305355072,0.9729790687561035,0.969131350517273,0.9683411121368408,0.9620124101638794,0.9786181449890137,0.9796186089515686,0.9722110033035278,0.9817089438438416,0.9736835956573486,0.9763302803039551,0.9488366842269897,0.9533036947250366,0.9652780890464783,0.9758572578430176,0.9799138903617859,0.967319905757904,0.9696903228759766,0.9604271650314331,0.9644049406051636,0.9541628360748291,0.9378919005393982,0.9275850653648376,0.939774215221405,0.9524213075637817,0.9627680778503418,0.97040855884552,0.9733030200004578,0.9824261665344238,0.9854300618171692,0.9832115173339844,0.9817339777946472,0.9865144491195679,0.9753519296646118,0.9346597194671631,0.954400360584259,0.9641664624214172,0.9772717952728271,0.9626505374908447,0.952338695526123,0.9160571694374084,0.9410020112991333,0.9478090405464172,0.9757604002952576,0.9816346764564514,0.9867809414863586,0.9854439496994019,0.9839711785316467
105,0.9799033403396606,0.9796812534332275,0.9830942749977112,0.985457181930542,0.9808902740478516,0.9835642576217651,0.9776455760002136,0.9751949310302734,0.9580053687095642,0.9640107154846191,0.9687235355377197,0.9722773432731628,0.9711525440216064,0.9781575202941895,0.9844281673431396,0.9846193194389343,0.9800999760627747,0.9773648977279663,0.9839547276496887,0.9822818636894226,0.9847809076309204,1.0,0.9933249354362488,0.9904071092605591,0.9824342727661133,0.9747482538223267,0.9779747128486633,0.9738081693649292,0.9750754237174988,0.9813503623008728,0.9839156866073608,0.9796121120452881,0.9815988540649414,0.9764633774757385,0.9774442911148071,0.962894082069397,0.9646183252334595,0.9668397903442383,0.9729944467544556,0.9774721264839172,0.977733850479126,0.9759705066680908,0.9712148904800415,0.9714998602867126,0.9645858407020569,0.9513673186302185,0.9503054618835449,0.9510322213172913,0.9644748568534851,0.9667290449142456,0.9708905220031738,0.9720163345336914,0.9755052328109741,0.978961706161499,0.9822250008583069,0.9807723760604858,0.9813311100006104,0.9834425449371338,0.9598537087440491,0.9720255136489868,0.9784645438194275,0.9734765291213989,0.9687451720237732,0.9659708142280579,0.9368008971214294,0.9618362188339233,0.9650718569755554,0.9799492359161377,0.9780135750770569,0.982984185218811,0.9737088680267334,0.9737259745597839
110,0.9743452668190002,0.9732915163040161,0.9748116731643677,0.9852054715156555,0.9838706851005554,0.9831132292747498,0.9797616004943848,0.97214674949646,0.9542104601860046,0.9617811441421509,0.960757315158844,0.9631911516189575,0.9646791219711304,0.9716297388076782,0.9789485335350037,0.9801180958747864,0.9730048179626465,0.9713607430458069,0.9739534258842468,0.9744616150856018,0.976411759853363,0.9933249354362488,1.0000005960464478,0.9909900426864624,0.9821039438247681,0.9716368317604065,0.972130298614502,0.969462513923645,0.9761269688606262,0.9783479571342468,0.9832904934883118,0.9796068668365479,0.9761435985565186,0.9729362726211548,0.9711265563964844,0.9601002931594849,0.9598837494850159,0.9624968767166138,0.9648488759994507,0.9708935022354126,0.9749637246131897,0.9693142771720886,0.9637762308120728,0.964708685874939,0.9551699161529541,0.9457759857177734,0.9470847845077515,0.9503567218780518,0.9653613567352295,0.9643764495849609,0.9667981266975403,0.9683114290237427,0.9678939580917358,0.9734498858451843,0.9796993732452393,0.9788944721221924,0.976733386516571,0.9790838956832886,0.9578838348388672,0.9729580283164978,0.9737822413444519,0.9629694223403931,0.9588477611541748,0.9579795598983765,0.9351341128349304,0.9622872471809387,0.9657138586044312,0.9770381450653076,0.973268985748291,0.9773914813995361,0.965898871421814,0.9697129726409912
115,0.9787399768829346,0.9764886498451233,0.9786571264266968,0.9810154438018799,0.9763414859771729,0.9813432097434998,0.9758394360542297,0.9720023274421692,0.9498792886734009,0.9582318663597107,0.9600313305854797,0.9655518531799316,0.9598522186279297,0.9717559218406677,0.9788143634796143,0.9793450236320496,0.9733915328979492,0.9675450325012207,0.9778575897216797,0.9788010120391846,0.9817586541175842,0.9904071092605591,0.9909900426864624,1.0000001192092896,0.9887046217918396,0.9754772186279297,0.9749749302864075,0.9694558382034302,0.9714480042457581,0.9789719581604004,0.9819377660751343,0.9768322110176086,0.9778393507003784,0.9717109203338623,0.9731795191764832,0.9563795328140259,0.9592999219894409,0.9619536399841309,0.9671934247016907,0.9720969200134277,0.9683133363723755,0.9709348082542419,0.9649384617805481,0.9653714895248413,0.9551281929016113,0.9463214874267578,0.9437284469604492,0.9519098997116089,0.963796854019165,0.9669879078865051,0.9679754972457886,0.9668760299682617,0.9728512167930603,0.9774987101554871,0.9781830310821533,0.979846715927124,0.9798448085784912,0.980562150478363,0.9524973034858704,0.9674524664878845,0.9731707572937012,0.971867561340332,0.9626302719116211,0.9588287472724915,0.9293650388717651,0.955420196056366,0.9623295068740845,0.9789977669715881,0.9776780605316162,0.9786711931228638,0.9724845290184021,0.9742891788482666
120,0.9757256507873535,0.9733473658561707,0.9733264446258545,0.976386547088623,0.9728251695632935,0.9807949066162109,0.9795669317245483,0.975152850151062,0.9479398727416992,0.9579092860221863,0.9628176689147949,0.973758339881897,0.9645404815673828,0.9723886847496033,0.9765724539756775,0.9758163690567017,0.9683570861816406,0.9652674198150635,0.9742973446846008,0.9756773114204407,0.976287305355072,0.9824342727661133,0.9821039438247681,0.9887046217918396,1.0,0.984663724899292,0.9792836308479309,0.9723415970802307,0.9751840829849243,0.9820935130119324,0.9866704940795898,0.9802341461181641,0.9765042662620544,0.9696630835533142,0.97088623046875,0.9549866318702698,0.9584717154502869,0.9672509431838989,0.9678293466567993,0.9705348610877991,0.9686838984489441,0.9691754579544067,0.9661743640899658,0.9712963104248047,0.9591949582099915,0.9422991871833801,0.9448850154876709,0.9550791382789612,0.966088593006134,0.9695676565170288,0.9679427742958069,0.9650296568870544,0.9702375531196594,0.9779322147369385,0.9751893877983093,0.9797409772872925,0.9758354425430298,0.9800095558166504,0.9521320462226868,0.9691247940063477,0.9733539819717407,0.9722176790237427,0.957449197769165,0.9527168273925781,0.9269886016845703,0.9598614573478699,0.962685763835907,0.9770419597625732,0.9705896973609924,0.9721982479095459,0.9687723517417908,0.9731866121292114
125,0.9701406359672546,0.9711552858352661,0.9710444808006287,0.9694198966026306,0.9677551984786987,0.9775503873825073,0.9807060360908508,0.9854064583778381,0.9675712585449219,0.9708470702171326,0.9748478531837463,0.9779080152511597,0.9629793763160706,0.9659303426742554,0.9711300134658813,0.9682421684265137,0.962582528591156,0.961175262928009,0.9697383046150208,0.9700132608413696,0.9729790687561035,0.9747482538223267,0.9716368317604065,0.9754772186279297,0.984663724899292,1.0000001192092896,0.9890349507331848,0.9861615300178528,0.9802265167236328,0.9836924076080322,0.9854733347892761,0.9751626253128052,0.9741784334182739,0.9655014276504517,0.9697819948196411,0.9492855668067932,0.9511675238609314,0.9623910784721375,0.9677185416221619,0.9724730253219604,0.9708600640296936,0.9677923321723938,0.9694817066192627,0.9817228317260742,0.9737914204597473,0.9579046964645386,0.9581283330917358,0.9644497632980347,0.9667039513587952,0.9714519381523132,0.9690371155738831,0.9720001816749573,0.9713796973228455,0.9748761057853699,0.9753835201263428,0.9761744141578674,0.9704768061637878,0.9697394371032715,0.9404478669166565,0.9622841477394104,0.9753340482711792,0.9817249178886414,0.9721161127090454,0.9655179381370544,0.9405250549316406,0.9666917324066162,0.9566673636436462,0.9724594354629517,0.9680463075637817,0.9758478403091431,0.9684762358665466,0.9692825078964233
130,0.9700493812561035,0.9745105504989624,0.9745485782623291,0.9708818197250366,0.9681837558746338,0.9786590337753296,0.9821949005126953,0.9855775237083435,0.9779130220413208,0.9821793437004089,0.9832354187965393,0.9811618328094482,0.9734684824943542,0.9696193933486938,0.9729686975479126,0.973480761051178,0.9726197123527527,0.9729194641113281,0.9762774109840393,0.9713027477264404,0.969131350517273,0.9779747128486633,0.972130298614502,0.9749749302864075,0.9792836308479309,0.9890349507331848,1.000000238418579,0.9913148283958435,0.9867653846740723,0.9849569201469421,0.9839062690734863,0.9775967001914978,0.9770932793617249,0.9742948412895203,0.9762619733810425,0.9621914625167847,0.962778627872467,0.9690149426460266,0.9753835201263428,0.9764556288719177,0.9756194949150085,0.9723858833312988,0.9746421575546265,0.9832652807235718,0.982988178730011,0.970609724521637,0.9704305529594421,0.9696725606918335,0.9739499688148499,0.9732938408851624,0.9683243632316589,0.9684584736824036,0.9678059220314026,0.9730499386787415,0.9779998064041138,0.9766628742218018,0.9727414846420288,0.9743506908416748,0.9571533203125,0.9714949727058411,0.9822437167167664,0.9792531132698059,0.981498122215271,0.9806352853775024,0.9593344330787659,0.9740403890609741,0.9667864441871643,0.9758285880088806,0.9710420966148376,0.9744241833686829,0.9683041572570801,0.9700897932052612
135,0.9647887945175171,0.9734175801277161,0.9686048030853271,0.971177339553833,0.97162926197052,0.9754136800765991,0.977428138256073,0.9859412312507629,0.9835641384124756,0.9852151870727539,0.9834396839141846,0.9767844080924988,0.9706999063491821,0.9661320447921753,0.9709103107452393,0.9669796824455261,0.9666456580162048,0.9675995707511902,0.9677989482879639,0.9640414714813232,0.9683411121368408,0.9738081693649292,0.969462513923645,0.9694558382034302,0.9723415970802307,0.9861615300178528,0.9913148283958435,1.0,0.9916871786117554,0.9816716909408569,0.9818631410598755,0.974125325679779,0.9760661125183105,0.9736185073852539,0.9726024270057678,0.9608651399612427,0.9606204628944397,0.9693501591682434,0.9676192998886108,0.9725257158279419,0.9765369892120361,0.9656030535697937,0.9694647789001465,0.9817036986351013,0.9805169105529785,0.9662669897079468,0.96061110496521,0.9597362279891968,0.9643579721450806,0.9645612835884094,0.9597622156143188,0.9629250764846802,0.9605273604393005,0.963843047618866,0.9743037819862366,0.9707217812538147,0.9645970463752747,0.969902753829956,0.9544820785522461,0.9686715602874756,0.9755618572235107,0.9720582365989685,0.9759209752082825,0.9733263850212097,0.9539428949356079,0.9689356088638306,0.9658815860748291,0.9704238176345825,0.9683777689933777,0.9705949425697327,0.9656686186790466,0.9676867127418518
140,0.9642282128334045,0.9731405377388,0.9659547805786133,0.9752287268638611,0.97840815782547,0.9774945974349976,0.9787105917930603,0.9810532331466675,0.9805811643600464,0.9819557666778564,0.9763734340667725,0.9698637127876282,0.9717984199523926,0.9643808603286743,0.9696279168128967,0.9679757356643677,0.9681116342544556,0.9713392853736877,0.9651601314544678,0.9612088799476624,0.9620124101638794,0.9750754237174988,0.9761269688606262,0.9714480042457581,0.9751840829849243,0.9802265167236328,0.9867653846740723,0.9916871786117554,1.0000004768371582,0.9801084399223328,0.9837149977684021,0.978954553604126,0.9753352999687195,0.9776252508163452,0.9712589383125305,0.9694482684135437,0.965828537940979,0.9728019833564758,0.9639874696731567,0.9699966907501221,0.9767119884490967,0.9602224826812744,0.9636650085449219,0.9762682914733887,0.9757189154624939,0.9611547589302063,0.9603523015975952,0.9564520120620728,0.9646226167678833,0.9623924493789673,0.9561209082603455,0.9583917856216431,0.9540972113609314,0.961524486541748,0.9766095876693726,0.972472071647644,0.9625703692436218,0.9749566912651062,0.9653112292289734,0.9780675172805786,0.974926233291626,0.961594820022583,0.9674123525619507,0.9673078060150146,0.9536004662513733,0.9711583256721497,0.9710693359375,0.9693740010261536,0.9628815650939941,0.9655371904373169,0.9599651098251343,0.9670889973640442
