,0,5,10,15,20,25,30,35,40,45,50,55,60,65,70,75,80,85,90,95,100,105,110,115,120,125,130,135,140,145,150,155,160,165,170,175,180,185,190,195,200,205,210,215,220,225,230,235,240,245,250,255,260,265,270,275,280,285,290,295,300,305,310,315,320,325,330,335,340,345,350,355
0,1.000000238418579,0.9651504755020142,0.9474469423294067,0.9242070913314819,0.9217599034309387,0.9201589822769165,0.8993881940841675,0.9158270359039307,0.8915873765945435,0.9094021916389465,0.8885523080825806,0.9157207012176514,0.9049319624900818,0.8514479398727417,0.8691627979278564,0.8622316718101501,0.874318540096283,0.8873222470283508,0.9119647145271301,0.9032019376754761,0.9100117087364197,0.8898712396621704,0.9180169105529785,0.9092608690261841,0.8742923736572266,0.8368238210678101,0.8523646593093872,0.8751810193061829,0.9181602001190186,0.935871422290802,0.8990519046783447,0.9118449687957764,0.9014486074447632,0.8980535268783569,0.8823535442352295,0.8797788619995117,0.9044501185417175,0.912608802318573,0.9252561926841736,0.90915447473526,0.9171392321586609,0.9237873554229736,0.8888549208641052,0.865412712097168,0.8495979309082031,0.8186836242675781,0.823556661605835,0.8451038599014282,0.8861980438232422,0.8975616693496704,0.9071905016899109,0.9091513156890869,0.9130562543869019,0.9118536114692688,0.9501194953918457,0.9058464765548706,0.8913713693618774,0.9094343185424805,0.8763611912727356,0.8623994588851929,0.8477262854576111,0.8554956912994385,0.8781402111053467,0.875852108001709,0.8790778517723083,0.9125838875770569,0.9228538870811462,0.8980681300163269,0.8840171098709106,0.8990379571914673,0.9473230242729187,0.9429020881652832
5,0.9651504755020142,1.0,0.9845578670501709,0.9540860056877136,0.9420279860496521,0.9471247792243958,0.920274019241333,0.9146852493286133,0.8991851806640625,0.9009811282157898,0.8779717087745667,0.9011847376823425,0.9136375784873962,0.8673652410507202,0.8716669678688049,0.8738263845443726,0.8822808265686035,0.9073972702026367,0.9141323566436768,0.9272074103355408,0.9329323172569275,0.9102709889411926,0.9321236610412598,0.9147834181785583,0.897339403629303,0.8609748482704163,0.8693981170654297,0.8793387413024902,0.9218484163284302,0.9462007880210876,0.9236023426055908,0.9322746396064758,0.9276766777038574,0.9073164463043213,0.8851144313812256,0.8717267513275146,0.8914135098457336,0.9227597713470459,0.9341895580291748,0.9240934252738953,0.9319141507148743,0.9307689666748047,0.9258284568786621,0.8982342481613159,0.8784157037734985,0.8289421796798706,0.8398346900939941,0.8711757659912109,0.9167261123657227,0.9176095724105835,0.9276059865951538,0.9366185665130615,0.9253222942352295,0.9276105761528015,0.9446933269500732,0.9278945922851562,0.9316148161888123,0.928615152835846,0.8941346406936646,0.8913339376449585,0.8659592866897583,0.8683211207389832,0.900248110294342,0.8990979194641113,0.8974051475524902,0.9408295154571533,0.9441285133361816,0.9237110614776611,0.9079391956329346,0.9304404258728027,0.9646168351173401,0.946517288684845
10,0.9474469423294067,0.9845578670501709,1.0000001192092896,0.9600474238395691,0.9446713924407959,0.9428681135177612,0.9154768586158752,0.9040788412094116,0.8825749754905701,0.8897950649261475,0.860963761806488,0.890554666519165,0.9036918878555298,0.8603442907333374,0.8719953298568726,0.8717837929725647,0.8737373352050781,0.9039924144744873,0.9098179340362549,0.9254791140556335,0.9283339381217957,0.9024326801300049,0.9274867177009583,0.898665189743042,0.8854150772094727,0.8464038968086243,0.8594708442687988,0.8696471452713013,0.9102274775505066,0.9339274168014526,0.9148872494697571,0.9239567518234253,0.9163608551025391,0.8927985429763794,0.8713736534118652,0.8534996509552002,0.8812886476516724,0.9057037234306335,0.9211258888244629,0.9102873802185059,0.9201927185058594,0.9199732542037964,0.9137201309204102,0.8882148265838623,0.8654576539993286,0.8141746520996094,0.8256493210792542,0.8581198453903198,0.9059182405471802,0.9117532968521118,0.9166805148124695,0.9285901188850403,0.917583167552948,0.9167670607566833,0.936418354511261,0.914592981338501,0.9226078987121582,0.9203037023544312,0.8853112459182739,0.8829108476638794,0.866812527179718,0.8722444772720337,0.9006617665290833,0.8979107141494751,0.8954708576202393,0.9406838417053223,0.9415204524993896,0.9233824610710144,0.9097015857696533,0.9345687627792358,0.9623264670372009,0.9235662221908569
15,0.9242070913314819,0.9540860056877136,0.9600474238395691,1.0,0.9739412069320679,0.968022882938385,0.9656552076339722,0.9404343366622925,0.9253357648849487,0.9048589468002319,0.8892121315002441,0.910713791847229,0.9165710806846619,0.8698345422744751,0.8789032101631165,0.8734539747238159,0.8716524839401245,0.8837209343910217,0.8883012533187866,0.9155375957489014,0.9285828471183777,0.9061153531074524,0.9395739436149597,0.8961023092269897,0.8671389818191528,0.8535560369491577,0.8641864061355591,0.8725670576095581,0.9060590863227844,0.9404232501983643,0.9189419746398926,0.9106302261352539,0.9297483563423157,0.9097728729248047,0.8981071710586548,0.8878376483917236,0.9113437533378601,0.9351305961608887,0.9292014241218567,0.9311994910240173,0.9352085590362549,0.9283585548400879,0.9321240186691284,0.9234752655029297,0.913855791091919,0.8730398416519165,0.8805699944496155,0.8957767486572266,0.9296379685401917,0.924568235874176,0.918788492679596,0.9324253797531128,0.9295408725738525,0.9118779897689819,0.9431599378585815,0.9276925921440125,0.9169989228248596,0.9222838878631592,0.9073449969291687,0.9061185121536255,0.8965365290641785,0.9182724356651306,0.9304765462875366,0.9320411682128906,0.9248329997062683,0.944607138633728,0.9595508575439453,0.9263770580291748,0.9207636713981628,0.9292484521865845,0.9431436061859131,0.9251216650009155
20,0.9217599034309387,0.9420279860496521,0.9446713924407959,0.9739412069320679,1.0000001192092896,0.9835567474365234,0.9688586592674255,0.9654719829559326,0.9394192099571228,0.9279170036315918,0.9161012172698975,0.9315370321273804,0.9346593618392944,0.9049174785614014,0.9162943959236145,0.9109944105148315,0.8982518911361694,0.8940432071685791,0.8989686965942383,0.9211682081222534,0.9357725381851196,0.9099440574645996,0.9549378156661987,0.9134807586669922,0.8670510649681091,0.8539952635765076,0.8522571921348572,0.8704103231430054,0.9012124538421631,0.9362781047821045,0.9174593091011047,0.9271141290664673,0.9354623556137085,0.9388886094093323,0.9289196729660034,0.9201125502586365,0.9288554191589355,0.9571216106414795,0.9545851945877075,0.9413700699806213,0.9546127319335938,0.9532131552696228,0.941133975982666,0.9224071502685547,0.9029281139373779,0.8626335859298706,0.8720802068710327,0.8952640295028687,0.9283838272094727,0.9439637064933777,0.9438156485557556,0.9476228952407837,0.9472733736038208,0.9299638867378235,0.949410080909729,0.9352149367332458,0.909882664680481,0.9395408630371094,0.9257512092590332,0.9237078428268433,0.9162633419036865,0.9304559230804443,0.9392317533493042,0.9378688335418701,0.930109441280365,0.9482365846633911,0.968277633190155,0.9361758828163147,0.9150081872940063,0.9164516925811768,0.930409848690033,0.9208114147186279
25,0.9201589822769165,0.9471247792243958,0.9428681135177612,0.968022882938385,0.9835567474365234,1.0,0.9801300764083862,0.9666686058044434,0.9486044645309448,0.9280769228935242,0.9251601696014404,0.9389373660087585,0.9445081949234009,0.915276288986206,0.9153748154640198,0.9173673391342163,0.9105446338653564,0.9098778963088989,0.9143005013465881,0.9294724464416504,0.9389076232910156,0.9196246862411499,0.9474258422851562,0.9146657586097717,0.8736374378204346,0.8622392416000366,0.8586869239807129,0.8818818926811218,0.9066458344459534,0.9448286890983582,0.9132728576660156,0.9220907688140869,0.9331019520759583,0.9278207421302795,0.9143577218055725,0.90135657787323,0.9182030558586121,0.9464361071586609,0.9445183873176575,0.9399724006652832,0.9481713175773621,0.9430974721908569,0.9415539503097534,0.9206176996231079,0.9043588638305664,0.8614616394042969,0.8745437264442444,0.8966637849807739,0.9249486923217773,0.9369802474975586,0.9435849785804749,0.9423507452011108,0.9431959986686707,0.9298651814460754,0.9508218765258789,0.9383956789970398,0.919043779373169,0.9352506399154663,0.9301601052284241,0.9297897815704346,0.9182591438293457,0.9299556016921997,0.9430366158485413,0.9424341917037964,0.9315565824508667,0.9521940350532532,0.9642901420593262,0.9303487539291382,0.9070302248001099,0.9098923206329346,0.927930474281311,0.9240963459014893
30,0.8993881940841675,0.920274019241333,0.9154768586158752,0.9656552076339722,0.9688586592674255,0.9801300764083862,1.0,0.9652551412582397,0.942034900188446,0.9139862656593323,0.9257087111473083,0.9398823976516724,0.9420995712280273,0.9070014953613281,0.9035516977310181,0.8983575701713562,0.8854966163635254,0.8844998478889465,0.8893427848815918,0.9022583961486816,0.906619668006897,0.8938741683959961,0.9295837879180908,0.8856122493743896,0.8426092863082886,0.8330456018447876,0.8297724723815918,0.8467475175857544,0.8782834410667419,0.931628406047821,0.9121031761169434,0.9043636322021484,0.9187508821487427,0.9082351922988892,0.9057365655899048,0.8946044445037842,0.9148802757263184,0.9408677816390991,0.9269198775291443,0.9330496788024902,0.9353923201560974,0.9201138019561768,0.9200166463851929,0.9064237475395203,0.9023647308349609,0.8615243434906006,0.8746048212051392,0.8854489326477051,0.9126216769218445,0.9126394391059875,0.9096625447273254,0.9131616353988647,0.9268061518669128,0.906022310256958,0.941196858882904,0.9331049919128418,0.9022335410118103,0.9123632907867432,0.9295556545257568,0.9171453714370728,0.9274221658706665,0.9483399987220764,0.9424344897270203,0.9484133720397949,0.9435117244720459,0.9488008618354797,0.9564898014068604,0.8982133865356445,0.8831688165664673,0.8774674534797668,0.8970339894294739,0.8973531126976013
35,0.9158270359039307,0.9146852493286133,0.9040788412094116,0.9404343366622925,0.9654719829559326,0.9666686058044434,0.9652551412582397,1.0,0.9744100570678711,0.9673526287078857,0.9636013507843018,0.9612921476364136,0.9431695938110352,0.9061235189437866,0.9135546088218689,0.9006274938583374,0.8911533355712891,0.8828122019767761,0.8881217837333679,0.9025986790657043,0.9185627102851868,0.8971593379974365,0.9352344274520874,0.9158120155334473,0.8575061559677124,0.8475427627563477,0.8437972664833069,0.877082347869873,0.9126507639884949,0.9423385858535767,0.9034844636917114,0.9146943092346191,0.9179555177688599,0.940802812576294,0.9407597184181213,0.9352834224700928,0.943112850189209,0.9616714715957642,0.9525538086891174,0.9421312808990479,0.9490197896957397,0.9456109404563904,0.9246459007263184,0.9012000560760498,0.8852131962776184,0.8532654047012329,0.8565561175346375,0.8739185333251953,0.8958426713943481,0.9201855659484863,0.9284858107566833,0.9227888584136963,0.932977557182312,0.9188344478607178,0.9474167823791504,0.9214097857475281,0.89101243019104,0.9292628765106201,0.9247277975082397,0.9167823195457458,0.9018567204475403,0.9228336215019226,0.9283319711685181,0.9381030797958374,0.9357203245162964,0.9336791038513184,0.945796012878418,0.9054839015007019,0.8761547803878784,0.8754515647888184,0.9065549969673157,0.9128512740135193
40,0.8915873765945435,0.8991851806640625,0.8825749754905701,0.9253357648849487,0.9394192099571228,0.9486044645309448,0.942034900188446,0.9744100570678711,0.9999999403953552,0.974678635597229,0.9647809267044067,0.9464946389198303,0.9352983832359314,0.9046909809112549,0.8998293876647949,0.8846585154533386,0.8854588270187378,0.8698101043701172,0.8674982190132141,0.8969837427139282,0.913739025592804,0.8898768424987793,0.9131516218185425,0.9126999378204346,0.8726843595504761,0.8823854327201843,0.8842182755470276,0.9040942192077637,0.9210888147354126,0.9280372858047485,0.8802335858345032,0.8904319405555725,0.9048255681991577,0.9315037131309509,0.9308188557624817,0.9270620942115784,0.9387241005897522,0.9473093748092651,0.9331480264663696,0.9196321368217468,0.9391676783561707,0.9397368431091309,0.944861888885498,0.9339112043380737,0.9281546473503113,0.9034885168075562,0.903006911277771,0.9087464809417725,0.9161170721054077,0.9286966323852539,0.9317604899406433,0.934407114982605,0.9389335513114929,0.9327799081802368,0.9367567300796509,0.913231372833252,0.8977177739143372,0.9373603463172913,0.9246338605880737,0.930507481098175,0.8924368619918823,0.9008986353874207,0.9300190806388855,0.9360553026199341,0.9291659593582153,0.9165914058685303,0.9374090433120728,0.9248737096786499,0.9053270816802979,0.8975281715393066,0.9107288122177124,0.9249775409698486
45,0.9094021916389465,0.9009811282157898,0.8897950649261475,0.9048589468002319,0.9279170036315918,0.9280769228935242,0.9139862656593323,0.9673526287078857,0.974678635597229,1.000000238418579,0.9718368053436279,0.9526175260543823,0.9288015961647034,0.8954859972000122,0.8986251950263977,0.8800987005233765,0.8790230751037598,0.8720608949661255,0.8722594380378723,0.8869175910949707,0.9052126407623291,0.8764921426773071,0.9092096090316772,0.9098714590072632,0.8674116730690002,0.8608250617980957,0.8755818605422974,0.9051827192306519,0.9366791248321533,0.9338642358779907,0.889750063419342,0.910751223564148,0.9078251123428345,0.9411177635192871,0.943429708480835,0.9364544153213501,0.9451956748962402,0.9445219039916992,0.9412736892700195,0.9178476333618164,0.9392070770263672,0.9502072334289551,0.9294390082359314,0.9068794250488281,0.8928645253181458,0.8732680082321167,0.8745375871658325,0.8835166096687317,0.8968889713287354,0.9240729212760925,0.9286185503005981,0.9301588535308838,0.9348658323287964,0.9300616979598999,0.9333063960075378,0.8913984298706055,0.8782637119293213,0.926112711429596,0.902363657951355,0.9025351405143738,0.8686137795448303,0.8820947408676147,0.915412425994873,0.9209613800048828,0.9174057245254517,0.910049319267273,0.92209792137146,0.9152258634567261,0.8855359554290771,0.8850452303886414,0.9160850048065186,0.9217512011528015
50,0.8885523080825806,0.8779717087745667,0.860963761806488,0.8892121315002441,0.9161012172698975,0.9251601696014404,0.9257087111473083,0.9636013507843018,0.9647809267044067,0.9718368053436279,1.0,0.9770424365997314,0.9515705108642578,0.920473575592041,0.9229357242584229,0.9047532677650452,0.8945670127868652,0.879484236240387,0.8852817416191101,0.8865925073623657,0.8854467868804932,0.8687441945075989,0.8931500315666199,0.8862811923027039,0.8340286612510681,0.830764651298523,0.8298579454421997,0.8668243885040283,0.9039917588233948,0.9248957633972168,0.8936574459075928,0.9046316742897034,0.8973800539970398,0.922158420085907,0.925837516784668,0.9194109439849854,0.9316473603248596,0.9424574375152588,0.9330886602401733,0.9232786893844604,0.9305182099342346,0.9177098870277405,0.8959225416183472,0.8772814869880676,0.8787003755569458,0.848278284072876,0.8608704805374146,0.8612688183784485,0.8758010864257812,0.895206093788147,0.9047567844390869,0.898513674736023,0.9211698770523071,0.9121122360229492,0.9298374056816101,0.9040681719779968,0.8800876140594482,0.9154810309410095,0.9226603507995605,0.9083077907562256,0.899109959602356,0.9064205884933472,0.922102689743042,0.9301064610481262,0.9321002960205078,0.9121967554092407,0.9142851829528809,0.8763786554336548,0.8486698269844055,0.8388851284980774,0.8738314509391785,0.88532954454422
55,0.9157207012176514,0.9011847376823425,0.890554666519165,0.910713791847229,0.9315370321273804,0.9389373660087585,0.9398823976516724,0.9612921476364136,0.9464946389198303,0.9526175260543823,0.9770424365997314,1.0000001192092896,0.9751819372177124,0.9393520951271057,0.9444144368171692,0.9261385202407837,0.9195379018783569,0.9116307497024536,0.9190202951431274,0.9127942323684692,0.9008628129959106,0.8823301792144775,0.910621166229248,0.8926633596420288,0.8434367775917053,0.8277842998504639,0.8289142847061157,0.8627555966377258,0.9037070870399475,0.9337633848190308,0.9074797034263611,0.9140876531600952,0.9013036489486694,0.9160166382789612,0.9096733331680298,0.9029486775398254,0.9198081493377686,0.934147298336029,0.9300064444541931,0.9222967624664307,0.9284915924072266,0.9185948967933655,0.8911954164505005,0.8792887330055237,0.8679368495941162,0.8495224714279175,0.8620172739028931,0.8680700659751892,0.883971631526947,0.9007421731948853,0.9098119735717773,0.9051892757415771,0.9308632612228394,0.919195294380188,0.9457663297653198,0.9176293611526489,0.8924354314804077,0.9278594255447388,0.9345697164535522,0.9114820957183838,0.9086258411407471,0.9168367981910706,0.9234722852706909,0.9243382215499878,0.928099513053894,0.9244307279586792,0.9261415004730225,0.8843117952346802,0.8630286455154419,0.8547823429107666,0.894212543964386,0.8954324722290039
60,0.9049319624900818,0.9136375784873962,0.9036918878555298,0.9165710806846619,0.9346593618392944,0.9445081949234009,0.9420995712280273,0.9431695938110352,0.9352983832359314,0.9288015961647034,0.9515705108642578,0.9751819372177124,1.000000238418579,0.9726054668426514,0.9617892503738403,0.941912055015564,0.9454544186592102,0.9366018772125244,0.9388076066970825,0.9440165758132935,0.9237083196640015,0.9082425832748413,0.9323428273200989,0.9121723175048828,0.8779047727584839,0.8647153973579407,0.8482245802879333,0.8693537712097168,0.8950341939926147,0.9330620765686035,0.9139631390571594,0.9225846529006958,0.9197091460227966,0.9140473008155823,0.8992791175842285,0.8856527805328369,0.911483883857727,0.926246702671051,0.9198544025421143,0.9103269577026367,0.9206770658493042,0.9073695540428162,0.9072161912918091,0.8994887471199036,0.8892692923545837,0.8614972829818726,0.8832643032073975,0.8978663682937622,0.9173119068145752,0.9214709401130676,0.9205894470214844,0.9232538938522339,0.9434588551521301,0.937380313873291,0.9581952095031738,0.9387405514717102,0.9173476696014404,0.9402589201927185,0.9566331505775452,0.941081166267395,0.9443628787994385,0.931730329990387,0.941921591758728,0.9379560947418213,0.9359539747238159,0.9452196359634399,0.9443091750144958,0.9113316535949707,0.8863955140113831,0.8748322129249573,0.9037803411483765,0.8945209980010986
65,0.8514479398727417,0.8673652410507202,0.8603442907333374,0.8698345422744751,0.9049174785614014,0.915276288986206,0.9070014953613281,0.9061235189437866,0.9046909809112549,0.8954859972000122,0.920473575592041,0.9393520951271057,0.9726054668426514,0.9999999403953552,0.9738527536392212,0.9578168392181396,0.9601305723190308,0.9432940483093262,0.9340405464172363,0.93378746509552,0.9064162969589233,0.9013315439224243,0.9115890860557556,0.8840934038162231,0.8485607504844666,0.8464750051498413,0.8263468742370605,0.8427045941352844,0.8486020565032959,0.8900217413902283,0.8794454336166382,0.904176652431488,0.9033379554748535,0.9023865461349487,0.8808152079582214,0.8661761283874512,0.8832460641860962,0.8990157842636108,0.8935377597808838,0.8770673871040344,0.8930784463882446,0.8814603090286255,0.8800331950187683,0.8739840984344482,0.8619194030761719,0.827441930770874,0.8616085648536682,0.8670016527175903,0.8864843249320984,0.9045125246047974,0.9110186100006104,0.9029037952423096,0.9299671649932861,0.9235564470291138,0.924043595790863,0.9109124541282654,0.882836103439331,0.9132423996925354,0.9426422119140625,0.9287731647491455,0.9368864297866821,0.9186050295829773,0.9279268980026245,0.9159625172615051,0.9008504152297974,0.9055430889129639,0.9091139435768127,0.8833146691322327,0.8517895340919495,0.8326631784439087,0.8538293838500977,0.84687340259552
70,0.8691627979278564,0.8716669678688049,0.8719953298568726,0.8789032101631165,0.9162943959236145,0.9153748154640198,0.9035516977310181,0.9135546088218689,0.8998293876647949,0.8986251950263977,0.9229357242584229,0.9444144368171692,0.9617892503738403,0.9738527536392212,1.0,0.9856688976287842,0.9662346839904785,0.94480299949646,0.9480922222137451,0.9333040118217468,0.9035000801086426,0.8863772749900818,0.9019702076911926,0.8704173564910889,0.8187838792800903,0.8095120787620544,0.7962336540222168,0.8310299515724182,0.8528598546981812,0.8930712342262268,0.8864231705665588,0.9137868285179138,0.8940600156784058,0.8973182439804077,0.8769895434379578,0.8646872639656067,0.8755713105201721,0.8983122706413269,0.9030069708824158,0.885113000869751,0.894507646560669,0.8851077556610107,0.8629277944564819,0.8571816682815552,0.8510623574256897,0.8157809376716614,0.842495322227478,0.8459693193435669,0.8735049366950989,0.8993462920188904,0.9052569270133972,0.9002270698547363,0.935583233833313,0.9195584654808044,0.9271942973136902,0.9066999554634094,0.8842827081680298,0.9211004376411438,0.9321587085723877,0.9108470678329468,0.9337184429168701,0.9205040335655212,0.9274751543998718,0.9139072895050049,0.9032382369041443,0.9094722270965576,0.9119601845741272,0.8792996406555176,0.8447710871696472,0.8338515758514404,0.8621015548706055,0.8398227095603943
75,0.8622316718101501,0.8738263845443726,0.8717837929725647,0.8734539747238159,0.9109944105148315,0.9173673391342163,0.8983575701713562,0.9006274938583374,0.8846585154533386,0.8800987005233765,0.9047532677650452,0.9261385202407837,0.941912055015564,0.9578168392181396,0.9856688976287842,1.0,0.974027156829834,0.9543730616569519,0.9553126692771912,0.9308198690414429,0.9006844758987427,0.881452739238739,0.890529990196228,0.8546304106712341,0.8023850917816162,0.7908986210823059,0.784838855266571,0.8209874033927917,0.8444977402687073,0.8891209959983826,0.8804181218147278,0.906631350517273,0.8835686445236206,0.8804597854614258,0.8553148508071899,0.8411592841148376,0.8491847515106201,0.8825250267982483,0.893943190574646,0.8787648677825928,0.8810665607452393,0.8785033822059631,0.8535928130149841,0.8437999486923218,0.8384850025177002,0.7988303303718567,0.8257068395614624,0.8298603296279907,0.8601769208908081,0.8913652300834656,0.9024182558059692,0.8942792415618896,0.9235888719558716,0.9057404398918152,0.9100704193115234,0.8969384431838989,0.8737435936927795,0.9050315022468567,0.9076738357543945,0.8855549097061157,0.9111653566360474,0.9041811227798462,0.9163260459899902,0.9037574529647827,0.8905629515647888,0.90157151222229,0.8955221772193909,0.8633809089660645,0.8256065845489502,0.8217062950134277,0.8518271446228027,0.8275161981582642
80,0.874318540096283,0.8822808265686035,0.8737373352050781,0.8716524839401245,0.8982518911361694,0.9105446338653564,0.8854966163635254,0.8911533355712891,0.8854588270187378,0.8790230751037598,0.8945670127868652,0.9195379018783569,0.9454544186592102,0.9601305723190308,0.9662346839904785,0.974027156829834,0.9999998807907104,0.9774808883666992,0.9701793193817139,0.9611674547195435,0.9332301616668701,0.9221856594085693,0.9093542695045471,0.8902169466018677,0.857779860496521,0.847282886505127,0.8411037921905518,0.872552752494812,0.8772760033607483,0.9124735593795776,0.881930410861969,0.9012466073036194,0.8968154191970825,0.8888756632804871,0.8559470176696777,0.8419449329376221,0.853949785232544,0.8728324174880981,0.8827798962593079,0.8665517568588257,0.872111439704895,0.8767850995063782,0.8641769886016846,0.8623921871185303,0.8522034287452698,0.8226299285888672,0.8456989526748657,0.85429847240448,0.8768202066421509,0.9049854278564453,0.9174203872680664,0.905655562877655,0.9264671802520752,0.9194076061248779,0.9177653193473816,0.9003227353096008,0.8809483051300049,0.9115409851074219,0.9056304097175598,0.8946683406829834,0.8988192081451416,0.8841681480407715,0.9101353883743286,0.8965864181518555,0.877949595451355,0.8924869894981384,0.8900147676467896,0.8772521018981934,0.8449407815933228,0.8389481902122498,0.8668588995933533,0.8508020043373108
85,0.8873222470283508,0.9073972702026367,0.9039924144744873,0.8837209343910217,0.8940432071685791,0.9098778963088989,0.8844998478889465,0.8828122019767761,0.8698101043701172,0.8720608949661255,0.879484236240387,0.9116307497024536,0.9366018772125244,0.9432940483093262,0.94480299949646,0.9543730616569519,0.9774808883666992,1.000000238418579,0.9777638912200928,0.9622653722763062,0.9272297620773315,0.9177778363227844,0.9056364297866821,0.8787661790847778,0.8589351773262024,0.8357100486755371,0.8431615829467773,0.8684373497962952,0.881487250328064,0.915681779384613,0.8938400149345398,0.9073523283004761,0.8944945335388184,0.8725282549858093,0.841297447681427,0.8259811401367188,0.8491374254226685,0.8658493757247925,0.8727618455886841,0.8614855408668518,0.8639208078384399,0.8680276274681091,0.8607864379882812,0.8547058701515198,0.8387134075164795,0.8048099279403687,0.8348835706710815,0.8398644924163818,0.8700838685035706,0.8972455263137817,0.9116885662078857,0.8938443064689636,0.912379264831543,0.9094170331954956,0.9158841967582703,0.8979519605636597,0.8813740015029907,0.8961483240127563,0.888709306716919,0.8788793683052063,0.8825176954269409,0.880307674407959,0.9071884155273438,0.8946217894554138,0.8798457384109497,0.903582751750946,0.8872822523117065,0.8661028742790222,0.8406417369842529,0.839626133441925,0.8766771554946899,0.849288821220398
90,0.9119647145271301,0.9141323566436768,0.9098179340362549,0.8883012533187866,0.8989686965942383,0.9143005013465881,0.8893427848815918,0.8881217837333679,0.8674982190132141,0.8722594380378723,0.8852817416191101,0.9190202951431274,0.9388076066970825,0.9340405464172363,0.9480922222137451,0.9553126692771912,0.9701793193817139,0.9777638912200928,1.0000001192092896,0.9680618643760681,0.9295409917831421,0.9200441241264343,0.907240092754364,0.882214367389679,0.8486705422401428,0.8182785511016846,0.8218185901641846,0.8620952367782593,0.8826337456703186,0.9201885461807251,0.8960788249969482,0.9202368259429932,0.8972172737121582,0.8757208585739136,0.8390058875083923,0.8257360458374023,0.8544275164604187,0.8719373345375061,0.8866209983825684,0.8753710985183716,0.8713453412055969,0.8755110502243042,0.8491390943527222,0.830817699432373,0.8277274966239929,0.7845574617385864,0.809596061706543,0.8225836753845215,0.8645827770233154,0.888032078742981,0.9029138088226318,0.8879111409187317,0.9097887873649597,0.9068162441253662,0.928554356098175,0.8987952470779419,0.8851318359375,0.8996697664260864,0.8874856233596802,0.8726016283035278,0.8860362768173218,0.8773932456970215,0.9016470909118652,0.8879977464675903,0.8765852451324463,0.9106665849685669,0.8960853219032288,0.8636927604675293,0.8350844383239746,0.8411873579025269,0.883378803730011,0.854174017906189
95,0.9032019376754761,0.9272074103355408,0.9254791140556335,0.9155375957489014,0.9211682081222534,0.9294724464416504,0.9022583961486816,0.9025986790657043,0.8969837427139282,0.8869175910949707,0.8865925073623657,0.9127942323684692,0.9440165758132935,0.93378746509552,0.9333040118217468,0.9308198690414429,0.9611674547195435,0.9622653722763062,0.9680618643760681,1.0000001192092896,0.971381664276123,0.954829752445221,0.942836582660675,0.9302141666412354,0.907398521900177,0.8835337162017822,0.8803492784500122,0.9072991609573364,0.9133480787277222,0.9343525171279907,0.9038030505180359,0.920863687992096,0.9258273839950562,0.9072678089141846,0.869267463684082,0.8544504642486572,0.8745886087417603,0.8944286108016968,0.9046730399131775,0.8890578150749207,0.8967050313949585,0.8981946110725403,0.8959031105041504,0.884857714176178,0.8768123984336853,0.836166262626648,0.8534332513809204,0.8753935098648071,0.9069617986679077,0.9238286018371582,0.933396577835083,0.9276459217071533,0.9360023140907288,0.941118061542511,0.9466402530670166,0.9288710355758667,0.9215638637542725,0.9371145963668823,0.912391722202301,0.9139703512191772,0.9011997580528259,0.8861243724822998,0.9192410707473755,0.9080036878585815,0.8968932628631592,0.9261912107467651,0.9238174557685852,0.912416398525238,0.8901768922805786,0.8953355550765991,0.9161275625228882,0.888914942741394
100,0.9100117087364197,0.9329323172569275,0.9283339381217957,0.9285828471183777,0.9357725381851196,0.9389076232910156,0.906619668006897,0.9185627102851868,0.913739025592804,0.9052126407623291,0.8854467868804932,0.9008628129959106,0.9237083196640015,0.9064162969589233,0.9035000801086426,0.9006844758987427,0.9332301616668701,0.9272297620773315,0.9295409917831421,0.971381664276123,0.9999998807907104,0.9790346026420593,0.9633721113204956,0.9622009992599487,0.9388641715049744,0.9176503419876099,0.9126428961753845,0.9447795152664185,0.940375566482544,0.9505354762077332,0.9072384238243103,0.9239437580108643,0.9441832304000854,0.9343817234039307,0.9036946892738342,0.8864939212799072,0.8960466980934143,0.9163874387741089,0.9233981370925903,0.9057307839393616,0.9159820079803467,0.924750566482544,0.9246124029159546,0.9073764085769653,0.887520432472229,0.8459343314170837,0.8573359847068787,0.8920626044273376,0.9236712455749512,0.9382298588752747,0.9505924582481384,0.948167085647583,0.9470052123069763,0.945870041847229,0.9434754848480225,0.9349222183227539,0.927053689956665,0.9473328590393066,0.9091845750808716,0.9194905161857605,0.8851392269134521,0.8782508373260498,0.9154447317123413,0.9086102843284607,0.8869383335113525,0.916770875453949,0.9360628724098206,0.9336769580841064,0.9080708026885986,0.9193037152290344,0.9327321648597717,0.9184030294418335
105,0.8898712396621704,0.9102709889411926,0.9024326801300049,0.9061153531074524,0.9099440574645996,0.9196246862411499,0.8938741683959961,0.8971593379974365,0.8898768424987793,0.8764921426773071,0.8687441945075989,0.8823301792144775,0.9082425832748413,0.9013315439224243,0.8863772749900818,0.881452739238739,0.9221856594085693,0.9177778363227844,0.9200441241264343,0.954829752445221,0.9790346026420593,1.0,0.9622122049331665,0.9581671357154846,0.9380664229393005,0.9159518480300903,0.9006971716880798,0.9247751832008362,0.9115699529647827,0.9292114973068237,0.8870211839675903,0.9020816683769226,0.9296947717666626,0.9105334281921387,0.8805140256881714,0.863991379737854,0.8778266310691833,0.8996142148971558,0.900195837020874,0.8933895826339722,0.8957061767578125,0.8946740627288818,0.8963123559951782,0.8759505748748779,0.86565101146698,0.8142987489700317,0.8321667909622192,0.8540453910827637,0.897745668888092,0.910994291305542,0.9312053322792053,0.9150832891464233,0.9186916351318359,0.9148816466331482,0.9179099202156067,0.9166686534881592,0.910530686378479,0.9169275760650635,0.8976809978485107,0.9066919088363647,0.8765759468078613,0.8662664294242859,0.8947550058364868,0.8909716010093689,0.8665199279785156,0.8943239450454712,0.9107480049133301,0.894832968711853,0.873857855796814,0.8743825554847717,0.8941289186477661,0.8884104490280151
110,0.9180169105529785,0.9321236610412598,0.9274867177009583,0.9395739436149597,0.9549378156661987,0.9474258422851562,0.9295837879180908,0.9352344274520874,0.9131516218185425,0.9092096090316772,0.8931500315666199,0.910621166229248,0.9323428273200989,0.9115890860557556,0.9019702076911926,0.890529990196228,0.9093542695045471,0.9056364297866821,0.907240092754364,0.942836582660675,0.9633721113204956,0.9622122049331665,0.9999997615814209,0.971932590007782,0.9311559796333313,0.903408408164978,0.8946422338485718,0.897064208984375,0.9122810959815979,0.9354779720306396,0.907206654548645,0.9216256141662598,0.9462003707885742,0.9393399357795715,0.9214049577713013,0.9066874980926514,0.9144105911254883,0.9378014802932739,0.9366499781608582,0.9246251583099365,0.9376523494720459,0.9345334768295288,0.9238264560699463,0.9036152362823486,0.8873093128204346,0.842951774597168,0.8597419261932373,0.8849062919616699,0.9256664514541626,0.9413162469863892,0.9466861486434937,0.9423066973686218,0.939481258392334,0.928902268409729,0.943868100643158,0.9346562027931213,0.9176834225654602,0.9314075112342834,0.9209207892417908,0.9249830842018127,0.9082576036453247,0.9079602956771851,0.9258376359939575,0.918798565864563,0.9050298929214478,0.931359589099884,0.9478225708007812,0.9236007928848267,0.9065958261489868,0.9023361206054688,0.9237267971038818,0.9130470752716064
115,0.9092608690261841,0.9147834181785583,0.898665189743042,0.8961023092269897,0.9134807586669922,0.9146657586097717,0.8856122493743896,0.9158120155334473,0.9126999378204346,0.9098714590072632,0.8862811923027039,0.8926633596420288,0.9121723175048828,0.8840934038162231,0.8704173564910889,0.8546304106712341,0.8902169466018677,0.8787661790847778,0.882214367389679,0.9302141666412354,0.9622009992599487,0.9581671357154846,0.971932590007782,1.0,0.9671050310134888,0.934861421585083,0.9148831367492676,0.927237868309021,0.9307234883308411,0.9308884143829346,0.876544177532196,0.8960870504379272,0.9232529401779175,0.9292724132537842,0.9113309383392334,0.8983880877494812,0.9018317461013794,0.9172236323356628,0.9193331003189087,0.8978068232536316,0.9190555214881897,0.9233020544052124,0.9203120470046997,0.8961694240570068,0.8750590085983276,0.8375406265258789,0.8409551382064819,0.8796776533126831,0.9143787026405334,0.9302549958229065,0.9412434101104736,0.9381239414215088,0.9301967024803162,0.9321167469024658,0.9302168488502502,0.9171366691589355,0.9123189449310303,0.9369243383407593,0.9044854640960693,0.9137442708015442,0.8670975565910339,0.8523443341255188,0.887724757194519,0.8859167098999023,0.8694186210632324,0.8988189101219177,0.9219182729721069,0.9227901697158813,0.9044174551963806,0.9036675095558167,0.9238407611846924,0.9239628911018372
120,0.8742923736572266,0.897339403629303,0.8854150772094727,0.8671389818191528,0.8670510649681091,0.8736374378204346,0.8426092863082886,0.8575061559677124,0.8726843595504761,0.8674116730690002,0.8340286612510681,0.8434367775917053,0.8779047727584839,0.8485607504844666,0.8187838792800903,0.8023850917816162,0.857779860496521,0.8589351773262024,0.8486705422401428,0.907398521900177,0.9388641715049744,0.9380664229393005,0.9311559796333313,0.9671050310134888,1.000000238418579,0.9729955196380615,0.9486693739891052,0.9364609718322754,0.920722246170044,0.9089215993881226,0.8459407091140747,0.8528919219970703,0.8862519264221191,0.8815382719039917,0.8555194139480591,0.8398816585540771,0.8553551435470581,0.8616150617599487,0.8638489246368408,0.8410617709159851,0.866027295589447,0.8746640682220459,0.9038614630699158,0.8937149047851562,0.8647093176841736,0.8373769521713257,0.8409376740455627,0.8851568102836609,0.9083318710327148,0.905003011226654,0.9148634672164917,0.9168057441711426,0.9015569686889648,0.9115914702415466,0.8908852934837341,0.8851696848869324,0.8980872631072998,0.9057683944702148,0.8629105091094971,0.8869436979293823,0.8240023851394653,0.8101786375045776,0.8565366268157959,0.8545807600021362,0.8287295699119568,0.8642680644989014,0.8862982988357544,0.9178329706192017,0.9090354442596436,0.9081912636756897,0.91402268409729,0.9109163284301758
125,0.8368238210678101,0.8609748482704163,0.8464038968086243,0.8535560369491577,0.8539952635765076,0.8622392416000366,0.8330456018447876,0.8475427627563477,0.8823854327201843,0.8608250617980957,0.830764651298523,0.8277842998504639,0.8647153973579407,0.8464750051498413,0.8095120787620544,0.7908986210823059,0.847282886505127,0.8357100486755371,0.8182785511016846,0.8835337162017822,0.9176503419876099,0.9159518480300903,0.903408408164978,0.934861421585083,0.9729955196380615,1.0,0.9690606594085693,0.9417561292648315,0.90601646900177,0.8841053247451782,0.8099661469459534,0.8127851486206055,0.8658390045166016,0.8621538281440735,0.8422049283981323,0.8279359340667725,0.84906005859375,0.845904529094696,0.8366211652755737,0.8136364817619324,0.8424419164657593,0.851585328578949,0.9087519645690918,0.9188058376312256,0.8940454721450806,0.878463625907898,0.8814242482185364,0.913111686706543,0.914375901222229,0.9008455276489258,0.9064018726348877,0.9087024927139282,0.8995933532714844,0.9092631340026855,0.8777787089347839,0.8735131621360779,0.8849679827690125,0.8944786190986633,0.8580145835876465,0.8964059948921204,0.8277250528335571,0.815732479095459,0.8615568280220032,0.861312747001648,0.8266675472259521,0.8403645753860474,0.8750773668289185,0.9248366355895996,0.9118887186050415,0.9001249074935913,0.8890448212623596,0.9028137922286987
130,0.8523646593093872,0.8693981170654297,0.8594708442687988,0.8641864061355591,0.8522571921348572,0.8586869239807129,0.8297724723815918,0.8437972664833069,0.8842182755470276,0.8755818605422974,0.8298579454421997,0.8289142847061157,0.8482245802879333,0.8263468742370605,0.7962336540222168,0.784838855266571,0.8411037921905518,0.8431615829467773,0.8218185901641846,0.8803492784500122,0.9126428961753845,0.9006971716880798,0.8946422338485718,0.9148831367492676,0.9486693739891052,0.9690606594085693,1.000000238418579,0.9634982943534851,0.9346671104431152,0.88966965675354,0.821122407913208,0.8230709433555603,0.8717083930969238,0.8660329580307007,0.8459080457687378,0.833402156829834,0.8522571921348572,0.8413517475128174,0.8361311554908752,0.8113903999328613,0.8405869007110596,0.8666608333587646,0.9093729257583618,0.9231377840042114,0.9073458313941956,0.905147910118103,0.9069353342056274,0.922905683517456,0.9191025495529175,0.9164676666259766,0.9189414381980896,0.9133452773094177,0.9040017127990723,0.9135315418243408,0.8734412789344788,0.8614693880081177,0.8723297715187073,0.8878542184829712,0.8296215534210205,0.8716768026351929,0.7994329333305359,0.8068600296974182,0.870544970035553,0.8593976497650146,0.831353485584259,0.840829610824585,0.8692151308059692,0.9215574860572815,0.918599009513855,0.910723090171814,0.9040536284446716,0.910976767539978
135,0.8751810193061829,0.8793387413024902,0.8696471452713013,0.8725670576095581,0.8704103231430054,0.8818818926811218,0.8467475175857544,0.877082347869873,0.9040942192077637,0.9051827192306519,0.8668243885040283,0.8627555966377258,0.8693537712097168,0.8427045941352844,0.8310299515724182,0.8209874033927917,0.872552752494812,0.8684373497962952,0.8620952367782593,0.9072991609573364,0.9447795152664185,0.9247751832008362,0.897064208984375,0.927237868309021,0.9364609718322754,0.9417561292648315,0.9634982943534851,1.0000001192092896,0.9706031680107117,0.9316738843917847,0.8560906052589417,0.8675436973571777,0.9001126289367676,0.8975279331207275,0.866952657699585,0.8548792600631714,0.868201494216919,0.863297700881958,0.8638505935668945,0.839751660823822,0.8592207431793213,0.8902400135993958,0.90760338306427,0.9068975448608398,0.8956315517425537,0.876984179019928,0.8794077634811401,0.9105966687202454,0.9135265350341797,0.9244685769081116,0.9295772910118103,0.921364426612854,0.9197684526443481,0.9292012453079224,0.8963255286216736,0.8716868162155151,0.8793403506278992,0.905566930770874,0.8404900431632996,0.8698869347572327,0.810529351234436,0.8117333650588989,0.8764420747756958,0.8717306852340698,0.8471101522445679,0.8640308976173401,0.8856468200683594,0.9244304895401001,0.8976515531539917,0.9065563678741455,0.9089629650115967,0.9095564484596252
140,0.9181602001190186,0.9218484163284302,0.9102274775505066,0.9060590863227844,0.9012124538421631,0.9066458344459534,0.8782834410667419,0.9126507639884949,0.9210888147354126,0.9366791248321533,0.9039917588233948,0.9037070870399475,0.8950341939926147,0.8486020565032959,0.8528598546981812,0.8444977402687073,0.8772760033607483,0.881487250328064,0.8826337456703186,0.9133480787277222,0.940375566482544,0.9115699529647827,0.9122810959815979,0.9307234883308411,0.920722246170044,0.90601646900177,0.9346671104431152,0.9706031680107117,0.9999998807907104,0.9673674702644348,0.9109418392181396,0.9159139394760132,0.9284537434577942,0.922494649887085,0.8972724676132202,0.8863812685012817,0.8932523727416992,0.9045943021774292,0.9117008447647095,0.8941471576690674,0.9032248258590698,0.9268224239349365,0.9217019081115723,0.9073673486709595,0.8981961011886597,0.8685674071311951,0.8701491355895996,0.9037516117095947,0.9217748045921326,0.9347437620162964,0.93678218126297,0.9360108375549316,0.930984616279602,0.9351561069488525,0.922085702419281,0.8927798271179199,0.9027010202407837,0.9241772890090942,0.8611187934875488,0.8766606450080872,0.8328195214271545,0.8414358496665955,0.9002494215965271,0.8950737714767456,0.8895798921585083,0.9078906774520874,0.916646420955658,0.9299664497375488,0.9026792049407959,0.9211477041244507,0.9404270052909851,0.9312554597854614
