,0,5,10,15,20,25,30,35,40,45,50,55,60,65,70,75,80,85,90,95,100,105,110,115,120,125,130,135,140,145,150,155,160,165,170,175,180,185,190,195,200,205,210,215,220,225,230,235,240,245,250,255,260,265,270,275,280,285,290,295,300,305,310,315,320,325,330,335,340,345,350,355
0,0.9999998807907104,0.9978285431861877,0.9949660301208496,0.99017333984375,0.9905158281326294,0.9849029779434204,0.9807850122451782,0.9737133383750916,0.959722638130188,0.9596394896507263,0.9645379781723022,0.9533671736717224,0.949187159538269,0.9516200423240662,0.9368902444839478,0.9277312755584717,0.8806820511817932,0.8328859806060791,0.7907148599624634,0.8283993601799011,0.8832458853721619,0.9334276914596558,0.9317418336868286,0.9498233795166016,0.9404804110527039,0.953705906867981,0.9625410437583923,0.9625483155250549,0.9592145085334778,0.97586590051651,0.9782016277313232,0.9821784496307373,0.9846404790878296,0.9895014762878418,0.9945608377456665,0.9950162172317505,0.9954946637153625,0.992817223072052,0.9940651655197144,0.9911201000213623,0.988633930683136,0.988672137260437,0.9859829545021057,0.9796497821807861,0.9731459617614746,0.972200870513916,0.9662333726882935,0.9655588269233704,0.9528223276138306,0.9589259624481201,0.9514098167419434,0.9288994073867798,0.9209175109863281,0.9184908866882324,0.9033671617507935,0.9228232502937317,0.9295182228088379,0.9223279356956482,0.9472564458847046,0.9520975351333618,0.9495904445648193,0.9641241431236267,0.9630216360092163,0.9736239910125732,0.9748257994651794,0.9825447797775269,0.9870429635047913,0.9903298616409302,0.9934372305870056,0.9951399564743042,0.9935110807418823,0.9966326951980591
5,0.9978285431861877,1.0,0.997133195400238,0.9925028085708618,0.9924143552780151,0.9866988658905029,0.9827937483787537,0.9753428101539612,0.9615887999534607,0.9610714316368103,0.9681811332702637,0.9549782276153564,0.9501646161079407,0.9523046016693115,0.938701868057251,0.9300616979598999,0.8807440996170044,0.8322540521621704,0.7863690257072449,0.8267866969108582,0.8818458318710327,0.9373990297317505,0.9345120191574097,0.951408863067627,0.9411336779594421,0.9544354677200317,0.9654684662818909,0.9652937650680542,0.9615962505340576,0.9790420532226562,0.9798884391784668,0.98319011926651,0.9846413731575012,0.9914345741271973,0.9956215620040894,0.9959173202514648,0.9940102696418762,0.9909375309944153,0.9923449754714966,0.9882524013519287,0.9859687685966492,0.98753422498703,0.9837608337402344,0.9775715470314026,0.9717943668365479,0.9708295464515686,0.9659616351127625,0.9648550152778625,0.9548680186271667,0.9595859050750732,0.9516454935073853,0.9293285012245178,0.920910120010376,0.9143437147140503,0.904213547706604,0.9215330481529236,0.9288679361343384,0.9221375584602356,0.9480984807014465,0.954828679561615,0.9515842795372009,0.9651793241500854,0.9641848802566528,0.973162055015564,0.9720939993858337,0.9803286194801331,0.9840332269668579,0.9867863059043884,0.9886443614959717,0.991462767124176,0.9892616868019104,0.9920752644538879
10,0.9949660301208496,0.997133195400238,1.000000238418579,0.9971970915794373,0.9961778521537781,0.988723874092102,0.9881024360656738,0.977942168712616,0.9616389274597168,0.9625536799430847,0.9696093201637268,0.9584378004074097,0.9527297616004944,0.9570091962814331,0.9415004849433899,0.931209921836853,0.8755366802215576,0.8260327577590942,0.7781369090080261,0.8221108913421631,0.877109944820404,0.9390665292739868,0.9378662109375,0.9550595283508301,0.9446024894714355,0.9596385955810547,0.9695131778717041,0.970389723777771,0.9646642208099365,0.9811575412750244,0.9830864667892456,0.9858956933021545,0.990094006061554,0.995434045791626,0.9968835711479187,0.9950008392333984,0.9929109811782837,0.9894863367080688,0.9909448623657227,0.9854288697242737,0.9853694438934326,0.9861741065979004,0.9824451804161072,0.9766532182693481,0.9715312719345093,0.971876859664917,0.9666299819946289,0.9662862420082092,0.956326425075531,0.9613279104232788,0.9517360329627991,0.9308648109436035,0.9196283221244812,0.9118058681488037,0.8993015885353088,0.919370174407959,0.9271122217178345,0.9210806488990784,0.9477921724319458,0.9554173946380615,0.952579140663147,0.9669528007507324,0.964631974697113,0.9749636054039001,0.9725117683410645,0.9810612797737122,0.981889545917511,0.9856817722320557,0.9880976676940918,0.9885603189468384,0.9838411808013916,0.9892861247062683
15,0.99017333984375,0.9925028085708618,0.9971970915794373,0.9999999403953552,0.998115062713623,0.9917861223220825,0.9915512800216675,0.9810125827789307,0.9646271467208862,0.9659932851791382,0.9730609059333801,0.9623477458953857,0.9565322399139404,0.9601744413375854,0.9438337683677673,0.9350453019142151,0.8759941458702087,0.82551109790802,0.7752243280410767,0.8208019733428955,0.8778411746025085,0.9415310621261597,0.9422978162765503,0.9588807821273804,0.9472262263298035,0.9653034806251526,0.973673939704895,0.9762451648712158,0.9700309038162231,0.9840036630630493,0.9871684312820435,0.9887462854385376,0.991753876209259,0.9964191317558289,0.9952421188354492,0.9924696087837219,0.9907035231590271,0.9884383678436279,0.9875328540802002,0.9817227125167847,0.9819289445877075,0.9830055832862854,0.9793741703033447,0.9733482599258423,0.9694375991821289,0.9707528352737427,0.9651868343353271,0.9654049277305603,0.955129861831665,0.9609380960464478,0.9496074914932251,0.9281095862388611,0.9161397814750671,0.9090152978897095,0.8934422135353088,0.9162755608558655,0.9242407083511353,0.9180737137794495,0.9453363418579102,0.9553124904632568,0.952961802482605,0.9686187505722046,0.964836061000824,0.9753413200378418,0.9715529084205627,0.9804120063781738,0.9786138534545898,0.9819331169128418,0.9838699102401733,0.9834415912628174,0.977652907371521,0.9864670038223267
20,0.9905158281326294,0.9924143552780151,0.9961778521537781,0.998115062713623,1.0000001192092896,0.9936062097549438,0.9928374886512756,0.9833766222000122,0.9676721096038818,0.9687843918800354,0.9737682342529297,0.964003324508667,0.9586742520332336,0.9609519243240356,0.9463474154472351,0.9357463717460632,0.8776390552520752,0.8300126791000366,0.7797672152519226,0.824218213558197,0.8802658319473267,0.9438601136207581,0.9437487125396729,0.959928035736084,0.9492271542549133,0.965242862701416,0.9740663170814514,0.9759581685066223,0.971831202507019,0.9863470196723938,0.9893772602081299,0.9907411336898804,0.993481457233429,0.9962747693061829,0.9954065680503845,0.9922159314155579,0.9905722737312317,0.9874014854431152,0.9872894287109375,0.9836309552192688,0.9841111302375793,0.9849711060523987,0.981533408164978,0.9747423529624939,0.9692021608352661,0.9705038070678711,0.9643231630325317,0.9643332958221436,0.9538876414299011,0.9605962038040161,0.9494776725769043,0.9275225400924683,0.9143621325492859,0.911041259765625,0.8945682048797607,0.9176735877990723,0.9233072996139526,0.9184592366218567,0.9446390271186829,0.9542608857154846,0.9511549472808838,0.9658108949661255,0.9624308943748474,0.9737511277198792,0.971880316734314,0.9806416630744934,0.9800055027008057,0.9828193187713623,0.9844416379928589,0.9835930466651917,0.978535532951355,0.9858598709106445
25,0.9849029779434204,0.9866988658905029,0.988723874092102,0.9917861223220825,0.9936062097549438,0.9999997615814209,0.993942379951477,0.9906441569328308,0.981414794921875,0.9799913167953491,0.9809609651565552,0.9716291427612305,0.9653844237327576,0.9636434316635132,0.9518166780471802,0.9426133036613464,0.8906335234642029,0.8425252437591553,0.7935864329338074,0.8350224494934082,0.8908989429473877,0.9470800161361694,0.9499581456184387,0.9673272371292114,0.9552583694458008,0.9701728820800781,0.9772430658340454,0.9782761335372925,0.9834412932395935,0.992409348487854,0.9948856234550476,0.9954499006271362,0.9865418076515198,0.9896073937416077,0.9905993938446045,0.9872562289237976,0.9860743284225464,0.9848624467849731,0.9813499450683594,0.9785699248313904,0.9756506681442261,0.978224515914917,0.9736858010292053,0.9676954746246338,0.9646856784820557,0.9650700092315674,0.9590901732444763,0.9603656530380249,0.9493489861488342,0.9572443962097168,0.9487607479095459,0.9262688159942627,0.9155712127685547,0.9175395965576172,0.8957672119140625,0.9216353297233582,0.9250487089157104,0.9188504219055176,0.9436154961585999,0.9530978202819824,0.9510149955749512,0.9641677737236023,0.9603158831596375,0.9699934720993042,0.9694811105728149,0.9753820300102234,0.9744800329208374,0.9768256545066833,0.9773893356323242,0.9782224297523499,0.9762715101242065,0.9825940132141113
30,0.9807850122451782,0.9827937483787537,0.9881024360656738,0.9915512800216675,0.9928374886512756,0.993942379951477,1.0000001192092896,0.9884471893310547,0.9744744896888733,0.9793142676353455,0.9808781743049622,0.9721770882606506,0.9668965935707092,0.9695501327514648,0.9545645117759705,0.9428019523620605,0.8828362822532654,0.8306560516357422,0.7829395532608032,0.8250868320465088,0.8818294405937195,0.9497191905975342,0.9512040019035339,0.9690842032432556,0.9563232660293579,0.9726991057395935,0.9815213084220886,0.9848573803901672,0.9814947247505188,0.9896667003631592,0.9954475164413452,0.9925260543823242,0.9881166815757751,0.9881080389022827,0.9882322549819946,0.9850096106529236,0.9843982458114624,0.9817341566085815,0.9799988269805908,0.9771713018417358,0.9771396517753601,0.9777164459228516,0.9732545614242554,0.9682114124298096,0.9633343815803528,0.9632377624511719,0.9561648368835449,0.9591647982597351,0.9472160339355469,0.9556164741516113,0.9416998624801636,0.9171217083930969,0.9028047919273376,0.9068756103515625,0.8809484243392944,0.9098973870277405,0.9115585088729858,0.9064487814903259,0.9379740953445435,0.9506737589836121,0.9474467039108276,0.9615673422813416,0.9549888372421265,0.9674968719482422,0.9680431485176086,0.9763739109039307,0.9723754525184631,0.9751518368721008,0.9754437208175659,0.974679708480835,0.9699938893318176,0.9788323044776917
35,0.9737133383750916,0.9753428101539612,0.977942168712616,0.9810125827789307,0.9833766222000122,0.9906441569328308,0.9884471893310547,1.0000001192092896,0.9933955073356628,0.9870906472206116,0.9873526096343994,0.977875292301178,0.9699362516403198,0.9689829349517822,0.9588812589645386,0.9487860798835754,0.8983436822891235,0.854741632938385,0.8108452558517456,0.8479335308074951,0.8969295620918274,0.952206015586853,0.9550575613975525,0.9735009074211121,0.9629971981048584,0.9765007495880127,0.9830632209777832,0.982182502746582,0.9927254915237427,0.9954913854598999,0.99155193567276,0.9868921041488647,0.9744007587432861,0.9788984656333923,0.9807412028312683,0.9763069152832031,0.9754186272621155,0.9771660566329956,0.9721026420593262,0.965035617351532,0.9627140164375305,0.9694253206253052,0.9684301018714905,0.9644135236740112,0.9637101888656616,0.9648984670639038,0.9622662663459778,0.962704598903656,0.9540260434150696,0.9590332508087158,0.9474684000015259,0.9250761866569519,0.9201163649559021,0.9234635233879089,0.902518093585968,0.9237794876098633,0.9277524948120117,0.923022985458374,0.94558185338974,0.9563999772071838,0.9546671509742737,0.9657236337661743,0.9629498720169067,0.9687989354133606,0.9677956700325012,0.9725279808044434,0.9693787097930908,0.9700716733932495,0.9678013920783997,0.9687014818191528,0.9695653319358826,0.9720648527145386
40,0.959722638130188,0.9615887999534607,0.9616389274597168,0.9646271467208862,0.9676721096038818,0.981414794921875,0.9744744896888733,0.9933955073356628,0.9999997019767761,0.9909301996231079,0.9864374399185181,0.9748665690422058,0.9660196304321289,0.9619176387786865,0.9585155248641968,0.9505239129066467,0.9131022095680237,0.8720858097076416,0.8289797306060791,0.8623707294464111,0.9101500511169434,0.9522458910942078,0.9536776542663574,0.9709287881851196,0.9582483172416687,0.9693354368209839,0.976810097694397,0.9732824563980103,0.9914604425430298,0.9897297024726868,0.9829124212265015,0.978331446647644,0.9582481384277344,0.9637011289596558,0.9672563672065735,0.9625422954559326,0.9628921151161194,0.9656744003295898,0.9578001499176025,0.9512150287628174,0.947785496711731,0.957380473613739,0.9550842642784119,0.9531329870223999,0.956436276435852,0.9547581076622009,0.9527742862701416,0.9552977681159973,0.9454447031021118,0.9508812427520752,0.9448729157447815,0.9205262064933777,0.9191286563873291,0.926703691482544,0.9041488170623779,0.9242910146713257,0.9268098473548889,0.9218666553497314,0.941127598285675,0.9491946697235107,0.947684645652771,0.9569520950317383,0.9542600512504578,0.9584535360336304,0.9596216678619385,0.9604285359382629,0.9596734046936035,0.9585667252540588,0.9529686570167542,0.9547916650772095,0.9579853415489197,0.95907062292099
45,0.9596394896507263,0.9610714316368103,0.9625536799430847,0.9659932851791382,0.9687843918800354,0.9799913167953491,0.9793142676353455,0.9870906472206116,0.9909301996231079,0.9999996423721313,0.991982638835907,0.9827654361724854,0.9777342081069946,0.9753293395042419,0.9713628888130188,0.9639191627502441,0.9192070960998535,0.8671751022338867,0.8219679594039917,0.8598891496658325,0.91712886095047,0.9628285765647888,0.9626233577728271,0.9815771579742432,0.9660290479660034,0.976021945476532,0.9849124550819397,0.9833785891532898,0.9879986047744751,0.9865753054618835,0.983856737613678,0.9784303307533264,0.9618979692459106,0.963951587677002,0.9671807289123535,0.9617725014686584,0.963487446308136,0.9644065499305725,0.9605240225791931,0.9563554525375366,0.9544615745544434,0.9617388248443604,0.9613813757896423,0.96258145570755,0.9642294049263,0.9606183171272278,0.9569521546363831,0.9610694050788879,0.9504615068435669,0.9564342498779297,0.9478965997695923,0.9248425960540771,0.9164154529571533,0.9292648434638977,0.9012846350669861,0.9278993606567383,0.9241167306900024,0.9204126000404358,0.9423620104789734,0.9518651366233826,0.9513683319091797,0.9593630433082581,0.9553781747817993,0.9634332656860352,0.9666109085083008,0.9673901796340942,0.9643563032150269,0.9621280431747437,0.9571473002433777,0.9582362771034241,0.9572651982307434,0.9609202742576599
50,0.9645379781723022,0.9681811332702637,0.9696093201637268,0.9730609059333801,0.9737682342529297,0.9809609651565552,0.9808781743049622,0.9873526096343994,0.9864374399185181,0.991982638835907,1.0000004768371582,0.9893492460250854,0.9829429388046265,0.9802207350730896,0.973197340965271,0.9646221399307251,0.9080395102500916,0.8553875088691711,0.8082513809204102,0.8487647771835327,0.9056732058525085,0.9691322445869446,0.9689038395881653,0.9851599931716919,0.973364531993866,0.9848800897598267,0.9942976832389832,0.9891811609268188,0.9858745336532593,0.9869267344474792,0.9822309017181396,0.9761177897453308,0.9635308384895325,0.9694910049438477,0.9723479747772217,0.9686177968978882,0.9684414267539978,0.9701305627822876,0.9676454067230225,0.9608689546585083,0.95884108543396,0.9674015641212463,0.9657209515571594,0.9662553071975708,0.9670622944831848,0.9650856852531433,0.96413254737854,0.9685819745063782,0.9607508778572083,0.9649059772491455,0.9546291828155518,0.9317722916603088,0.9229024648666382,0.9255573153495789,0.9056085348129272,0.9276171326637268,0.9303753972053528,0.9268499612808228,0.9520081281661987,0.963050127029419,0.9618627429008484,0.9699195027351379,0.9642695188522339,0.9687989950180054,0.9668533802032471,0.9710314273834229,0.9654363393783569,0.9652081727981567,0.9610571265220642,0.9634653925895691,0.9616739153862,0.9639403820037842
55,0.9533671736717224,0.9549782276153564,0.9584378004074097,0.9623477458953857,0.964003324508667,0.9716291427612305,0.9721770882606506,0.977875292301178,0.9748665690422058,0.9827654361724854,0.9893492460250854,0.9999997615814209,0.9946484565734863,0.9888229966163635,0.9849116206169128,0.9745469689369202,0.9204718470573425,0.8791010975837708,0.8287397027015686,0.8743078112602234,0.9167077541351318,0.9791536331176758,0.9856386184692383,0.9897810816764832,0.9902754426002502,0.9937915205955505,0.9895762801170349,0.980590283870697,0.976309061050415,0.9740903377532959,0.9712896347045898,0.9637636542320251,0.9522433876991272,0.9566397666931152,0.9605250954627991,0.9554579854011536,0.9547167420387268,0.9563877582550049,0.955098032951355,0.9479117393493652,0.9450567960739136,0.9522951245307922,0.9528907537460327,0.9551997780799866,0.956275224685669,0.9566588401794434,0.9557398557662964,0.9604628086090088,0.9537015557289124,0.9579216241836548,0.9497454166412354,0.9321408867835999,0.9200975298881531,0.9279788732528687,0.9009163975715637,0.9282112121582031,0.9281924366950989,0.9249016642570496,0.9475250244140625,0.9572701454162598,0.9584076404571533,0.9627028107643127,0.9570470452308655,0.961321234703064,0.9587222337722778,0.9608287215232849,0.954122006893158,0.9536457657814026,0.9515604972839355,0.9537534713745117,0.952401876449585,0.9533542394638062
60,0.949187159538269,0.9501646161079407,0.9527297616004944,0.9565322399139404,0.9586742520332336,0.9653844237327576,0.9668965935707092,0.9699362516403198,0.9660196304321289,0.9777342081069946,0.9829429388046265,0.9946484565734863,1.0000003576278687,0.9913477897644043,0.9873612523078918,0.9811766743659973,0.9301204681396484,0.8863327503204346,0.8364954590797424,0.8838076591491699,0.9285694360733032,0.9826852679252625,0.9873743057250977,0.9920154809951782,0.9929903149604797,0.9919368028640747,0.9842507243156433,0.9758303761482239,0.9703704714775085,0.9676319360733032,0.9657828211784363,0.9596463441848755,0.9499459266662598,0.9526205658912659,0.9564029574394226,0.9518652558326721,0.9519568085670471,0.9516952633857727,0.9513919949531555,0.9445594549179077,0.9431594610214233,0.9498927593231201,0.9525455236434937,0.9549378156661987,0.9562004804611206,0.9562763571739197,0.95455002784729,0.9599260091781616,0.9524168372154236,0.957014262676239,0.9486135840415955,0.9314841032028198,0.9209778308868408,0.9318427443504333,0.9020429849624634,0.9299871921539307,0.9289155602455139,0.9236552715301514,0.9463640451431274,0.9549407362937927,0.9566242694854736,0.9608668088912964,0.9548360109329224,0.9593198299407959,0.9585726857185364,0.9615230560302734,0.9538671970367432,0.9523015022277832,0.9498159885406494,0.9513736963272095,0.9490727782249451,0.9502633213996887
65,0.9516200423240662,0.9523046016693115,0.9570091962814331,0.9601744413375854,0.9609519243240356,0.9636434316635132,0.9695501327514648,0.9689829349517822,0.9619176387786865,0.9753293395042419,0.9802207350730896,0.9888229966163635,0.9913477897644043,1.000000238418579,0.9898517727851868,0.9793047308921814,0.928096354007721,0.8742077350616455,0.8230253458023071,0.8724363446235657,0.9233062863349915,0.9791002869606018,0.982886016368866,0.9945425987243652,0.9873798489570618,0.9865508079528809,0.9829537868499756,0.9748424291610718,0.9668357372283936,0.9657905101776123,0.9649454355239868,0.9606077075004578,0.9556897878646851,0.9558675289154053,0.9583497643470764,0.9537728428840637,0.9546841382980347,0.9542221426963806,0.955666184425354,0.9475326538085938,0.948338508605957,0.9540476202964783,0.957345724105835,0.9607701301574707,0.9630884528160095,0.9628972411155701,0.960252046585083,0.9666169881820679,0.9586088061332703,0.9608365893363953,0.9518656134605408,0.9356957077980042,0.9258406162261963,0.9340915679931641,0.9035163521766663,0.9319474697113037,0.9311322569847107,0.9261941313743591,0.9495094418525696,0.9592339396476746,0.9594790935516357,0.9671622514724731,0.9600658416748047,0.965723991394043,0.9654629826545715,0.9680891633033752,0.9589764475822449,0.9570697546005249,0.9535225629806519,0.9543240070343018,0.9512249231338501,0.9541037082672119
70,0.9368902444839478,0.938701868057251,0.9415004849433899,0.9438337683677673,0.9463474154472351,0.9518166780471802,0.9545645117759705,0.9588812589645386,0.9585155248641968,0.9713628888130188,0.973197340965271,0.9849116206169128,0.9873612523078918,0.9898517727851868,1.0000003576278687,0.988471508026123,0.9438250660896301,0.8982139825820923,0.8450433611869812,0.8965082168579102,0.9385595321655273,0.9874534606933594,0.989116907119751,0.9898252487182617,0.9850332736968994,0.9788225293159485,0.9730250835418701,0.9610726833343506,0.958261251449585,0.9553378820419312,0.9525104761123657,0.9466110467910767,0.9385288953781128,0.9406474232673645,0.9445865154266357,0.9390715956687927,0.9391560554504395,0.9402245879173279,0.9406245946884155,0.932981550693512,0.9321564435958862,0.9399667382240295,0.9428791999816895,0.9476829767227173,0.9514672756195068,0.9494410157203674,0.9469301700592041,0.9545024633407593,0.9480647444725037,0.9489545226097107,0.9439127445220947,0.9298648834228516,0.9185618758201599,0.9300336837768555,0.9007465839385986,0.9269886016845703,0.922745943069458,0.9207515120506287,0.9382001757621765,0.9468656182289124,0.9482541680335999,0.9530146718025208,0.9477956295013428,0.9529297947883606,0.9537175893783569,0.9521372318267822,0.947346568107605,0.9436579942703247,0.9386364221572876,0.9395033121109009,0.9387311935424805,0.9389135837554932
75,0.9277312755584717,0.9300616979598999,0.931209921836853,0.9350453019142151,0.9357463717460632,0.9426133036613464,0.9428019523620605,0.9487860798835754,0.9505239129066467,0.9639191627502441,0.9646221399307251,0.9745469689369202,0.9811766743659973,0.9793047308921814,0.988471508026123,1.0,0.9614027738571167,0.9139227867126465,0.8670418858528137,0.9111013412475586,0.9601654410362244,0.9882268905639648,0.9835613369941711,0.9837943315505981,0.9749201536178589,0.971162736415863,0.9645125865936279,0.9548373222351074,0.9528104066848755,0.9471839070320129,0.9436863660812378,0.9387483596801758,0.928189754486084,0.931077778339386,0.9359504580497742,0.9319345951080322,0.9320886135101318,0.9326769113540649,0.9296388030052185,0.9194736480712891,0.9182847738265991,0.9274658560752869,0.9320816397666931,0.9374163746833801,0.9440712928771973,0.9421883821487427,0.9394607543945312,0.9478957056999207,0.9412859082221985,0.9432474374771118,0.9393362998962402,0.9277536869049072,0.9219049215316772,0.9363080263137817,0.9073045253753662,0.9321207404136658,0.9260492324829102,0.9198861718177795,0.9345167279243469,0.9412472248077393,0.9444720149040222,0.9476389288902283,0.9419478178024292,0.9465737342834473,0.9466974139213562,0.9445609450340271,0.9375104904174805,0.9327893257141113,0.9279480576515198,0.9293766021728516,0.9281501770019531,0.9302568435668945
80,0.8806820511817932,0.8807440996170044,0.8755366802215576,0.8759941458702087,0.8776390552520752,0.8906335234642029,0.8828362822532654,0.8983436822891235,0.9131022095680237,0.9192070960998535,0.9080395102500916,0.9204718470573425,0.9301204681396484,0.928096354007721,0.9438250660896301,0.9614027738571167,1.0000001192092896,0.969538688659668,0.9312889575958252,0.9639294147491455,0.9891370534896851,0.943841278553009,0.9338424801826477,0.9362453818321228,0.9220657348632812,0.9112111330032349,0.9013712406158447,0.888568103313446,0.9042121767997742,0.8975474238395691,0.8920739889144897,0.8901402950286865,0.8698962330818176,0.8747049570083618,0.883895993232727,0.8782947659492493,0.8799775242805481,0.8822178244590759,0.8766122460365295,0.8668714761734009,0.8636402487754822,0.8744934797286987,0.880152702331543,0.88655686378479,0.9004461765289307,0.8961670398712158,0.8930079340934753,0.8988068103790283,0.8931586146354675,0.8938676118850708,0.9029998183250427,0.8942278623580933,0.9014825224876404,0.9219079613685608,0.8937082290649414,0.912484347820282,0.9039452075958252,0.8960066437721252,0.8975015878677368,0.895696222782135,0.8998168110847473,0.8981268405914307,0.8983509540557861,0.8987827301025391,0.9045214653015137,0.8944329023361206,0.8967633247375488,0.8881780505180359,0.8783743977546692,0.8837740421295166,0.8892772197723389,0.8849839568138123
85,0.8328859806060791,0.8322540521621704,0.8260327577590942,0.82551109790802,0.8300126791000366,0.8425252437591553,0.8306560516357422,0.854741632938385,0.8720858097076416,0.8671751022338867,0.8553875088691711,0.8791010975837708,0.8863327503204346,0.8742077350616455,0.8982139825820923,0.9139227867126465,0.969538688659668,1.0000001192092896,0.9680067300796509,0.9897453188896179,0.9607347249984741,0.9054932594299316,0.8975292444229126,0.8829965591430664,0.8825335502624512,0.8686130046844482,0.8504202365875244,0.8350573778152466,0.8594837188720703,0.853112518787384,0.8429199457168579,0.8389050960540771,0.8190217018127441,0.8269622921943665,0.8368979096412659,0.8294790387153625,0.8282414078712463,0.8307643532752991,0.8224894404411316,0.8109630346298218,0.8063991069793701,0.8180291056632996,0.8238765001296997,0.8269920349121094,0.8415333032608032,0.84150630235672,0.8404859304428101,0.8424422740936279,0.8407970666885376,0.8449806571006775,0.8561878800392151,0.8476620316505432,0.8630267381668091,0.8827052116394043,0.8619949817657471,0.8732856512069702,0.8662717342376709,0.8572008609771729,0.8524128198623657,0.8495208621025085,0.8515934944152832,0.8442035913467407,0.8495010733604431,0.8448261022567749,0.8471928834915161,0.8378149271011353,0.8419983983039856,0.8344608545303345,0.8260691165924072,0.8324414491653442,0.8419409990310669,0.8335884809494019
90,0.7907148599624634,0.7863690257072449,0.7781369090080261,0.7752243280410767,0.7797672152519226,0.7935864329338074,0.7829395532608032,0.8108452558517456,0.8289797306060791,0.8219679594039917,0.8082513809204102,0.8287397027015686,0.8364954590797424,0.8230253458023071,0.8450433611869812,0.8670418858528137,0.9312889575958252,0.9680067300796509,1.0,0.9631302356719971,0.9264941215515137,0.8576390743255615,0.8433560132980347,0.832299530506134,0.8324440717697144,0.8200410604476929,0.8044164180755615,0.7897359728813171,0.8160640001296997,0.8086037039756775,0.7983905076980591,0.7918632626533508,0.7699209451675415,0.777846097946167,0.7915027141571045,0.7855547070503235,0.7852612137794495,0.7875142097473145,0.777594268321991,0.7652384042739868,0.7599028944969177,0.7717255353927612,0.7791648507118225,0.7824572920799255,0.796841561794281,0.7945054769515991,0.7943426370620728,0.7957960963249207,0.7920176982879639,0.7972788214683533,0.8076017498970032,0.7972440123558044,0.8181582689285278,0.844935953617096,0.8281645178794861,0.8316465616226196,0.8220332860946655,0.8123472929000854,0.8049185872077942,0.8009585738182068,0.8032374978065491,0.7947232723236084,0.8012082576751709,0.7978360056877136,0.8027467131614685,0.7928555011749268,0.7985866069793701,0.7926111221313477,0.7844905257225037,0.7904818654060364,0.8039945960044861,0.792805016040802
95,0.8283993601799011,0.8267866969108582,0.8221108913421631,0.8208019733428955,0.824218213558197,0.8350224494934082,0.8250868320465088,0.8479335308074951,0.8623707294464111,0.8598891496658325,0.8487647771835327,0.8743078112602234,0.8838076591491699,0.8724363446235657,0.8965082168579102,0.9111013412475586,0.9639294147491455,0.9897453188896179,0.9631302356719971,1.0000001192092896,0.9625155329704285,0.9006525278091431,0.893523097038269,0.8802390098571777,0.8814058303833008,0.8673800230026245,0.8453927040100098,0.8295614719390869,0.8523597121238708,0.8462848663330078,0.8351783752441406,0.8314332365989685,0.8155630826950073,0.8236953020095825,0.8327815532684326,0.8246169686317444,0.8241225481033325,0.8266918659210205,0.8192060589790344,0.8051802515983582,0.8014050722122192,0.8131171464920044,0.8208170533180237,0.824131965637207,0.8399322032928467,0.8398264646530151,0.8390963077545166,0.8417080640792847,0.8404803276062012,0.8422400951385498,0.8544492721557617,0.8488476276397705,0.8644101023674011,0.8811798095703125,0.8624359965324402,0.8730225563049316,0.8668349981307983,0.8585790991783142,0.8512091040611267,0.8469489812850952,0.8511592149734497,0.8434976935386658,0.8483574986457825,0.8433746099472046,0.844709038734436,0.8350943326950073,0.8390394449234009,0.8317300081253052,0.8242594003677368,0.8294056057929993,0.8383368253707886,0.8304611444473267
100,0.8832458853721619,0.8818458318710327,0.877109944820404,0.8778411746025085,0.8802658319473267,0.8908989429473877,0.8818294405937195,0.8969295620918274,0.9101500511169434,0.91712886095047,0.9056732058525085,0.9167077541351318,0.9285694360733032,0.9233062863349915,0.9385595321655273,0.9601654410362244,0.9891370534896851,0.9607347249984741,0.9264941215515137,0.9625155329704285,1.0000001192092896,0.9411013126373291,0.9295793771743774,0.9321602582931519,0.91933673620224,0.9106507897377014,0.8987762331962585,0.8871853947639465,0.9020083546638489,0.897572934627533,0.8915112018585205,0.8905101418495178,0.8747859597206116,0.8792963027954102,0.8876786828041077,0.8817659616470337,0.8839260935783386,0.8863956928253174,0.8804982304573059,0.8692246079444885,0.8663564920425415,0.8762804269790649,0.8836659789085388,0.887912392616272,0.9005910158157349,0.897416889667511,0.8932298421859741,0.8984540700912476,0.8922237753868103,0.8933590054512024,0.9042864441871643,0.896867573261261,0.9047364592552185,0.9230146408081055,0.8958675265312195,0.9151411652565002,0.9082728028297424,0.8990950584411621,0.8969482183456421,0.8925642967224121,0.8981006145477295,0.8958710432052612,0.8971805572509766,0.8995658755302429,0.9039870500564575,0.8957217335700989,0.8988339900970459,0.8910660147666931,0.8832578659057617,0.8866752982139587,0.8919260501861572,0.8880218267440796
105,0.9334276914596558,0.9373990297317505,0.9390665292739868,0.9415310621261597,0.9438601136207581,0.9470800161361694,0.9497191905975342,0.952206015586853,0.9522458910942078,0.9628285765647888,0.9691322445869446,0.9791536331176758,0.9826852679252625,0.9791002869606018,0.9874534606933594,0.9882268905639648,0.943841278553009,0.9054932594299316,0.8576390743255615,0.9006525278091431,0.9411013126373291,1.000000238418579,0.9912287592887878,0.9810985326766968,0.9783587455749512,0.9756247997283936,0.9724016785621643,0.9630081057548523,0.9577525854110718,0.953399658203125,0.9491785764694214,0.9437686204910278,0.9359012842178345,0.9390591979026794,0.94327312707901,0.9400607347488403,0.938761293888092,0.9389492273330688,0.9378755688667297,0.9283154010772705,0.9283157587051392,0.9368999600410461,0.9376916289329529,0.941917896270752,0.9456664323806763,0.9414361119270325,0.938920795917511,0.945848286151886,0.9397979974746704,0.9440291523933411,0.9371761083602905,0.9174591898918152,0.9118857383728027,0.9270979166030884,0.9011040925979614,0.9224890470504761,0.9171691536903381,0.9112945199012756,0.9346715211868286,0.9427034258842468,0.9420139789581299,0.9472188949584961,0.9412878751754761,0.9469486474990845,0.9472541809082031,0.9483436346054077,0.9409730434417725,0.9374305605888367,0.9318605065345764,0.9343979358673096,0.9322972297668457,0.93251633644104
110,0.9317418336868286,0.9345120191574097,0.9378662109375,0.9422978162765503,0.9437487125396729,0.9499581456184387,0.9512040019035339,0.9550575613975525,0.9536776542663574,0.9626233577728271,0.9689038395881653,0.9856386184692383,0.9873743057250977,0.982886016368866,0.989116907119751,0.9835613369941711,0.9338424801826477,0.8975292444229126,0.8433560132980347,0.893523097038269,0.9295793771743774,0.9912287592887878,0.9999998807907104,0.9845099449157715,0.9881348609924316,0.9832488298416138,0.9729954600334167,0.9638071656227112,0.9600546360015869,0.953248143196106,0.9508087635040283,0.94440758228302,0.9351477026939392,0.938003420829773,0.940838098526001,0.9372621178627014,0.9359484910964966,0.9369126558303833,0.935073733329773,0.9264719486236572,0.9258950352668762,0.9331543445587158,0.9344158172607422,0.9375418424606323,0.9411201477050781,0.9398663640022278,0.9374457001686096,0.9436482191085815,0.9369799494743347,0.9425954818725586,0.9346511363983154,0.9155744910240173,0.907435953617096,0.9230232238769531,0.8940352201461792,0.9185084104537964,0.9139459133148193,0.9070914387702942,0.9320802688598633,0.9422550201416016,0.9406760931015015,0.9470903873443604,0.9404855370521545,0.9462743401527405,0.9443271160125732,0.9451375007629395,0.937571108341217,0.9348349571228027,0.9313361048698425,0.9327554106712341,0.9303563833236694,0.9324854612350464
115,0.9498233795166016,0.951408863067627,0.9550595283508301,0.9588807821273804,0.959928035736084,0.9673272371292114,0.9690842032432556,0.9735009074211121,0.9709287881851196,0.9815771579742432,0.9851599931716919,0.9897810816764832,0.9920154809951782,0.9945425987243652,0.9898252487182617,0.9837943315505981,0.9362453818321228,0.8829965591430664,0.832299530506134,0.8802390098571777,0.9321602582931519,0.9810985326766968,0.9845099449157715,1.0000001192092896,0.9884836673736572,0.9886564016342163,0.9858548045158386,0.977092981338501,0.9749737977981567,0.9717580676078796,0.9687758684158325,0.9638726115226746,0.953883945941925,0.9555553793907166,0.9581543207168579,0.9528644680976868,0.9537055492401123,0.9541818499565125,0.953628659248352,0.9447829723358154,0.9444857835769653,0.9523247480392456,0.9553457498550415,0.9579901695251465,0.9621583223342896,0.9624768495559692,0.9604122638702393,0.9670875668525696,0.9600467085838318,0.9628505706787109,0.9557391405105591,0.9400555491447449,0.9313644170761108,0.9405418038368225,0.9124950170516968,0.9384786486625671,0.9362016916275024,0.931774914264679,0.9518793821334839,0.960871160030365,0.9619561433792114,0.9681138396263123,0.9611831903457642,0.9656182527542114,0.9642487168312073,0.9648935794830322,0.9566061496734619,0.9541876316070557,0.9506767392158508,0.9519602656364441,0.9492582678794861,0.9515804648399353
120,0.9404804110527039,0.9411336779594421,0.9446024894714355,0.9472262263298035,0.9492271542549133,0.9552583694458008,0.9563232660293579,0.9629971981048584,0.9582483172416687,0.9660290479660034,0.973364531993866,0.9902754426002502,0.9929903149604797,0.9873798489570618,0.9850332736968994,0.9749201536178589,0.9220657348632812,0.8825335502624512,0.8324440717697144,0.8814058303833008,0.91933673620224,0.9783587455749512,0.9881348609924316,0.9884836673736572,0.9999998807907104,0.99123215675354,0.9775130152702332,0.9652600884437561,0.962826669216156,0.9583144187927246,0.9546459317207336,0.9486663341522217,0.940409779548645,0.9432250261306763,0.9473093748092651,0.942165195941925,0.941903293132782,0.9421086311340332,0.9431107044219971,0.9336352348327637,0.9326728582382202,0.9403252601623535,0.9448923468589783,0.947624146938324,0.9498902559280396,0.9517799615859985,0.9511160850524902,0.9561032652854919,0.9505442976951599,0.952033281326294,0.9454653859138489,0.9318752288818359,0.9219129681587219,0.9314488172531128,0.9038134813308716,0.9286524653434753,0.9279654622077942,0.925067663192749,0.944272518157959,0.951260507106781,0.9543042182922363,0.957060694694519,0.9513188600540161,0.9536677598953247,0.9511717557907104,0.9532432556152344,0.9451400637626648,0.9436845779418945,0.9415087699890137,0.9429920315742493,0.941550076007843,0.9405550956726074
125,0.953705906867981,0.9544354677200317,0.9596385955810547,0.9653034806251526,0.965242862701416,0.9701728820800781,0.9726991057395935,0.9765007495880127,0.9693354368209839,0.976021945476532,0.9848800897598267,0.9937915205955505,0.9919368028640747,0.9865508079528809,0.9788225293159485,0.971162736415863,0.9112111330032349,0.8686130046844482,0.8200410604476929,0.8673800230026245,0.9106507897377014,0.9756247997283936,0.9832488298416138,0.9886564016342163,0.99123215675354,0.9999998807907104,0.9914013743400574,0.9847304224967957,0.9788042902946472,0.9742862582206726,0.971710205078125,0.9641938209533691,0.9558454751968384,0.9597682952880859,0.9618685245513916,0.957643985748291,0.9576071500778198,0.9597826600074768,0.9575287699699402,0.9474105834960938,0.9465321898460388,0.9536184668540955,0.9556105136871338,0.9561227560043335,0.9576402306556702,0.9606214761734009,0.9594243764877319,0.9633018970489502,0.9561488628387451,0.9617418050765991,0.950914740562439,0.9322084784507751,0.9238524436950684,0.9286652207374573,0.9024733901023865,0.9293307065963745,0.9311038851737976,0.925000011920929,0.9503628611564636,0.9610678553581238,0.9613351821899414,0.9677791595458984,0.960871160030365,0.9644638299942017,0.9599395394325256,0.9646382927894592,0.954251766204834,0.9544568061828613,0.9533954858779907,0.954430103302002,0.9508681297302246,0.9543884992599487
130,0.9625410437583923,0.9654684662818909,0.9695131778717041,0.973673939704895,0.9740663170814514,0.9772430658340454,0.9815213084220886,0.9830632209777832,0.976810097694397,0.9849124550819397,0.9942976832389832,0.9895762801170349,0.9842507243156433,0.9829537868499756,0.9730250835418701,0.9645125865936279,0.9013712406158447,0.8504202365875244,0.8044164180755615,0.8453927040100098,0.8987762331962585,0.9724016785621643,0.9729954600334167,0.9858548045158386,0.9775130152702332,0.9914013743400574,1.0000001192092896,0.9952994585037231,0.9848232865333557,0.984072744846344,0.9801579713821411,0.9724258184432983,0.9646292328834534,0.9692885279655457,0.9710506200790405,0.9681448936462402,0.967307448387146,0.9678473472595215,0.966759979724884,0.958646297454834,0.9585291743278503,0.9663826823234558,0.965866208076477,0.9666876792907715,0.9671648740768433,0.9677902460098267,0.9664733409881592,0.9701704382896423,0.9637874364852905,0.9692894220352173,0.9545819759368896,0.933100163936615,0.9227684140205383,0.9244303107261658,0.9042477607727051,0.9282240271568298,0.9301624298095703,0.9259325265884399,0.9543910622596741,0.968008816242218,0.9658790230751038,0.9729068279266357,0.9670013785362244,0.9719153642654419,0.9681851863861084,0.9733297824859619,0.9626897573471069,0.9628897905349731,0.960366427898407,0.9616706371307373,0.9575441479682922,0.961135983467102
135,0.9625483155250549,0.9652937650680542,0.970389723777771,0.9762451648712158,0.9759581685066223,0.9782761335372925,0.9848573803901672,0.982182502746582,0.9732824563980103,0.9833785891532898,0.9891811609268188,0.980590283870697,0.9758303761482239,0.9748424291610718,0.9610726833343506,0.9548373222351074,0.888568103313446,0.8350573778152466,0.7897359728813171,0.8295614719390869,0.8871853947639465,0.9630081057548523,0.9638071656227112,0.977092981338501,0.9652600884437561,0.9847304224967957,0.9952994585037231,1.000000238418579,0.9866188168525696,0.9849490523338318,0.9838346242904663,0.9762639999389648,0.9683281183242798,0.9714326858520508,0.9714685678482056,0.9690587520599365,0.9686592817306519,0.9685335755348206,0.9661149978637695,0.9588942527770996,0.9597762823104858,0.9654132723808289,0.9644349813461304,0.9641749262809753,0.9639732837677002,0.9641527533531189,0.961016833782196,0.9628492593765259,0.9552111029624939,0.9633681178092957,0.9448242783546448,0.9193755984306335,0.9090903997421265,0.9136574268341064,0.8931522369384766,0.9173151254653931,0.9182460904121399,0.9121487736701965,0.9453557133674622,0.9613099694252014,0.9567883610725403,0.96675705909729,0.9607610106468201,0.9691470265388489,0.9660986661911011,0.9728066325187683,0.9611202478408813,0.9610866904258728,0.9596045613288879,0.9600554704666138,0.9536723494529724,0.9619654417037964
140,0.9592145085334778,0.9615962505340576,0.9646642208099365,0.9700309038162231,0.971831202507019,0.9834412932395935,0.9814947247505188,0.9927254915237427,0.9914604425430298,0.9879986047744751,0.9858745336532593,0.976309061050415,0.9703704714775085,0.9668357372283936,0.958261251449585,0.9528104066848755,0.9042121767997742,0.8594837188720703,0.8160640001296997,0.8523597121238708,0.9020083546638489,0.9577525854110718,0.9600546360015869,0.9749737977981567,0.962826669216156,0.9788042902946472,0.9848232865333557,0.9866188168525696,1.0000001192092896,0.9937728047370911,0.9892164468765259,0.9832647442817688,0.965702474117279,0.9684650301933289,0.9696044921875,0.9662001729011536,0.9660420417785645,0.9680837392807007,0.9602232575416565,0.9516533017158508,0.9503937363624573,0.9586805105209351,0.9566606879234314,0.9540286660194397,0.9561519026756287,0.9557107090950012,0.9523146152496338,0.9534471035003662,0.9439077973365784,0.952273428440094,0.9394409656524658,0.9120639562606812,0.9106920957565308,0.9207116961479187,0.8962839841842651,0.918834388256073,0.918903112411499,0.9102937579154968,0.9386337995529175,0.9508922100067139,0.9467138051986694,0.9584069848060608,0.954461932182312,0.96055668592453,0.9605928659439087,0.9649196267127991,0.9577941298484802,0.9566970467567444,0.9527245759963989,0.953871488571167,0.9534215927124023,0.9589786529541016
