,0,5,10,15,20,25,30,35,40,45,50,55,60,65,70,75,80,85,90,95,100,105,110,115,120,125,130,135,140,145,150,155,160,165,170,175,180,185,190,195,200,205,210,215,220,225,230,235,240,245,250,255,260,265,270,275,280,285,290,295,300,305,310,315,320,325,330,335,340,345,350,355
0,1.000000238418579,0.9854016900062561,0.9708935022354126,0.9504790306091309,0.9430478811264038,0.9261304140090942,0.9156641960144043,0.8976655006408691,0.8587461113929749,0.8524356484413147,0.8264917135238647,0.8081332445144653,0.7872115969657898,0.7408186197280884,0.7479073405265808,0.6802164316177368,0.6610445380210876,0.5844780802726746,0.5195120573043823,0.5938469171524048,0.6445872783660889,0.6750360727310181,0.7659854292869568,0.7475826144218445,0.7782962322235107,0.8158280253410339,0.8107706308364868,0.8434552550315857,0.8595287799835205,0.8619129061698914,0.8906940221786499,0.9059467315673828,0.9288166165351868,0.9429498314857483,0.960909366607666,0.9713180065155029,0.9791502356529236,0.9722235798835754,0.9641558527946472,0.9520158767700195,0.9175317883491516,0.9051644206047058,0.8804131150245667,0.8598270416259766,0.8343819379806519,0.8217969536781311,0.7977113723754883,0.743619441986084,0.7292097210884094,0.6860837936401367,0.6769784688949585,0.6077180504798889,0.5888805985450745,0.5842916965484619,0.5337995886802673,0.5865258574485779,0.6066358685493469,0.6265196800231934,0.6630585193634033,0.6815882921218872,0.7325588464736938,0.7628458142280579,0.8045400381088257,0.8272407054901123,0.8473774194717407,0.8750861287117004,0.8962240219116211,0.9250310659408569,0.9426862597465515,0.9566068649291992,0.9780574440956116,0.988766074180603
5,0.9854016900062561,1.0000001192092896,0.9851105809211731,0.9671468138694763,0.9586942791938782,0.9445939064025879,0.9304252862930298,0.9136728048324585,0.874731719493866,0.8656206130981445,0.8461793661117554,0.8258824944496155,0.800137996673584,0.7564312219619751,0.7637162804603577,0.7017883658409119,0.6781755685806274,0.592214822769165,0.5124473571777344,0.6039290428161621,0.6591485738754272,0.6918213367462158,0.7804323434829712,0.7595633864402771,0.7906808853149414,0.8346255421638489,0.8263881206512451,0.8609277009963989,0.8768472671508789,0.8794608116149902,0.9039015173912048,0.923438549041748,0.9445756077766418,0.9582417607307434,0.9755414724349976,0.9834029674530029,0.9725043773651123,0.962990403175354,0.9572513103485107,0.9463040828704834,0.9206729531288147,0.9154510498046875,0.8857964277267456,0.8674179315567017,0.8454363346099854,0.8357552289962769,0.8099791407585144,0.7567626237869263,0.745547354221344,0.7033893465995789,0.6938831806182861,0.6279441118240356,0.6066629886627197,0.6059657335281372,0.5556206107139587,0.6067845821380615,0.6250891089439392,0.6466175317764282,0.681145191192627,0.7005038857460022,0.7483364343643188,0.7777645587921143,0.8139168620109558,0.8392457962036133,0.857674241065979,0.8785541653633118,0.8956866264343262,0.926113486289978,0.9417795538902283,0.9487131834030151,0.9707878828048706,0.9775718450546265
10,0.9708935022354126,0.9851105809211731,1.0000001192092896,0.9842185974121094,0.9746476411819458,0.9506828784942627,0.9303880929946899,0.9159795641899109,0.879367470741272,0.8773064017295837,0.8631846904754639,0.8423984050750732,0.8211033344268799,0.7777655124664307,0.7853610515594482,0.7199047803878784,0.6954939365386963,0.6087239980697632,0.5264868140220642,0.6178110837936401,0.6721806526184082,0.698451042175293,0.7880954742431641,0.7720854878425598,0.8023813962936401,0.846418023109436,0.8399410247802734,0.8714229464530945,0.8864617347717285,0.8893114328384399,0.9104468822479248,0.9325159192085266,0.9578644037246704,0.9739280343055725,0.9837355613708496,0.9773174524307251,0.9604372978210449,0.953868567943573,0.9497243165969849,0.9389925003051758,0.9179803729057312,0.9193702340126038,0.8933340311050415,0.879292905330658,0.8583193421363831,0.8485429286956787,0.8233289122581482,0.7685986161231995,0.7583783864974976,0.7153737545013428,0.7031362056732178,0.6338222622871399,0.6116924285888672,0.6162781119346619,0.5640119314193726,0.6146076321601868,0.6341066956520081,0.6543894410133362,0.6886172890663147,0.7137562036514282,0.7625830769538879,0.7911284565925598,0.827926754951477,0.8523367047309875,0.8701295852661133,0.8863476514816284,0.901749312877655,0.9254537224769592,0.9349234700202942,0.9396297335624695,0.9595834612846375,0.965214729309082
15,0.9504790306091309,0.9671468138694763,0.9842185974121094,1.0,0.9847432374954224,0.9537768959999084,0.9346201419830322,0.9234448671340942,0.8916015625,0.8827367424964905,0.8759990930557251,0.8548352718353271,0.8358570337295532,0.7948352694511414,0.7986217141151428,0.7259806990623474,0.7048764824867249,0.6257014274597168,0.5299694538116455,0.6281944513320923,0.6778600215911865,0.7002624273300171,0.7973037362098694,0.7812310457229614,0.8108119964599609,0.8514662384986877,0.8517622351646423,0.8770396113395691,0.8964285254478455,0.8996654152870178,0.916115403175354,0.9337168335914612,0.9645806550979614,0.9812654256820679,0.9700919389724731,0.9644882678985596,0.9466051459312439,0.9415826797485352,0.9353439807891846,0.9255068898200989,0.9063305854797363,0.9077287912368774,0.8771766424179077,0.8690716028213501,0.848004162311554,0.837171196937561,0.8082225322723389,0.7518947124481201,0.745358943939209,0.7040840983390808,0.6878851652145386,0.624731183052063,0.597180187702179,0.5988946557044983,0.5436801314353943,0.5982376933097839,0.6170780658721924,0.6398627758026123,0.6751395463943481,0.7053803205490112,0.748700737953186,0.774455189704895,0.8115748763084412,0.840671181678772,0.85930335521698,0.8697212934494019,0.8847238421440125,0.9083576202392578,0.9170277118682861,0.9212101697921753,0.9394471049308777,0.9484759569168091
20,0.9430478811264038,0.9586942791938782,0.9746476411819458,0.9847432374954224,0.9999998807907104,0.977818489074707,0.9505350589752197,0.9397315979003906,0.9030005931854248,0.89468914270401,0.8789833784103394,0.8572238683700562,0.8316749930381775,0.7924676537513733,0.7915462255477905,0.7265249490737915,0.7085567712783813,0.6317495107650757,0.5444653630256653,0.6412279605865479,0.684901237487793,0.7075784206390381,0.7927782535552979,0.7832188606262207,0.8123869895935059,0.8585035800933838,0.856840968132019,0.8803606033325195,0.905877947807312,0.916751503944397,0.9394169449806213,0.9589138031005859,0.9800847172737122,0.9764840602874756,0.9680027365684509,0.9553291201591492,0.935156524181366,0.9283000230789185,0.9182778000831604,0.9057389497756958,0.8784257173538208,0.8789545297622681,0.8423389196395874,0.8333802819252014,0.8125542998313904,0.8023378849029541,0.772752046585083,0.7154590487480164,0.7099897265434265,0.6707903742790222,0.6535804271697998,0.5926933288574219,0.5696558356285095,0.5761962532997131,0.533227801322937,0.5734460353851318,0.588602602481842,0.6091104745864868,0.640231192111969,0.6725519895553589,0.7133773565292358,0.7397798895835876,0.7754744291305542,0.8047095537185669,0.822196364402771,0.8397165536880493,0.8544963002204895,0.881566047668457,0.8920745849609375,0.8950433731079102,0.9264955520629883,0.934138298034668
25,0.9261304140090942,0.9445939064025879,0.9506828784942627,0.9537768959999084,0.977818489074707,1.0000001192092896,0.976259708404541,0.9605851173400879,0.9282693266868591,0.9185472130775452,0.8852338790893555,0.8655776977539062,0.8312438726425171,0.7897041440010071,0.7822358012199402,0.7352654337882996,0.7080460786819458,0.6424487829208374,0.562039852142334,0.6579055786132812,0.6959549784660339,0.7266364097595215,0.7914062738418579,0.7922476530075073,0.823207437992096,0.8703464269638062,0.8636600971221924,0.8922255039215088,0.9269523620605469,0.9380007386207581,0.9666220545768738,0.9795635938644409,0.9696378111839294,0.9538931846618652,0.9507051706314087,0.9380397796630859,0.9153414368629456,0.9034671187400818,0.8900699019432068,0.8800356388092041,0.8481913805007935,0.8503904342651367,0.8103518486022949,0.8017268180847168,0.7834190726280212,0.7742123603820801,0.7500770688056946,0.6934794187545776,0.6861778497695923,0.6480262279510498,0.638243556022644,0.5883264541625977,0.5668004751205444,0.5686479806900024,0.5352554321289062,0.5643817782402039,0.5824359059333801,0.6020529270172119,0.6235663294792175,0.6511350870132446,0.6920410990715027,0.7171391844749451,0.7530183792114258,0.7743706107139587,0.7901614904403687,0.8153468370437622,0.8286298513412476,0.8604754209518433,0.8725982904434204,0.8695900440216064,0.9072201251983643,0.9121462106704712
30,0.9156641960144043,0.9304252862930298,0.9303880929946899,0.9346201419830322,0.9505350589752197,0.976259708404541,1.0,0.9835370779037476,0.9585936665534973,0.9480554461479187,0.9165971279144287,0.8910956382751465,0.8567807674407959,0.8155299425125122,0.8051053881645203,0.7607340812683105,0.7313483953475952,0.665307343006134,0.5832206010818481,0.6825519800186157,0.7213705778121948,0.7608014941215515,0.8209017515182495,0.8239210844039917,0.851847231388092,0.8974295258522034,0.8960796594619751,0.9252108335494995,0.9512611031532288,0.9573526382446289,0.975963830947876,0.9635047912597656,0.9457257986068726,0.9322062134742737,0.9303367137908936,0.9221721887588501,0.9037677049636841,0.8909358978271484,0.8783623576164246,0.8755891919136047,0.8420183658599854,0.8397397398948669,0.7998049259185791,0.7932635545730591,0.7768264412879944,0.7688119411468506,0.7515959739685059,0.6999562978744507,0.6950898766517639,0.6570603847503662,0.6516755819320679,0.6020591855049133,0.58087158203125,0.5766811370849609,0.541380763053894,0.5752237439155579,0.5961379408836365,0.6164414882659912,0.6382622718811035,0.664189875125885,0.7042092680931091,0.7197880744934082,0.753156840801239,0.7685168981552124,0.7797111868858337,0.8054814338684082,0.8194912672042847,0.8517528772354126,0.8678032159805298,0.8670320510864258,0.8930333852767944,0.8985671997070312
35,0.8976655006408691,0.9136728048324585,0.9159795641899109,0.9234448671340942,0.9397315979003906,0.9605851173400879,0.9835370779037476,1.0000001192092896,0.9768086671829224,0.9644416570663452,0.9405074119567871,0.9158108234405518,0.8788160681724548,0.8421018719673157,0.8283884525299072,0.7800770998001099,0.7480607032775879,0.68840491771698,0.586871862411499,0.7057008743286133,0.7318106889724731,0.7732124924659729,0.835590124130249,0.8454961180686951,0.8695209622383118,0.912535548210144,0.920723021030426,0.9426805973052979,0.9645681977272034,0.9731142520904541,0.9648300409317017,0.9516817927360535,0.9346448183059692,0.9221352934837341,0.9174082279205322,0.9087101817131042,0.8892048001289368,0.8740758299827576,0.8596035242080688,0.8580378293991089,0.8207229375839233,0.8251088857650757,0.7837269306182861,0.7813597321510315,0.7717342972755432,0.764176070690155,0.7462072968482971,0.6967108249664307,0.696382999420166,0.6572926044464111,0.648331344127655,0.6011509299278259,0.5782759785652161,0.5768719911575317,0.5408883094787598,0.5770398378372192,0.5950167179107666,0.6166585087776184,0.6374209523200989,0.6642605662345886,0.7022687792778015,0.7122067213058472,0.7394214272499084,0.7603992223739624,0.7701061367988586,0.7824512720108032,0.799518883228302,0.8284551501274109,0.8411973118782043,0.8401241898536682,0.8680394291877747,0.8788248300552368
40,0.8587461113929749,0.874731719493866,0.879367470741272,0.8916015625,0.9030005931854248,0.9282693266868591,0.9585936665534973,0.9768086671829224,1.0,0.9805698394775391,0.9546225666999817,0.9398982524871826,0.8935381770133972,0.8565889000892639,0.8477298617362976,0.803138256072998,0.7778105735778809,0.7229177951812744,0.6144161820411682,0.7384631633758545,0.771409273147583,0.799343466758728,0.8505140542984009,0.8641524910926819,0.8933234810829163,0.9352114200592041,0.9457280039787292,0.9607318639755249,0.9781627655029297,0.9673435688018799,0.9483655095100403,0.9274266958236694,0.903232753276825,0.892338752746582,0.8789153099060059,0.8738728165626526,0.84974604845047,0.8338333964347839,0.8246867060661316,0.8216058611869812,0.7903100848197937,0.7951210737228394,0.7567931413650513,0.7585270404815674,0.7523421049118042,0.7460472583770752,0.7284001708030701,0.6839278936386108,0.6845861673355103,0.6570115089416504,0.6532036066055298,0.6157136559486389,0.5845165252685547,0.5829938650131226,0.5485749244689941,0.584033727645874,0.5994881391525269,0.6285035610198975,0.6401499509811401,0.666599452495575,0.6899583339691162,0.6980209350585938,0.7178464531898499,0.7400875091552734,0.7462338209152222,0.7565059661865234,0.77347731590271,0.800464928150177,0.8134467005729675,0.805799126625061,0.8325386047363281,0.8396590948104858
45,0.8524356484413147,0.8656206130981445,0.8773064017295837,0.8827367424964905,0.89468914270401,0.9185472130775452,0.9480554461479187,0.9644416570663452,0.9805698394775391,1.0000001192092896,0.9672248959541321,0.9500155448913574,0.9198607802391052,0.8768865466117859,0.8669388890266418,0.819169282913208,0.7813862562179565,0.7181256413459778,0.6156699657440186,0.7338292598724365,0.7691184878349304,0.8079100847244263,0.8655526638031006,0.8847720623016357,0.9120873212814331,0.9454014301300049,0.9553228616714478,0.9733283519744873,0.9727933406829834,0.9596471786499023,0.9389277696609497,0.92084139585495,0.8983154296875,0.8887458443641663,0.8769559860229492,0.8690698742866516,0.8421999216079712,0.8269236087799072,0.8220255970954895,0.8171283006668091,0.7899212837219238,0.7943836450576782,0.7621628046035767,0.7656863331794739,0.7577292323112488,0.750120222568512,0.7332836389541626,0.6911106109619141,0.6934054493904114,0.6632993221282959,0.6580486297607422,0.6152642965316772,0.5825117826461792,0.5835498571395874,0.5496246218681335,0.5852873921394348,0.5995267629623413,0.6312718391418457,0.6443449258804321,0.673430860042572,0.6997537612915039,0.706863284111023,0.7236658334732056,0.7437095046043396,0.7500476837158203,0.7623588442802429,0.7735492587089539,0.795127809047699,0.8065805435180664,0.8024365901947021,0.8270965814590454,0.8332077264785767
50,0.8264917135238647,0.8461793661117554,0.8631846904754639,0.8759990930557251,0.8789833784103394,0.8852338790893555,0.9165971279144287,0.9405074119567871,0.9546225666999817,0.9672248959541321,1.0000001192092896,0.9795539975166321,0.9570037126541138,0.9250863790512085,0.9118763208389282,0.850996196269989,0.8138351440429688,0.7444245219230652,0.6365736722946167,0.7540445327758789,0.7959974408149719,0.8316748738288879,0.9002264738082886,0.9169268608093262,0.9364107847213745,0.9629366397857666,0.9753982424736023,0.9732937812805176,0.9504559636116028,0.9400520920753479,0.905383288860321,0.8868091106414795,0.8786351680755615,0.8765824437141418,0.8553552627563477,0.8495838046073914,0.8187426328659058,0.8103668093681335,0.8087078332901001,0.8123941421508789,0.7928895950317383,0.802376389503479,0.7683643102645874,0.781267523765564,0.7815464735031128,0.7723473310470581,0.7578678131103516,0.7208369970321655,0.7308298349380493,0.7063273191452026,0.6984502077102661,0.6522084474563599,0.6133687496185303,0.6201265454292297,0.571340799331665,0.620326042175293,0.6321467757225037,0.6662764549255371,0.6882385611534119,0.7206500768661499,0.7350832223892212,0.735734224319458,0.7476531267166138,0.7714820504188538,0.7696770429611206,0.7646212577819824,0.7765755653381348,0.792151689529419,0.798072099685669,0.7924975156784058,0.808304488658905,0.8160425424575806
55,0.8081332445144653,0.8258824944496155,0.8423984050750732,0.8548352718353271,0.8572238683700562,0.8655776977539062,0.8910956382751465,0.9158108234405518,0.9398982524871826,0.9500155448913574,0.9795539975166321,1.0000001192092896,0.9659438133239746,0.9437143802642822,0.9337082505226135,0.8658360242843628,0.8293463587760925,0.7630184888839722,0.6530500650405884,0.7735543847084045,0.8177820444107056,0.8467759490013123,0.9165863990783691,0.9377312660217285,0.9526264071464539,0.9760326147079468,0.9740966558456421,0.9620617628097534,0.9396505355834961,0.925674557685852,0.8886942863464355,0.8715044856071472,0.8614314198493958,0.8602615594863892,0.8351646661758423,0.8294689655303955,0.7942977547645569,0.7885386943817139,0.7862883806228638,0.785986065864563,0.7645955681800842,0.7813297510147095,0.7508695125579834,0.7667067050933838,0.768769383430481,0.7630504369735718,0.7493481636047363,0.713443398475647,0.7257248759269714,0.7036412358283997,0.7001404762268066,0.6528537273406982,0.6129616498947144,0.6173415184020996,0.5660203099250793,0.6179239749908447,0.6304045915603638,0.6654365062713623,0.6894677877426147,0.7162564396858215,0.7303658723831177,0.7290581464767456,0.7385445833206177,0.7618948221206665,0.7577024102210999,0.7493171691894531,0.7588678598403931,0.7701204419136047,0.7714685201644897,0.7672444581985474,0.7909308671951294,0.7964925765991211
60,0.7872115969657898,0.800137996673584,0.8211033344268799,0.8358570337295532,0.8316749930381775,0.8312438726425171,0.8567807674407959,0.8788160681724548,0.8935381770133972,0.9198607802391052,0.9570037126541138,0.9659438133239746,1.0,0.9667100310325623,0.9512943625450134,0.892837643623352,0.8493704795837402,0.7611238360404968,0.667953610420227,0.7670832276344299,0.825635552406311,0.8631393313407898,0.9317384958267212,0.9490284323692322,0.9573962092399597,0.9514445066452026,0.9426849484443665,0.9295327663421631,0.9025211334228516,0.8833451867103577,0.8548833131790161,0.8384434580802917,0.8335632085800171,0.8377695679664612,0.8103089332580566,0.8073310256004333,0.7772326469421387,0.773300290107727,0.7741408944129944,0.7780930995941162,0.7637298703193665,0.7771711945533752,0.7599867582321167,0.7768256664276123,0.7758045196533203,0.7665841579437256,0.7573119401931763,0.7218045592308044,0.7309484481811523,0.7097323536872864,0.7106996178627014,0.6602939367294312,0.6237964034080505,0.6274612545967102,0.572152853012085,0.6297879219055176,0.6404941082000732,0.6761714220046997,0.7015001177787781,0.7262431383132935,0.739111602306366,0.7384116053581238,0.7514262795448303,0.7680284976959229,0.7665850520133972,0.7636566162109375,0.766362726688385,0.7693214416503906,0.7616300582885742,0.7621493339538574,0.7704394459724426,0.7785378098487854
65,0.7408186197280884,0.7564312219619751,0.7777655124664307,0.7948352694511414,0.7924676537513733,0.7897041440010071,0.8155299425125122,0.8421018719673157,0.8565889000892639,0.8768865466117859,0.9250863790512085,0.9437143802642822,0.9667100310325623,1.0,0.968413233757019,0.9070578813552856,0.8633992671966553,0.793998122215271,0.700387179851532,0.8008570671081543,0.8517374992370605,0.8869373798370361,0.9476313591003418,0.966982364654541,0.9458891153335571,0.9216928482055664,0.9122434854507446,0.8932995796203613,0.8646536469459534,0.8483859896659851,0.8124713897705078,0.7929236888885498,0.7913137674331665,0.7958463430404663,0.7674955129623413,0.7611219882965088,0.7302788496017456,0.7267208099365234,0.7191530466079712,0.726392924785614,0.7094510793685913,0.7235324382781982,0.7004685997962952,0.7160404324531555,0.7132350206375122,0.7050825357437134,0.7019700407981873,0.663515031337738,0.6819760799407959,0.6598895788192749,0.6643737554550171,0.6148335933685303,0.5849733352661133,0.5906631350517273,0.5395475625991821,0.5938958525657654,0.5999143123626709,0.6277519464492798,0.6533089876174927,0.6752361059188843,0.6893124580383301,0.6793178915977478,0.6938067078590393,0.7121566534042358,0.7124274373054504,0.7045335173606873,0.7117871046066284,0.7143055200576782,0.7088366746902466,0.7045683264732361,0.7191243767738342,0.7329472899436951
70,0.7479073405265808,0.7637162804603577,0.7853610515594482,0.7986217141151428,0.7915462255477905,0.7822358012199402,0.8051053881645203,0.8283884525299072,0.8477298617362976,0.8669388890266418,0.9118763208389282,0.9337082505226135,0.9512943625450134,0.968413233757019,1.000000238418579,0.9292389154434204,0.900265097618103,0.8123531937599182,0.7209253311157227,0.8154516816139221,0.8804336786270142,0.9062105417251587,0.9684346318244934,0.9486311078071594,0.9325000047683716,0.9189756512641907,0.9026967287063599,0.8873807787895203,0.8557440042495728,0.8359023332595825,0.8024027347564697,0.7895957231521606,0.7938546538352966,0.8030004501342773,0.7774542570114136,0.7713754177093506,0.7397809028625488,0.7382475137710571,0.7321453094482422,0.7376790046691895,0.7284663915634155,0.7428620457649231,0.7177639603614807,0.7298421263694763,0.7323724031448364,0.7257170677185059,0.725399374961853,0.6934337615966797,0.7122816443443298,0.6941990852355957,0.7031744718551636,0.6570941805839539,0.6223741769790649,0.6270734667778015,0.5686925053596497,0.6272319555282593,0.636210024356842,0.66850745677948,0.691979169845581,0.7063223123550415,0.7156567573547363,0.7054404616355896,0.7140448689460754,0.7323422431945801,0.7280902862548828,0.7166517376899719,0.7256227731704712,0.7320313453674316,0.7263534069061279,0.7192506194114685,0.732637882232666,0.7465102672576904
75,0.6802164316177368,0.7017883658409119,0.7199047803878784,0.7259806990623474,0.7265249490737915,0.7352654337882996,0.7607340812683105,0.7800770998001099,0.803138256072998,0.819169282913208,0.850996196269989,0.8658360242843628,0.892837643623352,0.9070578813552856,0.9292389154434204,1.0000001192092896,0.9510315656661987,0.8760442733764648,0.7714263200759888,0.8839519023895264,0.9341559410095215,0.9509910345077515,0.9056973457336426,0.8765851259231567,0.8597515821456909,0.8691384792327881,0.8429266810417175,0.8311818838119507,0.8075791001319885,0.7871958017349243,0.7644152641296387,0.7518724799156189,0.7346118092536926,0.738864541053772,0.7194520235061646,0.7119812965393066,0.6744987964630127,0.67818284034729,0.6713158488273621,0.6851633191108704,0.677942156791687,0.6946704983711243,0.67311692237854,0.6865928769111633,0.6900848150253296,0.689253032207489,0.6999219655990601,0.673720121383667,0.6917307376861572,0.6869645118713379,0.6952600479125977,0.6681617498397827,0.6294125318527222,0.6338468790054321,0.5919359922409058,0.6320585012435913,0.6394392251968384,0.67351233959198,0.6833189129829407,0.6994824409484863,0.6957047581672668,0.6855661273002625,0.6878419518470764,0.6904528141021729,0.6809844374656677,0.6726037263870239,0.678926408290863,0.6833440661430359,0.6782765984535217,0.6677988171577454,0.672929048538208,0.6791648864746094
80,0.6610445380210876,0.6781755685806274,0.6954939365386963,0.7048764824867249,0.7085567712783813,0.7080460786819458,0.7313483953475952,0.7480607032775879,0.7778105735778809,0.7813862562179565,0.8138351440429688,0.8293463587760925,0.8493704795837402,0.8633992671966553,0.900265097618103,0.9510315656661987,1.000000238418579,0.8970030546188354,0.7905694842338562,0.8989819288253784,0.963452935218811,0.9225478172302246,0.883947491645813,0.830127477645874,0.8205652236938477,0.8371197581291199,0.8102169036865234,0.7927659749984741,0.7754563093185425,0.7498624324798584,0.7307037115097046,0.7177622318267822,0.710123598575592,0.7150375843048096,0.6930506229400635,0.6882720589637756,0.6546295285224915,0.6575944423675537,0.6523206233978271,0.6602654457092285,0.6538474559783936,0.669177234172821,0.6423858404159546,0.654641330242157,0.6627331972122192,0.6604883670806885,0.6713912487030029,0.648266613483429,0.6639772653579712,0.6663362979888916,0.6758674383163452,0.6472125053405762,0.6194689273834229,0.6220875382423401,0.5822896957397461,0.6252360343933105,0.6251336932182312,0.6517981290817261,0.6642578840255737,0.6747174859046936,0.6666254997253418,0.6573227643966675,0.6612054109573364,0.6651861667633057,0.651669442653656,0.6408726572990417,0.6530777812004089,0.6622010469436646,0.6624412536621094,0.6493039131164551,0.6572421789169312,0.6631398797035217
85,0.5844780802726746,0.592214822769165,0.6087239980697632,0.6257014274597168,0.6317495107650757,0.6424487829208374,0.665307343006134,0.68840491771698,0.7229177951812744,0.7181256413459778,0.7444245219230652,0.7630184888839722,0.7611238360404968,0.793998122215271,0.8123531937599182,0.8760442733764648,0.8970030546188354,1.0,0.8808894753456116,0.9762961268424988,0.9234874248504639,0.8668606281280518,0.8063992261886597,0.7627208828926086,0.7454230189323425,0.7568535804748535,0.7371901273727417,0.7209926843643188,0.7108422517776489,0.6999772191047668,0.6709083318710327,0.6510764360427856,0.6313329935073853,0.6307114362716675,0.6030272245407104,0.5930893421173096,0.5697029829025269,0.5717459917068481,0.554349422454834,0.5667151808738708,0.5484012365341187,0.5651850700378418,0.5285475254058838,0.5353488326072693,0.5358769297599792,0.5366052985191345,0.5476428270339966,0.5180923938751221,0.5382051467895508,0.5386528372764587,0.5472828149795532,0.5530844330787659,0.5209851861000061,0.5335015058517456,0.513180673122406,0.5307170152664185,0.5239025950431824,0.5440280437469482,0.5328660607337952,0.5424600839614868,0.5383175015449524,0.5240498781204224,0.5315902233123779,0.535510778427124,0.5356054902076721,0.5234981179237366,0.5419940948486328,0.558087944984436,0.5652980804443359,0.550082802772522,0.5639826059341431,0.5819319486618042
90,0.5195120573043823,0.5124473571777344,0.5264868140220642,0.5299694538116455,0.5444653630256653,0.562039852142334,0.5832206010818481,0.586871862411499,0.6144161820411682,0.6156699657440186,0.6365736722946167,0.6530500650405884,0.667953610420227,0.700387179851532,0.7209253311157227,0.7714263200759888,0.7905694842338562,0.8808894753456116,0.9999999403953552,0.8726027011871338,0.8484828472137451,0.8033413290977478,0.729689359664917,0.6902971267700195,0.6713531017303467,0.6472957730293274,0.6218516826629639,0.6136322021484375,0.6074553728103638,0.5998873710632324,0.598343014717102,0.5705815553665161,0.5445367693901062,0.5379563570022583,0.5156657695770264,0.509716272354126,0.4960159957408905,0.5007361769676208,0.48583728075027466,0.4996260404586792,0.47350358963012695,0.4769531786441803,0.45785385370254517,0.46148133277893066,0.4564283490180969,0.4592549800872803,0.47079789638519287,0.4464985132217407,0.44980210065841675,0.4578712582588196,0.47842276096343994,0.4791345000267029,0.45600128173828125,0.4626573324203491,0.46370840072631836,0.4524841904640198,0.456376850605011,0.47341465950012207,0.46222296357154846,0.46706944704055786,0.4579748809337616,0.4502372741699219,0.4647986888885498,0.4606854319572449,0.4626544713973999,0.46705713868141174,0.48209095001220703,0.4872550964355469,0.49638140201568604,0.487379789352417,0.4978560209274292,0.5138112306594849
95,0.5938469171524048,0.6039290428161621,0.6178110837936401,0.6281944513320923,0.6412279605865479,0.6579055786132812,0.6825519800186157,0.7057008743286133,0.7384631633758545,0.7338292598724365,0.7540445327758789,0.7735543847084045,0.7670832276344299,0.8008570671081543,0.8154516816139221,0.8839519023895264,0.8989819288253784,0.9762961268424988,0.8726027011871338,1.0000001192092896,0.9290924668312073,0.8878418803215027,0.8151299953460693,0.7735033631324768,0.759168803691864,0.7740612626075745,0.7499116063117981,0.7347384691238403,0.7283917665481567,0.7194421291351318,0.6948302984237671,0.6733783483505249,0.6499550938606262,0.6417759656906128,0.618248462677002,0.6060858964920044,0.5805701613426208,0.5807921886444092,0.5613991022109985,0.5718996524810791,0.5501067042350769,0.5671330690383911,0.5279585719108582,0.5348026156425476,0.5328210592269897,0.5344997048377991,0.5423434972763062,0.5127309560775757,0.5289424657821655,0.5269067883491516,0.535918653011322,0.5344883799552917,0.5041257739067078,0.520612359046936,0.5083539485931396,0.5172450542449951,0.5093473792076111,0.5275533199310303,0.519362211227417,0.530905544757843,0.5292567014694214,0.5189108848571777,0.5265297889709473,0.5289528369903564,0.5292344689369202,0.5219205617904663,0.5403192043304443,0.5579957365989685,0.5663663744926453,0.5505828261375427,0.5692570209503174,0.5849177837371826
100,0.6445872783660889,0.6591485738754272,0.6721806526184082,0.6778600215911865,0.684901237487793,0.6959549784660339,0.7213705778121948,0.7318106889724731,0.771409273147583,0.7691184878349304,0.7959974408149719,0.8177820444107056,0.825635552406311,0.8517374992370605,0.8804336786270142,0.9341559410095215,0.963452935218811,0.9234874248504639,0.8484828472137451,0.9290924668312073,1.0,0.9409161806106567,0.883597731590271,0.8358359932899475,0.8225427865982056,0.830150842666626,0.7987070083618164,0.7846025228500366,0.7678149342536926,0.7441011071205139,0.7294657826423645,0.7102639675140381,0.6922987699508667,0.6910930871963501,0.6709333062171936,0.6654344797134399,0.6325235962867737,0.6362389326095581,0.6266696453094482,0.6349631547927856,0.6215959191322327,0.6338392496109009,0.6027963161468506,0.6124392747879028,0.6177641153335571,0.6172786355018616,0.628679096698761,0.5993382334709167,0.6153069734573364,0.6186133623123169,0.6381767988204956,0.6206426024436951,0.5896618366241455,0.5947872400283813,0.5632250308990479,0.5943248271942139,0.5922722816467285,0.617939293384552,0.6179088354110718,0.6261048316955566,0.6187476515769958,0.6096833944320679,0.616492509841919,0.6191088557243347,0.6098335385322571,0.6039037704467773,0.6190890073776245,0.6309695839881897,0.6359376311302185,0.6194047927856445,0.6346390247344971,0.6425896883010864
105,0.6750360727310181,0.6918213367462158,0.698451042175293,0.7002624273300171,0.7075784206390381,0.7266364097595215,0.7608014941215515,0.7732124924659729,0.799343466758728,0.8079100847244263,0.8316748738288879,0.8467759490013123,0.8631393313407898,0.8869373798370361,0.9062105417251587,0.9509910345077515,0.9225478172302246,0.8668606281280518,0.8033413290977478,0.8878418803215027,0.9409161806106567,1.0,0.925226092338562,0.8857417702674866,0.8699828386306763,0.8573912382125854,0.8300843238830566,0.8233867883682251,0.80372554063797,0.7832541465759277,0.7645624876022339,0.7434357404708862,0.7234111428260803,0.7191348075866699,0.7042198181152344,0.6983764171600342,0.664216160774231,0.6634393930435181,0.652593195438385,0.6652213931083679,0.6502830982208252,0.6574605107307434,0.6295464038848877,0.636897087097168,0.6370746493339539,0.632575511932373,0.6446350812911987,0.6174349784851074,0.6288731098175049,0.625130832195282,0.6481269598007202,0.6200226545333862,0.5887057781219482,0.5941534042358398,0.5626037120819092,0.5894671678543091,0.5916602611541748,0.6224761605262756,0.6300429105758667,0.6349201202392578,0.6336941123008728,0.624850869178772,0.6311959624290466,0.632239580154419,0.6281366348266602,0.6268414258956909,0.6385606527328491,0.6497796773910522,0.6557124257087708,0.6438189148902893,0.6572070121765137,0.6691247820854187
110,0.7659854292869568,0.7804323434829712,0.7880954742431641,0.7973037362098694,0.7927782535552979,0.7914062738418579,0.8209017515182495,0.835590124130249,0.8505140542984009,0.8655526638031006,0.9002264738082886,0.9165863990783691,0.9317384958267212,0.9476313591003418,0.9684346318244934,0.9056973457336426,0.883947491645813,0.8063992261886597,0.729689359664917,0.8151299953460693,0.883597731590271,0.925226092338562,0.9999999403953552,0.9500816464424133,0.9382171630859375,0.9168437719345093,0.8969266414642334,0.8906595706939697,0.8627939820289612,0.8412856459617615,0.8158462047576904,0.7974942922592163,0.7994477152824402,0.8067463636398315,0.7878345251083374,0.7880212664604187,0.7591158151626587,0.7535732984542847,0.7457350492477417,0.7514416575431824,0.7395662069320679,0.7429876327514648,0.7141698598861694,0.7189587950706482,0.7177121639251709,0.7092772722244263,0.7103087902069092,0.6754326224327087,0.6869067549705505,0.6648176312446594,0.6830264329910278,0.6363691091537476,0.6082198619842529,0.6099166870117188,0.5577724575996399,0.6118928790092468,0.6144520044326782,0.6425528526306152,0.6649535894393921,0.6729035377502441,0.6885877847671509,0.6823558807373047,0.6964961290359497,0.7128530740737915,0.710833728313446,0.7079092264175415,0.7218466401100159,0.7352968454360962,0.739398717880249,0.7317277193069458,0.7446286678314209,0.7619547843933105
115,0.7475826144218445,0.7595633864402771,0.7720854878425598,0.7812310457229614,0.7832188606262207,0.7922476530075073,0.8239210844039917,0.8454961180686951,0.8641524910926819,0.8847720623016357,0.9169268608093262,0.9377312660217285,0.9490284323692322,0.966982364654541,0.9486311078071594,0.8765851259231567,0.830127477645874,0.7627208828926086,0.6902971267700195,0.7735033631324768,0.8358359932899475,0.8857417702674866,0.9500816464424133,1.0,0.9674685001373291,0.9315707683563232,0.9229806065559387,0.9058437347412109,0.8783406019210815,0.8598793745040894,0.8270061016082764,0.8050259947776794,0.7914807200431824,0.7907283306121826,0.7703068256378174,0.7673017382621765,0.7379065155982971,0.7290906310081482,0.7262675762176514,0.7298866510391235,0.7077388763427734,0.7162390947341919,0.6944721341133118,0.7059718370437622,0.703128457069397,0.6936254501342773,0.6909193396568298,0.6522384285926819,0.6653829216957092,0.6406465768814087,0.6454837322235107,0.6027108430862427,0.5691196918487549,0.5781998634338379,0.5307961106300354,0.5762187242507935,0.5799726247787476,0.6118947267532349,0.6317671537399292,0.6526103019714355,0.6697244644165039,0.6625112295150757,0.6760212779045105,0.6917908191680908,0.6904156804084778,0.6930204629898071,0.6982672214508057,0.7037250995635986,0.7029983997344971,0.7011060118675232,0.7237827181816101,0.7328442335128784
120,0.7782962322235107,0.7906808853149414,0.8023813962936401,0.8108119964599609,0.8123869895935059,0.823207437992096,0.851847231388092,0.8695209622383118,0.8933234810829163,0.9120873212814331,0.9364107847213745,0.9526264071464539,0.9573962092399597,0.9458891153335571,0.9325000047683716,0.8597515821456909,0.8205652236938477,0.7454230189323425,0.6713531017303467,0.759168803691864,0.8225427865982056,0.8699828386306763,0.9382171630859375,0.9674685001373291,1.0000001192092896,0.9527320265769958,0.9437294602394104,0.9313597679138184,0.9045875072479248,0.8861868381500244,0.8550196886062622,0.8339172601699829,0.8249258399009705,0.8234507441520691,0.8003636598587036,0.7991845607757568,0.7680740356445312,0.7592945098876953,0.759666383266449,0.7581161260604858,0.7387428283691406,0.7475126385688782,0.7233449220657349,0.7342885732650757,0.7268505096435547,0.716984748840332,0.7085411548614502,0.6685554385185242,0.6789268851280212,0.658297061920166,0.6633580923080444,0.6145023107528687,0.5755058526992798,0.5831664800643921,0.5275399684906006,0.5806037783622742,0.5908277034759521,0.6270173788070679,0.6489967703819275,0.6696794033050537,0.6818455457687378,0.6826447248458862,0.6952157020568848,0.7150320410728455,0.7143493890762329,0.7201446890830994,0.7276490926742554,0.7388818264007568,0.7423400282859802,0.7397782802581787,0.758082389831543,0.7649661302566528
125,0.8158280253410339,0.8346255421638489,0.846418023109436,0.8514662384986877,0.8585035800933838,0.8703464269638062,0.8974295258522034,0.912535548210144,0.9352114200592041,0.9454014301300049,0.9629366397857666,0.9760326147079468,0.9514445066452026,0.9216928482055664,0.9189756512641907,0.8691384792327881,0.8371197581291199,0.7568535804748535,0.6472957730293274,0.7740612626075745,0.830150842666626,0.8573912382125854,0.9168437719345093,0.9315707683563232,0.9527320265769958,1.0,0.9767505526542664,0.9695677161216736,0.9538633227348328,0.9349709153175354,0.9073787927627563,0.891856849193573,0.8771864771842957,0.8716367483139038,0.8521727323532104,0.8464322090148926,0.8119564056396484,0.8064388036727905,0.806633472442627,0.8049978017807007,0.7880368232727051,0.8014137744903564,0.770934522151947,0.7828654646873474,0.7844799757003784,0.7800194025039673,0.7677953839302063,0.7341529130935669,0.739513635635376,0.7184620499610901,0.7186755537986755,0.6719857454299927,0.6321725845336914,0.6322044134140015,0.5802534818649292,0.6313382983207703,0.643470823764801,0.6776275634765625,0.7014508247375488,0.726791501045227,0.7380756735801697,0.7421385049819946,0.7508183717727661,0.7713067531585693,0.7621418833732605,0.7624244093894958,0.7725388407707214,0.7866176962852478,0.7892013788223267,0.7828705310821533,0.8055999279022217,0.804101824760437
130,0.8107706308364868,0.8263881206512451,0.8399410247802734,0.8517622351646423,0.856840968132019,0.8636600971221924,0.8960796594619751,0.920723021030426,0.9457280039787292,0.9553228616714478,0.9753982424736023,0.9740966558456421,0.9426849484443665,0.9122434854507446,0.9026967287063599,0.8429266810417175,0.8102169036865234,0.7371901273727417,0.6218516826629639,0.7499116063117981,0.7987070083618164,0.8300843238830566,0.8969266414642334,0.9229806065559387,0.9437294602394104,0.9767505526542664,1.0,0.9801912307739258,0.9567006826400757,0.9453847408294678,0.9043071866035461,0.88371741771698,0.8738843202590942,0.8678469657897949,0.8440145254135132,0.8386580944061279,0.8059285283088684,0.7980889081954956,0.7983273267745972,0.7966444492340088,0.7766934037208557,0.7902038097381592,0.7602318525314331,0.7753232717514038,0.7744321823120117,0.763784646987915,0.7501530051231384,0.7159191370010376,0.7241825461387634,0.7030773162841797,0.6961156129837036,0.65360426902771,0.6112439036369324,0.6197760105133057,0.5682908892631531,0.6182008385658264,0.6272818446159363,0.6632434129714966,0.6826891303062439,0.7149136662483215,0.7237946391105652,0.7262617349624634,0.7319372892379761,0.7560431957244873,0.7545506954193115,0.7502492070198059,0.7605028748512268,0.7724396586418152,0.7760820984840393,0.7720010280609131,0.7944388389587402,0.7960752248764038
135,0.8434552550315857,0.8609277009963989,0.8714229464530945,0.8770396113395691,0.8803606033325195,0.8922255039215088,0.9252108335494995,0.9426805973052979,0.9607318639755249,0.9733283519744873,0.9732937812805176,0.9620617628097534,0.9295327663421631,0.8932995796203613,0.8873807787895203,0.8311818838119507,0.7927659749984741,0.7209926843643188,0.6136322021484375,0.7347384691238403,0.7846025228500366,0.8233867883682251,0.8906595706939697,0.9058437347412109,0.9313597679138184,0.9695677161216736,0.9801912307739258,1.0,0.9782193899154663,0.9619557857513428,0.9256433248519897,0.9082953333854675,0.8959400653839111,0.8916041851043701,0.8766003251075745,0.8736732602119446,0.8430077433586121,0.8301479816436768,0.8293622136116028,0.827075719833374,0.807786226272583,0.8174464702606201,0.7862866520881653,0.7944649457931519,0.7938168048858643,0.7858393788337708,0.7693070769309998,0.731747031211853,0.7404894828796387,0.711342453956604,0.7059683799743652,0.6592814326286316,0.6251725554466248,0.624617338180542,0.5761897563934326,0.6248492002487183,0.6383695602416992,0.6697826385498047,0.6906099915504456,0.7182320356369019,0.7376694679260254,0.7400160431861877,0.7512146830558777,0.7770364284515381,0.7760240435600281,0.7759859561920166,0.7867661714553833,0.8031420707702637,0.80827796459198,0.8044953346252441,0.8245010375976562,0.8284193277359009
140,0.8595287799835205,0.8768472671508789,0.8864617347717285,0.8964285254478455,0.905877947807312,0.9269523620605469,0.9512611031532288,0.9645681977272034,0.9781627655029297,0.9727933406829834,0.9504559636116028,0.9396505355834961,0.9025211334228516,0.8646536469459534,0.8557440042495728,0.8075791001319885,0.7754563093185425,0.7108422517776489,0.6074553728103638,0.7283917665481567,0.7678149342536926,0.80372554063797,0.8627939820289612,0.8783406019210815,0.9045875072479248,0.9538633227348328,0.9567006826400757,0.9782193899154663,1.000000238418579,0.9856102466583252,0.9596678018569946,0.9437727928161621,0.9234344363212585,0.9124011993408203,0.8965524435043335,0.8906661868095398,0.8611434102058411,0.8473459482192993,0.8413721919059753,0.8371171951293945,0.8125975728034973,0.8227616548538208,0.7887089848518372,0.792351484298706,0.788347065448761,0.7808609008789062,0.7585515379905701,0.7132197618484497,0.715844452381134,0.685465931892395,0.67857825756073,0.6350616216659546,0.6077538728713989,0.6045475006103516,0.5649069547653198,0.6036795973777771,0.6193094253540039,0.6440045833587646,0.6598249673843384,0.6908764243125916,0.7145721912384033,0.7244055867195129,0.7438809275627136,0.7692089080810547,0.7721993923187256,0.7813775539398193,0.7926717400550842,0.8149566054344177,0.8206472396850586,0.8142985701560974,0.8393988013267517,0.8441708087921143
