,0,5,10,15,20,25,30,35,40,45,50,55,60,65,70,75,80,85,90,95,100,105,110,115,120,125,130,135,140,145,150,155,160,165,170,175,180,185,190,195,200,205,210,215,220,225,230,235,240,245,250,255,260,265,270,275,280,285,290,295,300,305,310,315,320,325,330,335,340,345,350,355
0,1.000000238418579,0.9904137849807739,0.9828485250473022,0.9736584424972534,0.9632264971733093,0.955315113067627,0.9411488771438599,0.944553792476654,0.9142577052116394,0.8974818587303162,0.9025397300720215,0.8984387516975403,0.8901651501655579,0.9198259711265564,0.9085076451301575,0.9154199361801147,0.9267262816429138,0.9269365072250366,0.9220989346504211,0.9294808506965637,0.927180290222168,0.9224547147750854,0.9114220142364502,0.9160420298576355,0.9151889681816101,0.8890429735183716,0.8950331211090088,0.9015880823135376,0.884667158126831,0.877936840057373,0.8849008083343506,0.9076409339904785,0.907809317111969,0.9087396264076233,0.9052085876464844,0.8993731737136841,0.9225347638130188,0.9176232218742371,0.9263625144958496,0.9258315563201904,0.9243702292442322,0.9052472710609436,0.8836983442306519,0.8921869397163391,0.892318844795227,0.8951314091682434,0.872748851776123,0.8923893570899963,0.9023939967155457,0.884905993938446,0.9036287665367126,0.9046400785446167,0.9093156456947327,0.9174198508262634,0.944115936756134,0.9388372898101807,0.9373124837875366,0.9357333183288574,0.9313510656356812,0.9265767931938171,0.9220523238182068,0.9205121994018555,0.9248752593994141,0.9233571887016296,0.9316567778587341,0.9513781070709229,0.9532679319381714,0.9643799066543579,0.968155562877655,0.9813300967216492,0.9816164374351501,0.9905559420585632
5,0.9904137849807739,1.0000001192092896,0.9932012557983398,0.9801609516143799,0.9733364582061768,0.9589931964874268,0.9430721998214722,0.9422425627708435,0.9147918820381165,0.8966430425643921,0.9007231593132019,0.8934507369995117,0.8860040903091431,0.9161463379859924,0.9044050574302673,0.9130567312240601,0.9247550368309021,0.9249676465988159,0.9195730090141296,0.9257408976554871,0.9225948452949524,0.9139805436134338,0.9020835161209106,0.9080472588539124,0.9105363488197327,0.8839905261993408,0.8926506042480469,0.9011098146438599,0.8820816278457642,0.876207172870636,0.8810417056083679,0.9014886021614075,0.9012372493743896,0.9014611840248108,0.8964666128158569,0.8912086486816406,0.916193425655365,0.9153069257736206,0.9211389422416687,0.9230254888534546,0.9212038516998291,0.9011701941490173,0.8785799741744995,0.8900472521781921,0.8885824680328369,0.8921979069709778,0.8710496425628662,0.8884586691856384,0.9020482301712036,0.8811513185501099,0.901218593120575,0.8998399376869202,0.9032360315322876,0.9123274683952332,0.9416232109069824,0.9372241497039795,0.9390146732330322,0.9438256025314331,0.9417400360107422,0.9392489194869995,0.9336232542991638,0.9292702078819275,0.930946409702301,0.9335526823997498,0.9395664930343628,0.9544159770011902,0.9561101198196411,0.9643849730491638,0.9692329168319702,0.9797269701957703,0.980479896068573,0.9871698617935181
10,0.9828485250473022,0.9932012557983398,1.0000001192092896,0.9868277907371521,0.9759013652801514,0.9624207615852356,0.9456993341445923,0.9456869959831238,0.9189624786376953,0.9062658548355103,0.9126441478729248,0.9051480293273926,0.8983030319213867,0.9258567094802856,0.9149827361106873,0.9225300550460815,0.9293439388275146,0.9245442152023315,0.9172588586807251,0.9217382073402405,0.9218201637268066,0.910714864730835,0.9020293354988098,0.9077232480049133,0.909187376499176,0.8808731436729431,0.8891782760620117,0.8941614627838135,0.8762025833129883,0.8760868906974792,0.8811805844306946,0.904335618019104,0.9026687145233154,0.8998866677284241,0.8902377486228943,0.8838080763816833,0.9115794897079468,0.9112675786018372,0.9159433841705322,0.9198547601699829,0.9182966947555542,0.9026352167129517,0.8816721439361572,0.8912747502326965,0.8935672044754028,0.8938652276992798,0.8740237951278687,0.89000004529953,0.9019505381584167,0.885998010635376,0.9038828611373901,0.8997877240180969,0.9039933681488037,0.9137241244316101,0.9371328353881836,0.9290146827697754,0.9311032891273499,0.9378539323806763,0.9349349737167358,0.934869647026062,0.9307872653007507,0.9279475212097168,0.9330915212631226,0.9334388375282288,0.938755452632904,0.9556355476379395,0.9544530510902405,0.9627974629402161,0.9632924795150757,0.9745526909828186,0.9754804372787476,0.9825999140739441
15,0.9736584424972534,0.9801609516143799,0.9868277907371521,1.0000001192092896,0.9824055433273315,0.9764058589935303,0.9636867642402649,0.9652125835418701,0.9474481344223022,0.9386483430862427,0.938360869884491,0.9333773255348206,0.928038477897644,0.9460590481758118,0.9353780746459961,0.9417605400085449,0.9490765333175659,0.9472377300262451,0.9413027763366699,0.9422775506973267,0.9432321786880493,0.928214430809021,0.921615719795227,0.9289227724075317,0.9312925338745117,0.9078812003135681,0.9141592383384705,0.9066406488418579,0.8906345367431641,0.8946893811225891,0.9052189588546753,0.9208769798278809,0.9208770394325256,0.9178352952003479,0.9069181680679321,0.902852475643158,0.920971691608429,0.9239811897277832,0.9218801856040955,0.9257827401161194,0.9223893880844116,0.9165441393852234,0.9059054255485535,0.9105194807052612,0.9064202308654785,0.9053815603256226,0.894231379032135,0.9079158306121826,0.9200777411460876,0.8980273008346558,0.9191753268241882,0.9154987335205078,0.9203477501869202,0.9376552700996399,0.9538864493370056,0.9459850192070007,0.9454723596572876,0.9476300477981567,0.9417324066162109,0.9391875267028809,0.9399499893188477,0.942916989326477,0.9442462921142578,0.9393154382705688,0.9428314566612244,0.9563937783241272,0.9562392830848694,0.9695227146148682,0.9657957553863525,0.9674216508865356,0.9630924463272095,0.9736177921295166
20,0.9632264971733093,0.9733364582061768,0.9759013652801514,0.9824055433273315,0.9999998807907104,0.9887362718582153,0.9783326387405396,0.9685363173484802,0.9496972560882568,0.9312570095062256,0.917433500289917,0.9099482297897339,0.8971729874610901,0.9232355356216431,0.9072487354278564,0.9145231246948242,0.9269800782203674,0.9350204467773438,0.931803286075592,0.9376069903373718,0.9368570446968079,0.9270066022872925,0.9186669588088989,0.924832284450531,0.9261116981506348,0.9065412282943726,0.9116270542144775,0.9139836430549622,0.8950175046920776,0.8933089971542358,0.9029417037963867,0.919139564037323,0.9191802144050598,0.9187726974487305,0.9152699112892151,0.9077238440513611,0.9205570220947266,0.9193270206451416,0.9242067933082581,0.9254530668258667,0.9204961657524109,0.8982671499252319,0.8853493332862854,0.9007562398910522,0.8895881772041321,0.8926605582237244,0.873359203338623,0.8913245797157288,0.9023122191429138,0.8776429891586304,0.9006683826446533,0.8976741433143616,0.8993234038352966,0.9178286194801331,0.9392083287239075,0.9317382574081421,0.9396806955337524,0.9423419237136841,0.9367676377296448,0.934302568435669,0.9286012649536133,0.9258021116256714,0.9244257807731628,0.9289225339889526,0.9351162910461426,0.9457737803459167,0.94667649269104,0.9583910703659058,0.9641759991645813,0.9644879698753357,0.9551964402198792,0.9642855525016785
25,0.955315113067627,0.9589931964874268,0.9624207615852356,0.9764058589935303,0.9887362718582153,1.000000238418579,0.9940215349197388,0.9844789505004883,0.9660950899124146,0.94637531042099,0.9291490316390991,0.9227280616760254,0.9092608690261841,0.9289190173149109,0.9101945161819458,0.915693461894989,0.9265120625495911,0.9321050047874451,0.9309030771255493,0.93668532371521,0.938180685043335,0.9273925423622131,0.9201327562332153,0.9275968074798584,0.9293338060379028,0.9062894582748413,0.9123587608337402,0.9084558486938477,0.8896833658218384,0.8904585242271423,0.9019016027450562,0.9164939522743225,0.9170379042625427,0.9135550260543823,0.9090730547904968,0.9038661122322083,0.9128931164741516,0.9115908145904541,0.9159847497940063,0.9187433123588562,0.9118502140045166,0.8952469229698181,0.8862340450286865,0.9000310301780701,0.8876564502716064,0.8878639340400696,0.8694727420806885,0.882062554359436,0.8940994739532471,0.8709754943847656,0.8932135105133057,0.8898699283599854,0.8973695635795593,0.9152331948280334,0.9332026243209839,0.9262648820877075,0.9285799860954285,0.9289377331733704,0.9220090508460999,0.9191564917564392,0.9163578152656555,0.9179922938346863,0.9174804091453552,0.9167777895927429,0.9220126867294312,0.9330624341964722,0.9308277368545532,0.9476533532142639,0.954236626625061,0.9552580714225769,0.9471187591552734,0.9521414637565613
30,0.9411488771438599,0.9430721998214722,0.9456993341445923,0.9636867642402649,0.9783326387405396,0.9940215349197388,1.000000238418579,0.9884160757064819,0.9731797575950623,0.9515178203582764,0.9247297048568726,0.918717622756958,0.9041698575019836,0.9239818453788757,0.9022561311721802,0.9058307409286499,0.9184274673461914,0.9287670850753784,0.932624340057373,0.9389986395835876,0.9397757053375244,0.9302969574928284,0.9224916696548462,0.9280787110328674,0.928607702255249,0.9076955914497375,0.9139883518218994,0.9068022966384888,0.8884534239768982,0.8885519504547119,0.9023252725601196,0.9135150909423828,0.9145985841751099,0.9138034582138062,0.9104134440422058,0.9050930142402649,0.9084439873695374,0.9056539535522461,0.9098823070526123,0.9106167554855347,0.9019322991371155,0.8833162784576416,0.8770026564598083,0.8911675214767456,0.8755594491958618,0.8736903667449951,0.853565514087677,0.8683842420578003,0.8795749545097351,0.8548436760902405,0.8800554871559143,0.878074049949646,0.8868548274040222,0.9059582352638245,0.9231553673744202,0.9171696901321411,0.9172912836074829,0.9168144464492798,0.9093533754348755,0.905519962310791,0.9029285311698914,0.905380129814148,0.9036328196525574,0.9033173322677612,0.9086143970489502,0.9181610941886902,0.9168169498443604,0.9349879622459412,0.942613959312439,0.9416018128395081,0.9323847889900208,0.9367983341217041
35,0.944553792476654,0.9422425627708435,0.9456869959831238,0.9652125835418701,0.9685363173484802,0.9844789505004883,0.9884160757064819,0.9999999403953552,0.9858757257461548,0.9686203598976135,0.9514328241348267,0.9440446496009827,0.9301762580871582,0.9457125663757324,0.9235188961029053,0.9293423891067505,0.9374914765357971,0.9431543350219727,0.9416680335998535,0.9469364881515503,0.9505397081375122,0.9343363642692566,0.9243680834770203,0.9346981048583984,0.9399629831314087,0.9174879789352417,0.9204031825065613,0.907980740070343,0.8862363696098328,0.8934578895568848,0.9082813262939453,0.9274983406066895,0.931208610534668,0.9232257604598999,0.9133908748626709,0.9057561755180359,0.915031373500824,0.9117889404296875,0.9133959412574768,0.9133081436157227,0.9107113480567932,0.9045960307121277,0.8983182311058044,0.9091883897781372,0.893836498260498,0.894351065158844,0.8765610456466675,0.8853334784507751,0.8942673802375793,0.8751986026763916,0.896580159664154,0.894924521446228,0.9041839838027954,0.9198355078697205,0.9303144216537476,0.9233978986740112,0.9137758016586304,0.9097262024879456,0.8999716639518738,0.8959644436836243,0.8956289887428284,0.9031133055686951,0.9020570516586304,0.8950792551040649,0.8996343612670898,0.9139615297317505,0.9147734045982361,0.9360206127166748,0.9370973110198975,0.9376732707023621,0.9296375513076782,0.9350121021270752
40,0.9142577052116394,0.9147918820381165,0.9189624786376953,0.9474481344223022,0.9496972560882568,0.9660950899124146,0.9731797575950623,0.9858757257461548,1.0,0.9869755506515503,0.9572148323059082,0.9438473582267761,0.9250096082687378,0.9362404346466064,0.9154927134513855,0.9195850491523743,0.9286758899688721,0.9382079839706421,0.9396796226501465,0.9428519010543823,0.9469740986824036,0.9310489296913147,0.9258032441139221,0.9362123608589172,0.9386450052261353,0.9226779937744141,0.9241423606872559,0.9026516675949097,0.8871652483940125,0.9039311408996582,0.916670024394989,0.9244532585144043,0.9276865124702454,0.9198668003082275,0.9086601734161377,0.9021152853965759,0.8999770879745483,0.8984065651893616,0.8960181474685669,0.894760251045227,0.8891744017601013,0.8886115550994873,0.8916108012199402,0.9000621438026428,0.8775737881660461,0.8771932721138,0.8688623905181885,0.8793662786483765,0.887674868106842,0.8624510765075684,0.8846418261528015,0.8811763525009155,0.8909140825271606,0.9118379950523376,0.9146057367324829,0.9050601720809937,0.9010500311851501,0.8991464376449585,0.8894168734550476,0.8853436708450317,0.8905856609344482,0.9007728695869446,0.8974183201789856,0.8905423879623413,0.8916676044464111,0.9002297520637512,0.9013165235519409,0.9228777289390564,0.9182955026626587,0.9105639457702637,0.8962629437446594,0.9095694422721863
45,0.8974818587303162,0.8966430425643921,0.9062658548355103,0.9386483430862427,0.9312570095062256,0.94637531042099,0.9515178203582764,0.9686203598976135,0.9869755506515503,1.0000003576278687,0.9749054908752441,0.9646937847137451,0.9459720253944397,0.9491967558860779,0.9339109659194946,0.934201180934906,0.9412432909011841,0.9448310136795044,0.940761923789978,0.9408742189407349,0.9495585560798645,0.9315775632858276,0.9302862882614136,0.9385096430778503,0.9404996633529663,0.9250401854515076,0.9250598549842834,0.9001215696334839,0.8914200663566589,0.9124746322631836,0.9240421652793884,0.932675838470459,0.9296971559524536,0.917496383190155,0.9003055691719055,0.8968900442123413,0.8939157724380493,0.8954605460166931,0.8886042833328247,0.8896467089653015,0.8867616653442383,0.8988620638847351,0.9098055362701416,0.9103617072105408,0.8925356864929199,0.8909705877304077,0.8916019201278687,0.899720311164856,0.9047629833221436,0.8834140300750732,0.901473879814148,0.8950005173683167,0.9045819640159607,0.9223192930221558,0.9108937978744507,0.900371789932251,0.8964290618896484,0.89414381980896,0.882369875907898,0.8781556487083435,0.8876239657402039,0.9022595882415771,0.9007720947265625,0.8901631832122803,0.8877358436584473,0.894585132598877,0.8923373818397522,0.9154828190803528,0.9053673148155212,0.8943930864334106,0.8779940605163574,0.8954061269760132
50,0.9025397300720215,0.9007231593132019,0.9126441478729248,0.938360869884491,0.917433500289917,0.9291490316390991,0.9247297048568726,0.9514328241348267,0.9572148323059082,0.9749054908752441,1.000000238418579,0.9904452562332153,0.9779471158981323,0.972312867641449,0.9654514193534851,0.968041181564331,0.9614023566246033,0.9435440301895142,0.9218313097953796,0.9207333922386169,0.9296189546585083,0.9017462730407715,0.8963221907615662,0.9125757217407227,0.9234632849693298,0.8951217532157898,0.8955584764480591,0.8777128458023071,0.8664315342903137,0.8931612372398376,0.8996909856796265,0.9292129278182983,0.9283854365348816,0.9037366509437561,0.878374457359314,0.8694134950637817,0.8899012804031372,0.8944141864776611,0.890232503414154,0.8945814371109009,0.8959892392158508,0.9285522699356079,0.9310006499290466,0.9252619743347168,0.921826183795929,0.9203665256500244,0.9216759204864502,0.9138695001602173,0.9210561513900757,0.9211158752441406,0.9228604435920715,0.91289222240448,0.9247545599937439,0.9295981526374817,0.9149231314659119,0.8983591794967651,0.8823880553245544,0.8764185905456543,0.8604922294616699,0.8597516417503357,0.8701198697090149,0.8884422779083252,0.8934512138366699,0.8764834403991699,0.8755844235420227,0.8911173343658447,0.8840567469596863,0.9071846008300781,0.8941336870193481,0.8962584733963013,0.89095139503479,0.897426187992096
55,0.8984387516975403,0.8934507369995117,0.9051480293273926,0.9333773255348206,0.9099482297897339,0.9227280616760254,0.918717622756958,0.9440446496009827,0.9438473582267761,0.9646937847137451,0.9904452562332153,1.000000238418579,0.991957426071167,0.9823312759399414,0.9767248034477234,0.9764358401298523,0.9694483280181885,0.9454660415649414,0.9210865497589111,0.9197439551353455,0.932581901550293,0.902935266494751,0.8974950909614563,0.9115622043609619,0.9229018092155457,0.8954240083694458,0.894924521446228,0.8782753944396973,0.8704481720924377,0.8916041851043701,0.8990669250488281,0.9307045936584473,0.9259673357009888,0.9019240140914917,0.8787627220153809,0.8730629086494446,0.8938312530517578,0.8975844383239746,0.8924965262413025,0.897266149520874,0.9014809131622314,0.9365017414093018,0.9398986101150513,0.9319635629653931,0.9310309290885925,0.926105260848999,0.9308829307556152,0.9197331666946411,0.9251278042793274,0.926531195640564,0.9276148080825806,0.9175447225570679,0.9325618147850037,0.934830367565155,0.9155718684196472,0.9007028937339783,0.8820209503173828,0.8734872937202454,0.8568081855773926,0.8566381335258484,0.866672158241272,0.8866050243377686,0.8932584524154663,0.8760848641395569,0.8766810894012451,0.8902325630187988,0.8823059797286987,0.9049838781356812,0.8943031430244446,0.8933552503585815,0.8889025449752808,0.8922616243362427
60,0.8901651501655579,0.8860040903091431,0.8983030319213867,0.928038477897644,0.8971729874610901,0.9092608690261841,0.9041698575019836,0.9301762580871582,0.9250096082687378,0.9459720253944397,0.9779471158981323,0.991957426071167,0.9999998807907104,0.9858062267303467,0.9801511764526367,0.9776918888092041,0.9681897759437561,0.9403303861618042,0.9162766933441162,0.9138427972793579,0.9271072745323181,0.8956370949745178,0.8891426920890808,0.9043917059898376,0.91657555103302,0.8884214162826538,0.8898963332176208,0.871025800704956,0.8614367246627808,0.8801376223564148,0.888200581073761,0.9187740087509155,0.9147503972053528,0.8924626708030701,0.8699535727500916,0.865776777267456,0.8903748989105225,0.8955447673797607,0.8899949193000793,0.8935014009475708,0.8961460590362549,0.9302046298980713,0.9301102161407471,0.9198892116546631,0.9207768440246582,0.9166028499603271,0.9248782992362976,0.913191020488739,0.9184425473213196,0.918110191822052,0.9187605381011963,0.9093359708786011,0.9263536334037781,0.931098222732544,0.9132967591285706,0.896140992641449,0.874259352684021,0.865638792514801,0.8475691080093384,0.8463412523269653,0.8550688624382019,0.8766826391220093,0.8839712738990784,0.8655152916908264,0.8659465312957764,0.881307065486908,0.8759572505950928,0.8964512944221497,0.8853635191917419,0.8840460181236267,0.8813274502754211,0.8838562369346619
65,0.9198259711265564,0.9161463379859924,0.9258567094802856,0.9460590481758118,0.9232355356216431,0.9289190173149109,0.9239818453788757,0.9457125663757324,0.9362404346466064,0.9491967558860779,0.972312867641449,0.9823312759399414,0.9858062267303467,1.0000001192092896,0.9922819137573242,0.9883386492729187,0.9818293452262878,0.960169792175293,0.9379092454910278,0.9380184412002563,0.9496406316757202,0.9247332811355591,0.9176949262619019,0.9296970367431641,0.9375857710838318,0.91328364610672,0.9132972359657288,0.9036116600036621,0.891781210899353,0.9046037793159485,0.9106089472770691,0.9379762411117554,0.9323915839195251,0.9180586934089661,0.9022961854934692,0.8967442512512207,0.9212710857391357,0.9263393878936768,0.9248929023742676,0.9257804155349731,0.9288488626480103,0.9428183436393738,0.9352909326553345,0.9317647814750671,0.92982017993927,0.927582323551178,0.929023265838623,0.9228535294532776,0.9268763661384583,0.9229441285133362,0.9285166263580322,0.9215850234031677,0.9377010464668274,0.9408393502235413,0.9322260022163391,0.9195985794067383,0.9000675678253174,0.8912947177886963,0.8743369579315186,0.8708943724632263,0.8755873441696167,0.8932619690895081,0.8993552923202515,0.8857832551002502,0.8891400098800659,0.9080721735954285,0.9039908647537231,0.9219328761100769,0.912031888961792,0.9131647348403931,0.9065778255462646,0.9116485118865967
70,0.9085076451301575,0.9044050574302673,0.9149827361106873,0.9353780746459961,0.9072487354278564,0.9101945161819458,0.9022561311721802,0.9235188961029053,0.9154927134513855,0.9339109659194946,0.9654514193534851,0.9767248034477234,0.9801511764526367,0.9922819137573242,1.0,0.9946089386940002,0.9852631688117981,0.957004189491272,0.9299415349960327,0.9275608062744141,0.9389070272445679,0.9109898209571838,0.9052376747131348,0.9162631034851074,0.9229655265808105,0.8985918760299683,0.8978011012077332,0.8922029137611389,0.8846977949142456,0.9005767107009888,0.9052997827529907,0.9351884126663208,0.9285051226615906,0.9124425053596497,0.8945261240005493,0.8903586864471436,0.9192988872528076,0.9272122383117676,0.9248788356781006,0.9280264973640442,0.9296861886978149,0.9486941695213318,0.9421783685684204,0.9351427555084229,0.9381330013275146,0.9342169165611267,0.9406262040138245,0.9336555004119873,0.9369968771934509,0.9370176792144775,0.9374797344207764,0.9315240383148193,0.9437910318374634,0.9447136521339417,0.9311718940734863,0.9170681238174438,0.8971105813980103,0.8871780037879944,0.8690891861915588,0.8663279414176941,0.8709619045257568,0.8896801471710205,0.8969889283180237,0.8821346759796143,0.8860738277435303,0.9052311182022095,0.89814692735672,0.9143677353858948,0.9035928249359131,0.9049478769302368,0.89895099401474,0.9030672907829285
75,0.9154199361801147,0.9130567312240601,0.9225300550460815,0.9417605400085449,0.9145231246948242,0.915693461894989,0.9058307409286499,0.9293423891067505,0.9195850491523743,0.934201180934906,0.968041181564331,0.9764358401298523,0.9776918888092041,0.9883386492729187,0.9946089386940002,0.9999997615814209,0.9913101196289062,0.963432788848877,0.9341147541999817,0.9315654039382935,0.9413577914237976,0.9103491306304932,0.9043508172035217,0.917076826095581,0.9260562658309937,0.8995453715324402,0.8994089365005493,0.8949629068374634,0.8832184672355652,0.8990316390991211,0.9046177864074707,0.938604474067688,0.9356009364128113,0.916257917881012,0.8965025544166565,0.8905683755874634,0.9220921993255615,0.9298842549324036,0.9271737337112427,0.9298718571662903,0.9329655766487122,0.9548500180244446,0.9470096230506897,0.9392780661582947,0.9416986703872681,0.9392616748809814,0.9427059888839722,0.9347869157791138,0.9410824775695801,0.9429725408554077,0.9437048435211182,0.9368240833282471,0.9465785026550293,0.948676347732544,0.9371484518051147,0.9236787557601929,0.9014492034912109,0.89164799451828,0.8750786781311035,0.8730789422988892,0.8773596882820129,0.8941482901573181,0.9014458656311035,0.8854870200157166,0.889347493648529,0.9082103967666626,0.9023051261901855,0.9192007184028625,0.9091039896011353,0.9120826125144958,0.9080877900123596,0.9103966951370239
80,0.9267262816429138,0.9247550368309021,0.9293439388275146,0.9490765333175659,0.9269800782203674,0.9265120625495911,0.9184274673461914,0.9374914765357971,0.9286758899688721,0.9412432909011841,0.9614023566246033,0.9694483280181885,0.9681897759437561,0.9818293452262878,0.9852631688117981,0.9913101196289062,0.9999998807907104,0.9844233393669128,0.9603403806686401,0.9553369879722595,0.9618754982948303,0.9368687868118286,0.9304541349411011,0.941101610660553,0.9481693506240845,0.9245893955230713,0.9256550073623657,0.9192836880683899,0.9064368009567261,0.9182538986206055,0.9245983362197876,0.9527496099472046,0.9493703842163086,0.9334247708320618,0.9159547090530396,0.9134979844093323,0.9364520907402039,0.9424527883529663,0.938897967338562,0.9379993081092834,0.9396511316299438,0.9553786516189575,0.9500138163566589,0.9439367651939392,0.9403727054595947,0.9404043555259705,0.9447086453437805,0.9421344995498657,0.9494808912277222,0.9431756734848022,0.9505214691162109,0.9453027248382568,0.9536409974098206,0.9590275287628174,0.9486702680587769,0.9428209066390991,0.9213814735412598,0.9135546684265137,0.898927628993988,0.8946002125740051,0.898303747177124,0.9139181971549988,0.9175196886062622,0.9032434821128845,0.905716598033905,0.9196569919586182,0.9167258739471436,0.9351666569709778,0.9274762272834778,0.9245712161064148,0.9158053994178772,0.9211962223052979
85,0.9269365072250366,0.9249676465988159,0.9245442152023315,0.9472377300262451,0.9350204467773438,0.9321050047874451,0.9287670850753784,0.9431543350219727,0.9382079839706421,0.9448310136795044,0.9435440301895142,0.9454660415649414,0.9403303861618042,0.960169792175293,0.957004189491272,0.963432788848877,0.9844233393669128,1.000000238418579,0.9897247552871704,0.9834085702896118,0.9828318357467651,0.9654822945594788,0.957282543182373,0.9622775912284851,0.9638634324073792,0.9493574500083923,0.9467862248420715,0.9327265024185181,0.918449878692627,0.9323740005493164,0.9416487812995911,0.9551000595092773,0.9555734395980835,0.9495712518692017,0.9364776015281677,0.9345918297767639,0.9408977031707764,0.9435301423072815,0.9361327290534973,0.9303131699562073,0.9267444014549255,0.9311162233352661,0.9324767589569092,0.9307391047477722,0.9151676893234253,0.9201956391334534,0.9224811792373657,0.933742105960846,0.9399482011795044,0.918720543384552,0.9386287927627563,0.9371506571769714,0.9363659024238586,0.9528836607933044,0.947105348110199,0.9484031200408936,0.9324142932891846,0.9253695607185364,0.913260281085968,0.9046332240104675,0.9063886404037476,0.9197177886962891,0.9167091250419617,0.907311201095581,0.9079231023788452,0.9184144735336304,0.9228323698043823,0.9424790143966675,0.9362047910690308,0.9269782900810242,0.9102764129638672,0.9236425757408142
90,0.9220989346504211,0.9195730090141296,0.9172588586807251,0.9413027763366699,0.931803286075592,0.9309030771255493,0.932624340057373,0.9416680335998535,0.9396796226501465,0.940761923789978,0.9218313097953796,0.9210865497589111,0.9162766933441162,0.9379092454910278,0.9299415349960327,0.9341147541999817,0.9603403806686401,0.9897247552871704,1.0,0.994863748550415,0.9899089932441711,0.9812296032905579,0.9712091088294983,0.970914363861084,0.9674738049507141,0.9577944874763489,0.9555339813232422,0.9345325827598572,0.9230594038963318,0.9328418374061584,0.944949746131897,0.9446367025375366,0.947162926197052,0.951631486415863,0.9419751167297363,0.9427903294563293,0.9372721314430237,0.9378847479820251,0.9286445379257202,0.9197653532028198,0.9103572368621826,0.903792679309845,0.9055178165435791,0.9064754247665405,0.8875265121459961,0.8926630020141602,0.8916618227958679,0.912670373916626,0.9179946780204773,0.8850303888320923,0.9124455451965332,0.9130229949951172,0.9104186296463013,0.9347370862960815,0.9356521368026733,0.939864993095398,0.9290076494216919,0.9267227649688721,0.9196068644523621,0.9093945622444153,0.9114611744880676,0.9226937890052795,0.9169992208480835,0.9096020460128784,0.9080600738525391,0.915001392364502,0.9235395193099976,0.9419326186180115,0.936780571937561,0.924682080745697,0.9048017263412476,0.9230681657791138
95,0.9294808506965637,0.9257408976554871,0.9217382073402405,0.9422775506973267,0.9376069903373718,0.93668532371521,0.9389986395835876,0.9469364881515503,0.9428519010543823,0.9408742189407349,0.9207333922386169,0.9197439551353455,0.9138427972793579,0.9380184412002563,0.9275608062744141,0.9315654039382935,0.9553369879722595,0.9834085702896118,0.994863748550415,1.0,0.9943238496780396,0.9846564531326294,0.9747086763381958,0.9729430675506592,0.9675197005271912,0.9573650360107422,0.9538596272468567,0.9366535544395447,0.9255425333976746,0.934233546257019,0.9471596479415894,0.9458901286125183,0.948013424873352,0.9542334079742432,0.9481173753738403,0.9465395212173462,0.9407147169113159,0.9388989806175232,0.9339512586593628,0.9246941804885864,0.9151198863983154,0.902367353439331,0.9009691476821899,0.9043125510215759,0.8846584558486938,0.8895840644836426,0.8833333253860474,0.9074024558067322,0.9113974571228027,0.8792325854301453,0.9065489172935486,0.9066150188446045,0.9070728421211243,0.9296008944511414,0.9347758293151855,0.9355562329292297,0.9288817048072815,0.9258894920349121,0.9183048605918884,0.9091118574142456,0.9102070927619934,0.9191771745681763,0.9145349860191345,0.9095369577407837,0.9090315103530884,0.91778165102005,0.9257289171218872,0.9424120187759399,0.9393916726112366,0.9306553602218628,0.9114060401916504,0.9306790828704834
100,0.927180290222168,0.9225948452949524,0.9218201637268066,0.9432321786880493,0.9368570446968079,0.938180685043335,0.9397757053375244,0.9505397081375122,0.9469740986824036,0.9495585560798645,0.9296189546585083,0.932581901550293,0.9271072745323181,0.9496406316757202,0.9389070272445679,0.9413577914237976,0.9618754982948303,0.9828318357467651,0.9899089932441711,0.9943238496780396,1.0,0.9883617162704468,0.9824663996696472,0.9809163212776184,0.9762907028198242,0.9663751125335693,0.9629631042480469,0.9464468955993652,0.9376575350761414,0.946293294429779,0.9584272503852844,0.9586344957351685,0.9572977423667908,0.9601947665214539,0.9519842863082886,0.9503698348999023,0.9455968141555786,0.9450330138206482,0.9394909143447876,0.9320077300071716,0.9256012439727783,0.914146900177002,0.912773847579956,0.9143467545509338,0.8951988220214844,0.8997235298156738,0.8946020007133484,0.9151395559310913,0.9167230725288391,0.8871030807495117,0.912952721118927,0.9108077883720398,0.9155224561691284,0.9347846508026123,0.9358782172203064,0.934526801109314,0.9275648593902588,0.9235228896141052,0.9153739213943481,0.9065237641334534,0.9080896973609924,0.9187403321266174,0.9165976047515869,0.9100896716117859,0.9108293056488037,0.9190956354141235,0.9248288869857788,0.9418309926986694,0.9372696876525879,0.9275591373443604,0.9071333408355713,0.9262545108795166
105,0.9224547147750854,0.9139805436134338,0.910714864730835,0.928214430809021,0.9270066022872925,0.9273925423622131,0.9302969574928284,0.9343363642692566,0.9310489296913147,0.9315775632858276,0.9017462730407715,0.902935266494751,0.8956370949745178,0.9247332811355591,0.9109898209571838,0.9103491306304932,0.9368687868118286,0.9654822945594788,0.9812296032905579,0.9846564531326294,0.9883617162704468,0.9999997615814209,0.9932572245597839,0.9876885414123535,0.9772223830223083,0.969406247138977,0.9675481915473938,0.9556155800819397,0.9499655961990356,0.945400595664978,0.9538183212280273,0.9450254440307617,0.9412857890129089,0.953416645526886,0.9516001343727112,0.9517472386360168,0.9386546611785889,0.9352810382843018,0.9336639046669006,0.9226640462875366,0.9158446192741394,0.8913333415985107,0.8885074257850647,0.8928550481796265,0.8743534088134766,0.8775237798690796,0.8699530363082886,0.8949649333953857,0.8946651220321655,0.862251877784729,0.8918725252151489,0.8919711709022522,0.8976761698722839,0.917335569858551,0.9222221374511719,0.9280614852905273,0.924124002456665,0.9229245185852051,0.9166296124458313,0.9063363075256348,0.9053655862808228,0.9138064980506897,0.9112610816955566,0.9082668423652649,0.9084730744361877,0.9134954810142517,0.9226075410842896,0.9386721849441528,0.9369431734085083,0.9250971078872681,0.9015997052192688,0.9217508435249329
110,0.9114220142364502,0.9020835161209106,0.9020293354988098,0.921615719795227,0.9186669588088989,0.9201327562332153,0.9224916696548462,0.9243680834770203,0.9258032441139221,0.9302862882614136,0.8963221907615662,0.8974950909614563,0.8891426920890808,0.9176949262619019,0.9052376747131348,0.9043508172035217,0.9304541349411011,0.957282543182373,0.9712091088294983,0.9747086763381958,0.9824663996696472,0.9932572245597839,0.9999996423721313,0.99309241771698,0.9783110618591309,0.9745740294456482,0.9716464281082153,0.9558079242706299,0.9532636404037476,0.9528003931045532,0.9622198939323425,0.947243869304657,0.9419909119606018,0.9563481211662292,0.954797625541687,0.9558716416358948,0.9385969638824463,0.9354271292686462,0.9316329956054688,0.9221448302268982,0.914096474647522,0.8890746831893921,0.8883997201919556,0.8901501297950745,0.8704432249069214,0.872818648815155,0.8661514520645142,0.8959527611732483,0.8957551121711731,0.859958291053772,0.8931823968887329,0.8909215331077576,0.8943953514099121,0.9167054295539856,0.9196831583976746,0.9202280044555664,0.9222187399864197,0.9207627177238464,0.9131582975387573,0.9026198983192444,0.903607189655304,0.9121304154396057,0.9108491539955139,0.9075576066970825,0.9081292748451233,0.912338376045227,0.9198911190032959,0.9351343512535095,0.9313236474990845,0.9172264933586121,0.8908624649047852,0.9144558906555176
115,0.9160420298576355,0.9080472588539124,0.9077232480049133,0.9289227724075317,0.924832284450531,0.9275968074798584,0.9280787110328674,0.9346981048583984,0.9362123608589172,0.9385096430778503,0.9125757217407227,0.9115622043609619,0.9043917059898376,0.9296970367431641,0.9162631034851074,0.917076826095581,0.941101610660553,0.9622775912284851,0.970914363861084,0.9729430675506592,0.9809163212776184,0.9876885414123535,0.99309241771698,1.0000001192092896,0.9926838874816895,0.9845645427703857,0.9804157614707947,0.9643462300300598,0.9559933543205261,0.9618650078773499,0.9690530896186829,0.9606932401657104,0.957293689250946,0.964766263961792,0.9593620300292969,0.958740234375,0.9476421475410461,0.9449753761291504,0.9407033920288086,0.9312107563018799,0.9254942536354065,0.9069775938987732,0.9036338925361633,0.906684935092926,0.8872501254081726,0.8912054300308228,0.8843436241149902,0.9063907265663147,0.9067571759223938,0.8774592280387878,0.9064080119132996,0.9024895429611206,0.9091483950614929,0.9284831881523132,0.9292746782302856,0.9295198917388916,0.9249975681304932,0.9235457181930542,0.9143640995025635,0.905350923538208,0.9064077734947205,0.9174919724464417,0.9158849716186523,0.9106433391571045,0.9097248315811157,0.9152031540870667,0.9209383726119995,0.9386390447616577,0.9327316284179688,0.9198214411735535,0.8971489667892456,0.9153729677200317
120,0.9151889681816101,0.9105363488197327,0.909187376499176,0.9312925338745117,0.9261116981506348,0.9293338060379028,0.928607702255249,0.9399629831314087,0.9386450052261353,0.9404996633529663,0.9234632849693298,0.9229018092155457,0.91657555103302,0.9375857710838318,0.9229655265808105,0.9260562658309937,0.9481693506240845,0.9638634324073792,0.9674738049507141,0.9675197005271912,0.9762907028198242,0.9772223830223083,0.9783110618591309,0.9926838874816895,1.0,0.9899534583091736,0.9857813119888306,0.9701328277587891,0.9554783701896667,0.9604654312133789,0.9676430225372314,0.9680757522583008,0.9661136269569397,0.9660836458206177,0.9579346776008606,0.9575721025466919,0.9517884254455566,0.949495792388916,0.9436290264129639,0.9348602294921875,0.9324156045913696,0.9223031997680664,0.9172500371932983,0.9202935695648193,0.9016695618629456,0.9078624844551086,0.9002425670623779,0.9138306975364685,0.9155025482177734,0.8914604783058167,0.9183540344238281,0.9135137796401978,0.9213525652885437,0.9353761672973633,0.9354845285415649,0.9383137822151184,0.927353024482727,0.9265398979187012,0.9178030490875244,0.9106247425079346,0.9116559624671936,0.9243256449699402,0.9209223985671997,0.913688600063324,0.9115900993347168,0.9159870147705078,0.9208163022994995,0.9402469396591187,0.9327806234359741,0.9189538955688477,0.8983423113822937,0.9117249250411987
125,0.8890429735183716,0.8839905261993408,0.8808731436729431,0.9078812003135681,0.9065412282943726,0.9062894582748413,0.9076955914497375,0.9174879789352417,0.9226779937744141,0.9250401854515076,0.8951217532157898,0.8954240083694458,0.8884214162826538,0.91328364610672,0.8985918760299683,0.8995453715324402,0.9245893955230713,0.9493574500083923,0.9577944874763489,0.9573650360107422,0.9663751125335693,0.969406247138977,0.9745740294456482,0.9845645427703857,0.9899534583091736,1.000000238418579,0.9909313917160034,0.9708914756774902,0.9608781337738037,0.9668179750442505,0.9770375490188599,0.962142825126648,0.9602063298225403,0.9691201448440552,0.9640942811965942,0.9662857055664062,0.9484318494796753,0.9458277225494385,0.9348875284194946,0.9243785738945007,0.9211860299110413,0.9036310911178589,0.9038802981376648,0.9051019549369812,0.8800768852233887,0.8882256150245667,0.8803595900535583,0.9046583771705627,0.902821958065033,0.8667489290237427,0.9028891921043396,0.9000738859176636,0.9021078944206238,0.9224395751953125,0.9234288930892944,0.9274889230728149,0.9246951341629028,0.9229168891906738,0.914807140827179,0.9047179818153381,0.9063154458999634,0.9169852137565613,0.9096882343292236,0.9066371917724609,0.9053693413734436,0.9062151312828064,0.9140045642852783,0.9296499490737915,0.9178150296211243,0.8971843719482422,0.8676537275314331,0.8900609612464905
130,0.8950331211090088,0.8926506042480469,0.8891782760620117,0.9141592383384705,0.9116270542144775,0.9123587608337402,0.9139883518218994,0.9204031825065613,0.9241423606872559,0.9250598549842834,0.8955584764480591,0.894924521446228,0.8898963332176208,0.9132972359657288,0.8978011012077332,0.8994089365005493,0.9256550073623657,0.9467862248420715,0.9555339813232422,0.9538596272468567,0.9629631042480469,0.9675481915473938,0.9716464281082153,0.9804157614707947,0.9857813119888306,0.9909313917160034,1.0000001192092896,0.9827001094818115,0.9681670665740967,0.9623364210128784,0.9690865874290466,0.9544792771339417,0.9525293707847595,0.9585544466972351,0.955469012260437,0.9601255059242249,0.9452332258224487,0.9452248811721802,0.9382022619247437,0.9293520450592041,0.9234430193901062,0.9049057364463806,0.9011317491531372,0.9009212255477905,0.879534900188446,0.8878815174102783,0.8775861263275146,0.8967334032058716,0.9007821679115295,0.8626577854156494,0.8974190950393677,0.8920202255249023,0.8990558385848999,0.9191145896911621,0.9265381693840027,0.9296736717224121,0.9267574548721313,0.9269514679908752,0.9193317890167236,0.9083408713340759,0.9102275371551514,0.9206514358520508,0.9133878946304321,0.9097875356674194,0.9091463685035706,0.9083344340324402,0.915698766708374,0.9307349920272827,0.9228388667106628,0.902127206325531,0.8772664070129395,0.8964753150939941
135,0.9015880823135376,0.9011098146438599,0.8941614627838135,0.9066406488418579,0.9139836430549622,0.9084558486938477,0.9068022966384888,0.907980740070343,0.9026516675949097,0.9001215696334839,0.8777128458023071,0.8782753944396973,0.871025800704956,0.9036116600036621,0.8922029137611389,0.8949629068374634,0.9192836880683899,0.9327265024185181,0.9345325827598572,0.9366535544395447,0.9464468955993652,0.9556155800819397,0.9558079242706299,0.9643462300300598,0.9701328277587891,0.9708914756774902,0.9827001094818115,1.0,0.9879005551338196,0.9618969559669495,0.9617064595222473,0.9559362530708313,0.9484905004501343,0.9541509747505188,0.9581591486930847,0.959153413772583,0.9542401432991028,0.9525840878486633,0.9556363224983215,0.9470372200012207,0.9456369876861572,0.9118592143058777,0.8991239666938782,0.9049906730651855,0.887706458568573,0.8962693214416504,0.8788697719573975,0.8964511752128601,0.900538980960846,0.8696981072425842,0.9002113938331604,0.8956962823867798,0.9062675833702087,0.9151500463485718,0.9266373515129089,0.932761549949646,0.9301803112030029,0.9296382069587708,0.9212571382522583,0.9136645793914795,0.9068098664283752,0.912476122379303,0.9075053930282593,0.9092763066291809,0.9119841456413269,0.9123913645744324,0.9173991084098816,0.9274304509162903,0.9287883043289185,0.9126724600791931,0.8897993564605713,0.9003909230232239
140,0.884667158126831,0.8820816278457642,0.8762025833129883,0.8906345367431641,0.8950175046920776,0.8896833658218384,0.8884534239768982,0.8862363696098328,0.8871652483940125,0.8914200663566589,0.8664315342903137,0.8704481720924377,0.8614367246627808,0.891781210899353,0.8846977949142456,0.8832184672355652,0.9064368009567261,0.918449878692627,0.9230594038963318,0.9255425333976746,0.9376575350761414,0.9499655961990356,0.9532636404037476,0.9559933543205261,0.9554783701896667,0.9608781337738037,0.9681670665740967,0.9879005551338196,1.000000238418579,0.9726470708847046,0.9685875773429871,0.9521026611328125,0.938863217830658,0.9483379125595093,0.9496008157730103,0.950905442237854,0.9423034191131592,0.9413275718688965,0.9419147968292236,0.9345949292182922,0.9344421625137329,0.901620626449585,0.8947048783302307,0.8981101512908936,0.8853341341018677,0.8886668682098389,0.8754269480705261,0.8966715335845947,0.8976908922195435,0.8657628893852234,0.895027756690979,0.8895800709724426,0.8981584310531616,0.9062577486038208,0.9124108552932739,0.9171954393386841,0.9201756715774536,0.9201657772064209,0.912257730960846,0.905357837677002,0.9019085764884949,0.9084298610687256,0.9063318371772766,0.9087237119674683,0.9097397923469543,0.9063303470611572,0.9104163646697998,0.9188039302825928,0.9192356467247009,0.901334285736084,0.8745280504226685,0.887880802154541
