,0,5,10,15,20,25,30,35,40,45,50,55,60,65,70,75,80,85,90,95,100,105,110,115,120,125,130,135,140,145,150,155,160,165,170,175,180,185,190,195,200,205,210,215,220,225,230,235,240,245,250,255,260,265,270,275,280,285,290,295,300,305,310,315,320,325,330,335,340,345,350,355
0,0.9999998807907104,0.9645950198173523,0.9418942928314209,0.9144189953804016,0.9047167897224426,0.8609828948974609,0.8078954219818115,0.7615591287612915,0.6934581398963928,0.6479375958442688,0.6581107974052429,0.6325944662094116,0.6312201619148254,0.644289493560791,0.6276851296424866,0.6476023197174072,0.6280628442764282,0.6108108162879944,0.6219565868377686,0.6239000558853149,0.5796281099319458,0.5722957849502563,0.5725172758102417,0.5717615485191345,0.5531247854232788,0.5445151925086975,0.5250695943832397,0.5186647772789001,0.49766892194747925,0.49617040157318115,0.4392171800136566,0.41845595836639404,0.3869689702987671,0.34902289509773254,0.35761070251464844,0.3770761787891388,0.37347638607025146,0.3906826078891754,0.4485139846801758,0.5013307929039001,0.5764573812484741,0.5638715028762817,0.49006927013397217,0.4082324504852295,0.42785438895225525,0.46188291907310486,0.4896194040775299,0.47319069504737854,0.4415360689163208,0.5172085165977478,0.5719120502471924,0.5841261148452759,0.6049002408981323,0.6235201954841614,0.6569194197654724,0.6681714057922363,0.7074556350708008,0.7058255672454834,0.7422051429748535,0.750072181224823,0.7631992101669312,0.7723185420036316,0.7813472747802734,0.7925821542739868,0.8151403069496155,0.8306785821914673,0.8322941064834595,0.8805921077728271,0.9055019617080688,0.9058745503425598,0.9395256638526917,0.9555370807647705
5,0.9645950198173523,1.0000001192092896,0.9718761444091797,0.9336280822753906,0.9297240972518921,0.8941646218299866,0.8467313647270203,0.7936955690383911,0.7257134318351746,0.6867778897285461,0.6922198534011841,0.66015625,0.6584063768386841,0.667771577835083,0.6439046859741211,0.6622448563575745,0.6444337368011475,0.6292262673377991,0.6371486186981201,0.6360154151916504,0.5842693448066711,0.5777168869972229,0.5798032283782959,0.5731692910194397,0.555498480796814,0.5377222299575806,0.5150740742683411,0.5139605402946472,0.4984244704246521,0.5104842185974121,0.4500378668308258,0.42538830637931824,0.3903401792049408,0.35333630442619324,0.3607481122016907,0.3796086013317108,0.37785306572914124,0.39481496810913086,0.4547099769115448,0.5134162902832031,0.5834100246429443,0.5719128251075745,0.4942295253276825,0.4192080795764923,0.429849773645401,0.4538361430168152,0.4759008288383484,0.47041505575180054,0.4415799081325531,0.5024071335792542,0.5686400532722473,0.5903101563453674,0.606993556022644,0.6293395757675171,0.6660680770874023,0.6772592067718506,0.7124834060668945,0.7192939519882202,0.7440382838249207,0.7437328100204468,0.7537686824798584,0.7631759643554688,0.773003339767456,0.7802455425262451,0.8013806343078613,0.8189599514007568,0.8147450685501099,0.8583289980888367,0.8758297562599182,0.8851451873779297,0.9174787402153015,0.934027910232544
10,0.9418942928314209,0.9718761444091797,1.0,0.9501047134399414,0.9402427673339844,0.9001489281654358,0.8538192510604858,0.7996121644973755,0.7417416572570801,0.7183215618133545,0.7209655046463013,0.6858335733413696,0.6788338422775269,0.6895848512649536,0.6692399978637695,0.6806590557098389,0.6478314995765686,0.6283993721008301,0.6339572668075562,0.6273061037063599,0.5762019753456116,0.5707597732543945,0.5698387622833252,0.5612518787384033,0.5438701510429382,0.5278536677360535,0.5079664587974548,0.5082448124885559,0.4981093108654022,0.5108236074447632,0.4529443681240082,0.41985023021698,0.3853498101234436,0.3466472029685974,0.35818806290626526,0.3752586245536804,0.3766852915287018,0.39592882990837097,0.4512622058391571,0.5134739875793457,0.5739203691482544,0.5543678998947144,0.47449642419815063,0.4034593999385834,0.41240063309669495,0.43374744057655334,0.46230125427246094,0.4630962014198303,0.4274109899997711,0.4841597080230713,0.5502562522888184,0.5607918500900269,0.5802364349365234,0.5984913110733032,0.6382623314857483,0.6515350341796875,0.6843171119689941,0.6882878541946411,0.7095643281936646,0.7082085013389587,0.7135728597640991,0.7182539105415344,0.7286286354064941,0.7331563234329224,0.7512857913970947,0.7783055901527405,0.7765575647354126,0.8218251466751099,0.8423381447792053,0.8605376482009888,0.894084095954895,0.9305946230888367
15,0.9144189953804016,0.9336280822753906,0.9501047134399414,1.0000001192092896,0.9595818519592285,0.9520372748374939,0.9182654619216919,0.8659676313400269,0.8151414394378662,0.7839629650115967,0.7838428020477295,0.7570587396621704,0.7529745697975159,0.7608263492584229,0.7264753580093384,0.7369406223297119,0.7044721245765686,0.6681631803512573,0.6812791228294373,0.6724594831466675,0.6171795725822449,0.5962594151496887,0.5941793322563171,0.5821988582611084,0.5637829303741455,0.552954375743866,0.5394176840782166,0.5326317548751831,0.5167633295059204,0.5207022428512573,0.4569748640060425,0.425462007522583,0.37889033555984497,0.34235265851020813,0.3599206507205963,0.3786773681640625,0.377277672290802,0.4022590219974518,0.46285727620124817,0.5223957896232605,0.5854442119598389,0.5587725043296814,0.48399102687835693,0.4089077115058899,0.42884862422943115,0.4549119174480438,0.47757160663604736,0.46884483098983765,0.45014065504074097,0.49906307458877563,0.5523121356964111,0.5564320087432861,0.5707237124443054,0.5853009819984436,0.6316606998443604,0.6425492763519287,0.6675148606300354,0.6569727659225464,0.6739643812179565,0.6741633415222168,0.6883507966995239,0.6902304887771606,0.7003165483474731,0.69966721534729,0.7134963274002075,0.7300926446914673,0.7279398441314697,0.7786477208137512,0.8023887872695923,0.813522219657898,0.8422341346740723,0.8754987716674805
20,0.9047167897224426,0.9297240972518921,0.9402427673339844,0.9595818519592285,1.0,0.9521756768226624,0.9210572242736816,0.8676965832710266,0.8154973983764648,0.7938942909240723,0.7912112474441528,0.7736115455627441,0.7633991241455078,0.7634447813034058,0.7294467687606812,0.7410104274749756,0.7103594541549683,0.6794017553329468,0.6812525391578674,0.6739567518234253,0.6222907304763794,0.6035033464431763,0.5972229242324829,0.5837094187736511,0.5643404722213745,0.5514528155326843,0.5390377640724182,0.5315282940864563,0.5135908722877502,0.5154996514320374,0.4585126042366028,0.42691510915756226,0.389753520488739,0.35203349590301514,0.375203937292099,0.39475685358047485,0.39258649945259094,0.41446927189826965,0.4667030870914459,0.5239813327789307,0.5777395963668823,0.5601024627685547,0.498748779296875,0.4053073227405548,0.40965789556503296,0.4464494585990906,0.4777979254722595,0.47508740425109863,0.45009487867355347,0.5060808062553406,0.5605820417404175,0.5684716701507568,0.5849273800849915,0.5939699411392212,0.6264052391052246,0.6317976117134094,0.6620408296585083,0.6518979072570801,0.6730030179023743,0.672264814376831,0.6813396215438843,0.6770438551902771,0.6773349642753601,0.6827670931816101,0.7114137411117554,0.7271856069564819,0.7320446372032166,0.7783598899841309,0.7996010780334473,0.8149892091751099,0.8452837467193604,0.8872043490409851
25,0.8609828948974609,0.8941646218299866,0.9001489281654358,0.9520372748374939,0.9521756768226624,1.0,0.9552571773529053,0.9072614312171936,0.8650918006896973,0.8446316719055176,0.8291782736778259,0.7991482019424438,0.7866681814193726,0.7924501895904541,0.7304825186729431,0.7469078898429871,0.7141113877296448,0.6805649995803833,0.690348744392395,0.6775257587432861,0.621759295463562,0.6026695966720581,0.599694550037384,0.5821359157562256,0.5625156760215759,0.5477237701416016,0.5365747809410095,0.5367448329925537,0.5241369009017944,0.5394464135169983,0.4752025604248047,0.44872066378593445,0.40753668546676636,0.3738033175468445,0.39371272921562195,0.42243197560310364,0.4186475872993469,0.44066518545150757,0.4918818473815918,0.5524787902832031,0.5967803001403809,0.5762190222740173,0.5148827433586121,0.4486820697784424,0.45858538150787354,0.48923245072364807,0.5136629939079285,0.499294251203537,0.49004268646240234,0.5240145325660706,0.5767847895622253,0.5800641775131226,0.597416341304779,0.5992684960365295,0.6298352479934692,0.627496063709259,0.6542478203773499,0.6351025104522705,0.643767774105072,0.6469101905822754,0.6591638922691345,0.653434157371521,0.6564444303512573,0.6538165211677551,0.673898458480835,0.681032657623291,0.6757504940032959,0.7273223400115967,0.7462255954742432,0.7540744543075562,0.7837189435958862,0.8173507452011108
30,0.8078954219818115,0.8467313647270203,0.8538192510604858,0.9182654619216919,0.9210572242736816,0.9552571773529053,1.000000238418579,0.9426876306533813,0.8781899809837341,0.8364072442054749,0.820279061794281,0.8076915740966797,0.789880096912384,0.770868182182312,0.7175164222717285,0.7254565954208374,0.7004940509796143,0.6611877679824829,0.6717504858970642,0.6518512964248657,0.5996913909912109,0.5783425569534302,0.5711339712142944,0.5517998933792114,0.5344074964523315,0.5244449377059937,0.515705943107605,0.5141081809997559,0.4960707128047943,0.5082076191902161,0.44223061203956604,0.4178083837032318,0.37911176681518555,0.34320569038391113,0.35379695892333984,0.38045164942741394,0.3765447735786438,0.3933693766593933,0.44246339797973633,0.4950910210609436,0.5397516489028931,0.5202910900115967,0.4667266011238098,0.40072494745254517,0.41014859080314636,0.447297066450119,0.4591715335845947,0.45014631748199463,0.44163113832473755,0.46838894486427307,0.5235673189163208,0.5292404890060425,0.5519331097602844,0.5527009963989258,0.5913593173027039,0.5965443849563599,0.614206850528717,0.6025567054748535,0.6142385005950928,0.6113108396530151,0.619130551815033,0.6114695072174072,0.6114773750305176,0.6100578308105469,0.62396240234375,0.6331727504730225,0.6299102306365967,0.6782392263412476,0.696943461894989,0.7057915925979614,0.7359936833381653,0.766243577003479
35,0.7615591287612915,0.7936955690383911,0.7996121644973755,0.8659676313400269,0.8676965832710266,0.9072614312171936,0.9426876306533813,1.0000001192092896,0.9463790655136108,0.8937445878982544,0.8876633644104004,0.8684464693069458,0.8413007855415344,0.828957200050354,0.7776947021484375,0.7804033756256104,0.7438859939575195,0.7045114636421204,0.6988462209701538,0.6684743165969849,0.6195499897003174,0.5942058563232422,0.5826258063316345,0.5617896318435669,0.5462884902954102,0.5389403104782104,0.5341095328330994,0.5282747745513916,0.5113486051559448,0.5237042307853699,0.4491814374923706,0.4164084196090698,0.3803601562976837,0.3477834463119507,0.3525328040122986,0.37556201219558716,0.37009871006011963,0.3818875551223755,0.4319721460342407,0.4850561320781708,0.5300471186637878,0.5096002221107483,0.455143541097641,0.4116516709327698,0.4295315146446228,0.466818243265152,0.47337451577186584,0.4518199861049652,0.44067007303237915,0.4703065752983093,0.5239717960357666,0.5163468718528748,0.546394944190979,0.5306578874588013,0.5644801259040833,0.5680942535400391,0.585044264793396,0.5694597959518433,0.5806140899658203,0.584699809551239,0.5938749313354492,0.5777623057365417,0.5749243497848511,0.5726345181465149,0.5935643911361694,0.5982289910316467,0.5786052942276001,0.6240952014923096,0.6474329233169556,0.6595181822776794,0.683927595615387,0.723546028137207
40,0.6934581398963928,0.7257134318351746,0.7417416572570801,0.8151414394378662,0.8154973983764648,0.8650918006896973,0.8781899809837341,0.9463790655136108,1.0,0.93937087059021,0.9214377403259277,0.8755127787590027,0.8543562889099121,0.8575555086135864,0.796137273311615,0.7960563898086548,0.750695526599884,0.7073270678520203,0.691011905670166,0.6501100659370422,0.6064879298210144,0.5774015188217163,0.5741854310035706,0.5620734691619873,0.5427310466766357,0.536971926689148,0.5383610129356384,0.5323492884635925,0.5172340273857117,0.5162081718444824,0.4377133548259735,0.41379237174987793,0.36596065759658813,0.34625595808029175,0.37791094183921814,0.39733433723449707,0.3770058751106262,0.3923136293888092,0.4312884211540222,0.4862229824066162,0.5201301574707031,0.48753267526626587,0.43513286113739014,0.40079420804977417,0.439206600189209,0.45154890418052673,0.46294111013412476,0.45145383477211,0.45510613918304443,0.4631026089191437,0.5072138905525208,0.47990918159484863,0.5062617063522339,0.47536391019821167,0.5059891939163208,0.5034511685371399,0.5043497681617737,0.47921326756477356,0.4993363618850708,0.4915050268173218,0.5055309534072876,0.4879218339920044,0.48678141832351685,0.48856568336486816,0.5179991126060486,0.5196842551231384,0.49455559253692627,0.5470203757286072,0.5657498836517334,0.5848140120506287,0.6121528744697571,0.6655184030532837
45,0.6479375958442688,0.6867778897285461,0.7183215618133545,0.7839629650115967,0.7938942909240723,0.8446316719055176,0.8364072442054749,0.8937445878982544,0.93937087059021,0.9999999403953552,0.9612835049629211,0.9075412750244141,0.8790732622146606,0.8780931234359741,0.8156042098999023,0.8087985515594482,0.7549715638160706,0.7111315727233887,0.6865160465240479,0.6528321504592896,0.6063570976257324,0.5854644775390625,0.5900033116340637,0.5806043148040771,0.5547683238983154,0.5468255877494812,0.5476274490356445,0.5378373265266418,0.5214865207672119,0.5278977155685425,0.4634641408920288,0.43529975414276123,0.3853157162666321,0.362452894449234,0.40009477734565735,0.41905465722084045,0.4071234166622162,0.4257412254810333,0.44559159874916077,0.5003184676170349,0.5136578679084778,0.48383212089538574,0.4355006814002991,0.3994993269443512,0.429808109998703,0.4457007646560669,0.45634761452674866,0.4569891691207886,0.4647749364376068,0.4713332951068878,0.49918121099472046,0.4824714958667755,0.5083606243133545,0.4742356836795807,0.49708205461502075,0.4942624568939209,0.4877394139766693,0.4506586194038391,0.4612674415111542,0.45489585399627686,0.4641178250312805,0.44580718874931335,0.4365707039833069,0.4314078092575073,0.4697692096233368,0.47384732961654663,0.4506707191467285,0.494788259267807,0.5209565162658691,0.5351117849349976,0.5630563497543335,0.6350740194320679
50,0.6581107974052429,0.6922198534011841,0.7209655046463013,0.7838428020477295,0.7912112474441528,0.8291782736778259,0.820279061794281,0.8876633644104004,0.9214377403259277,0.9612835049629211,0.9999999403953552,0.9373286962509155,0.9125499129295349,0.9044468402862549,0.8310898542404175,0.8263961672782898,0.7877741456031799,0.7438358664512634,0.7212778925895691,0.6899598836898804,0.6437899470329285,0.6226487159729004,0.6236338019371033,0.6143758893013,0.5878550410270691,0.5751948952674866,0.5690180063247681,0.5609447360038757,0.5420918464660645,0.5521678328514099,0.4864169657230377,0.45867612957954407,0.4206124544143677,0.39371317625045776,0.42513734102249146,0.4485621750354767,0.4491559565067291,0.4592618942260742,0.46778765320777893,0.5281816124916077,0.5410960912704468,0.5214743614196777,0.4716249108314514,0.42718684673309326,0.45526063442230225,0.4709141254425049,0.4901253581047058,0.4953116476535797,0.49572351574897766,0.5143795013427734,0.5444086194038391,0.5265852808952332,0.5483525991439819,0.5130965113639832,0.5391004085540771,0.5353368520736694,0.5264662504196167,0.4839954674243927,0.49508383870124817,0.4862799048423767,0.49359986186027527,0.4744410216808319,0.4674161672592163,0.46263402700424194,0.5000311732292175,0.502840518951416,0.48501187562942505,0.5233587622642517,0.5510952472686768,0.5649233460426331,0.5877649784088135,0.6469187140464783
55,0.6325944662094116,0.66015625,0.6858335733413696,0.7570587396621704,0.7736115455627441,0.7991482019424438,0.8076915740966797,0.8684464693069458,0.8755127787590027,0.9075412750244141,0.9373286962509155,1.000000238418579,0.9727441668510437,0.9395567774772644,0.8939845561981201,0.877113938331604,0.8549985885620117,0.8005885481834412,0.7780848145484924,0.7547503709793091,0.7098199725151062,0.6791201233863831,0.6619163751602173,0.6391993165016174,0.6149821281433105,0.6063807010650635,0.5933083295822144,0.577536404132843,0.5482690930366516,0.5480719208717346,0.4769996106624603,0.4413365125656128,0.41768914461135864,0.39045190811157227,0.41350775957107544,0.4310496151447296,0.43363839387893677,0.43037354946136475,0.42420491576194763,0.4848790764808655,0.5066725015640259,0.4987626075744629,0.4752771258354187,0.4017731845378876,0.4113595485687256,0.4364399313926697,0.4582013487815857,0.4526275396347046,0.46019619703292847,0.485828161239624,0.5144819021224976,0.4995419383049011,0.518910825252533,0.4906705319881439,0.5154975652694702,0.5080593228340149,0.5057423710823059,0.4480578303337097,0.4655865430831909,0.45593756437301636,0.4701838493347168,0.45611029863357544,0.4412992596626282,0.4420924186706543,0.49086907505989075,0.4964689016342163,0.4866349697113037,0.5233577489852905,0.5494585037231445,0.5694231986999512,0.5842058062553406,0.642306923866272
60,0.6312201619148254,0.6584063768386841,0.6788338422775269,0.7529745697975159,0.7633991241455078,0.7866681814193726,0.789880096912384,0.8413007855415344,0.8543562889099121,0.8790732622146606,0.9125499129295349,0.9727441668510437,0.9999999403953552,0.9677878618240356,0.9294009208679199,0.9119981527328491,0.8936814069747925,0.8405088186264038,0.8189595937728882,0.7934603691101074,0.7520513534545898,0.7183634042739868,0.7074891924858093,0.684899091720581,0.6606417894363403,0.6459227204322815,0.6288507580757141,0.615416944026947,0.5757873058319092,0.5749311447143555,0.5099247694015503,0.4717477858066559,0.45439034700393677,0.43144169449806213,0.4540022313594818,0.4709368944168091,0.4743703007698059,0.4663330018520355,0.4568955898284912,0.5220509767532349,0.539611279964447,0.5390766859054565,0.5132768750190735,0.42929568886756897,0.42087215185165405,0.44651100039482117,0.4768490195274353,0.4764947295188904,0.48081013560295105,0.515003502368927,0.5310442447662354,0.513559103012085,0.5324523448944092,0.5035576224327087,0.5276399850845337,0.5210696458816528,0.5143131017684937,0.4498682916164398,0.4689202606678009,0.45880451798439026,0.47330889105796814,0.45871689915657043,0.44672879576683044,0.4509281814098358,0.5011350512504578,0.5055756568908691,0.4999520778656006,0.5373268127441406,0.5612768530845642,0.578057050704956,0.5847956538200378,0.6422119736671448
65,0.644289493560791,0.667771577835083,0.6895848512649536,0.7608263492584229,0.7634447813034058,0.7924501895904541,0.770868182182312,0.828957200050354,0.8575555086135864,0.8780931234359741,0.9044468402862549,0.9395567774772644,0.9677878618240356,0.9999998807907104,0.9493115544319153,0.9355050325393677,0.9041246771812439,0.8570965528488159,0.8357772827148438,0.8044224977493286,0.7630400657653809,0.7263321876525879,0.7250311374664307,0.7133893370628357,0.6913548707962036,0.6727796196937561,0.6644865274429321,0.6507243514060974,0.6117194294929504,0.6075503826141357,0.5418505072593689,0.504130482673645,0.48252618312835693,0.47205010056495667,0.5002437829971313,0.5127205848693848,0.5083681344985962,0.5007497072219849,0.48910093307495117,0.5601033568382263,0.5721302628517151,0.5680268406867981,0.5423043370246887,0.4700007438659668,0.460116446018219,0.47509995102882385,0.5046113133430481,0.5090049505233765,0.5152907371520996,0.5479772686958313,0.5467355251312256,0.5097226500511169,0.5397939085960388,0.5055530071258545,0.5259799361228943,0.526731014251709,0.5232892632484436,0.4518534541130066,0.4649561643600464,0.46356356143951416,0.4847954511642456,0.4681941270828247,0.4575572609901428,0.46154674887657166,0.5119673013687134,0.5176846981048584,0.5096283555030823,0.5530189275741577,0.5693312883377075,0.578652560710907,0.5841938853263855,0.6526994705200195
70,0.6276851296424866,0.6439046859741211,0.6692399978637695,0.7264753580093384,0.7294467687606812,0.7304825186729431,0.7175164222717285,0.7776947021484375,0.796137273311615,0.8156042098999023,0.8310898542404175,0.8939845561981201,0.9294009208679199,0.9493115544319153,1.0,0.9751341342926025,0.9446714520454407,0.9117311239242554,0.8840224742889404,0.8540172576904297,0.8192428350448608,0.7839336395263672,0.7717565298080444,0.7523287534713745,0.7305388450622559,0.7089924216270447,0.6827559471130371,0.6570296287536621,0.6183105707168579,0.6112683415412903,0.5461115837097168,0.5004933476448059,0.481331467628479,0.47135502099990845,0.4897603988647461,0.4977404475212097,0.5011724829673767,0.4973353147506714,0.47574174404144287,0.5334653258323669,0.5441179275512695,0.546280562877655,0.5213139057159424,0.4335150122642517,0.408020943403244,0.4360860586166382,0.46993565559387207,0.47576695680618286,0.4564380943775177,0.5085534453392029,0.5002976059913635,0.4834829568862915,0.5142834186553955,0.4925561249256134,0.5080695152282715,0.516086220741272,0.49638500809669495,0.4264536201953888,0.44685739278793335,0.445331335067749,0.46244773268699646,0.4485965967178345,0.4328495264053345,0.4387546181678772,0.5037018656730652,0.5217232704162598,0.5153427720069885,0.5433000922203064,0.5538766980171204,0.5767439007759094,0.5875943899154663,0.6597186923027039
75,0.6476023197174072,0.6622448563575745,0.6806590557098389,0.7369406223297119,0.7410104274749756,0.7469078898429871,0.7254565954208374,0.7804033756256104,0.7960563898086548,0.8087985515594482,0.8263961672782898,0.877113938331604,0.9119981527328491,0.9355050325393677,0.9751341342926025,1.000000238418579,0.9650163054466248,0.9271208047866821,0.9119827151298523,0.8819199204444885,0.8436940908432007,0.8090125322341919,0.7893970608711243,0.7683509588241577,0.7460730075836182,0.7297360897064209,0.7095617055892944,0.6836504936218262,0.6438994407653809,0.6389409899711609,0.5691215395927429,0.5257620811462402,0.49618884921073914,0.4849548935890198,0.5025874376296997,0.5102847814559937,0.5124185681343079,0.5165030360221863,0.5023900270462036,0.5607276558876038,0.5709899067878723,0.5735711455345154,0.5481799840927124,0.46177658438682556,0.44003188610076904,0.4682174623012543,0.5024656653404236,0.5063747763633728,0.4867295026779175,0.5372385382652283,0.527924656867981,0.5106630325317383,0.5428773164749146,0.5225769281387329,0.5392908453941345,0.5424433946609497,0.5240805745124817,0.45914697647094727,0.47761476039886475,0.4821178913116455,0.5040407776832581,0.489291787147522,0.4724366068840027,0.4779301881790161,0.5415314435958862,0.5558968186378479,0.5475280284881592,0.5754719972610474,0.5794775485992432,0.5967082977294922,0.6032702326774597,0.6706303358078003
80,0.6280628442764282,0.6444337368011475,0.6478314995765686,0.7044721245765686,0.7103594541549683,0.7141113877296448,0.7004940509796143,0.7438859939575195,0.750695526599884,0.7549715638160706,0.7877741456031799,0.8549985885620117,0.8936814069747925,0.9041246771812439,0.9446714520454407,0.9650163054466248,1.0000001192092896,0.9654674530029297,0.9542452096939087,0.9278551340103149,0.8953119516372681,0.8577246069908142,0.8275226950645447,0.8003849387168884,0.780709981918335,0.7561407089233398,0.7238433957099915,0.6988726258277893,0.6604903936386108,0.6551508903503418,0.5800800323486328,0.5301799178123474,0.5161896347999573,0.507521390914917,0.5143402814865112,0.5133809447288513,0.5155302286148071,0.510735809803009,0.48502862453460693,0.5475309491157532,0.5606866478919983,0.5780035257339478,0.5672677159309387,0.44965463876724243,0.4187348186969757,0.44670361280441284,0.4733523726463318,0.4808846116065979,0.4700130820274353,0.5246483087539673,0.5215404033660889,0.5171787142753601,0.5355846881866455,0.5250623226165771,0.5476358532905579,0.5559022426605225,0.5342237949371338,0.47159290313720703,0.49732083082199097,0.4925827980041504,0.5118393301963806,0.5055975914001465,0.4900661110877991,0.489332377910614,0.5563639998435974,0.5686691999435425,0.5638307332992554,0.5844694375991821,0.594683825969696,0.6123224496841431,0.6108148097991943,0.6521353721618652
85,0.6108108162879944,0.6292262673377991,0.6283993721008301,0.6681631803512573,0.6794017553329468,0.6805649995803833,0.6611877679824829,0.7045114636421204,0.7073270678520203,0.7111315727233887,0.7438358664512634,0.8005885481834412,0.8405088186264038,0.8570965528488159,0.9117311239242554,0.9271208047866821,0.9654674530029297,1.000000238418579,0.9752913117408752,0.9439360499382019,0.9189548492431641,0.8983760476112366,0.8693512082099915,0.8403867483139038,0.8198245763778687,0.7811297178268433,0.7357134819030762,0.7200844287872314,0.6811245083808899,0.6748330593109131,0.5993127226829529,0.5457904934883118,0.5352666974067688,0.5354262590408325,0.5367384552955627,0.5354865789413452,0.5492109656333923,0.5421303510665894,0.5084869265556335,0.5740168690681458,0.5778798460960388,0.6003277897834778,0.5873834490776062,0.45814549922943115,0.42332571744918823,0.4546082615852356,0.4855247139930725,0.5084311962127686,0.48053568601608276,0.5420301556587219,0.5347162485122681,0.5423417091369629,0.5592648983001709,0.5506879687309265,0.5574892163276672,0.5667213201522827,0.5419648885726929,0.47830724716186523,0.49913734197616577,0.495400071144104,0.5155278444290161,0.5087022185325623,0.4895859360694885,0.489170104265213,0.5549435019493103,0.5741274356842041,0.5697159171104431,0.5826341509819031,0.5883554220199585,0.607507050037384,0.603668212890625,0.6489590406417847
90,0.6219565868377686,0.6371486186981201,0.6339572668075562,0.6812791228294373,0.6812525391578674,0.690348744392395,0.6717504858970642,0.6988462209701538,0.691011905670166,0.6865160465240479,0.7212778925895691,0.7780848145484924,0.8189595937728882,0.8357772827148438,0.8840224742889404,0.9119827151298523,0.9542452096939087,0.9752913117408752,0.9999998807907104,0.9786645770072937,0.9518812894821167,0.927972137928009,0.8978269100189209,0.8662789463996887,0.8501670360565186,0.8193837404251099,0.7759802341461182,0.7532116770744324,0.7152741551399231,0.7097026705741882,0.6348870992660522,0.5791365504264832,0.5613908767700195,0.5608312487602234,0.5626043677330017,0.5603291392326355,0.5724515318870544,0.5632985234260559,0.5371181964874268,0.601768434047699,0.6016280651092529,0.6251975297927856,0.6120549440383911,0.4818221926689148,0.4368499517440796,0.4767768681049347,0.5072125196456909,0.5185549855232239,0.48867204785346985,0.552118718624115,0.5403802990913391,0.55169278383255,0.5598208904266357,0.5607261657714844,0.5776816606521606,0.5881571173667908,0.5640252828598022,0.5021952390670776,0.5246110558509827,0.5223878026008606,0.5375213623046875,0.5271894931793213,0.5086625814437866,0.5067673325538635,0.5713762044906616,0.5859682559967041,0.5857836008071899,0.5984756946563721,0.6004104018211365,0.6217454075813293,0.6114341020584106,0.6552050113677979
95,0.6239000558853149,0.6360154151916504,0.6273061037063599,0.6724594831466675,0.6739567518234253,0.6775257587432861,0.6518512964248657,0.6684743165969849,0.6501100659370422,0.6528321504592896,0.6899598836898804,0.7547503709793091,0.7934603691101074,0.8044224977493286,0.8540172576904297,0.8819199204444885,0.9278551340103149,0.9439360499382019,0.9786645770072937,0.9999998211860657,0.9777800440788269,0.957626223564148,0.9274927377700806,0.893174409866333,0.8745748996734619,0.842889666557312,0.7914433479309082,0.7574854493141174,0.7166303396224976,0.7105018496513367,0.6414182186126709,0.5907360315322876,0.5783079862594604,0.5734171867370605,0.5726578831672668,0.5694794654846191,0.5857482552528381,0.5833350419998169,0.5486078262329102,0.6102555394172668,0.609950065612793,0.6365691423416138,0.6166548132896423,0.4836333096027374,0.4370870590209961,0.4816257059574127,0.5173366069793701,0.5199252963066101,0.4913187623023987,0.5621954202651978,0.5503538250923157,0.5691434144973755,0.565936803817749,0.5703980922698975,0.5897377729415894,0.5936998128890991,0.5718974471092224,0.5119763612747192,0.5351806879043579,0.533804714679718,0.54920893907547,0.5421700477600098,0.5239720344543457,0.5210568904876709,0.5890348553657532,0.5990445613861084,0.6067215204238892,0.6139741539955139,0.6151890158653259,0.6356209516525269,0.6168121695518494,0.6597340703010559
100,0.5796281099319458,0.5842693448066711,0.5762019753456116,0.6171795725822449,0.6222907304763794,0.621759295463562,0.5996913909912109,0.6195499897003174,0.6064879298210144,0.6063570976257324,0.6437899470329285,0.7098199725151062,0.7520513534545898,0.7630400657653809,0.8192428350448608,0.8436940908432007,0.8953119516372681,0.9189548492431641,0.9518812894821167,0.9777800440788269,1.0000001192092896,0.9771450757980347,0.9465841054916382,0.9168136119842529,0.9014692902565002,0.8694462776184082,0.8099417686462402,0.7761020660400391,0.7320502996444702,0.716113805770874,0.6539835929870605,0.6023523807525635,0.5977665781974792,0.594395637512207,0.5909388661384583,0.5825218558311462,0.5949395895004272,0.5873410105705261,0.5430497527122498,0.5986809730529785,0.5934655666351318,0.6195375323295593,0.6057991981506348,0.4726089835166931,0.42108047008514404,0.4700651466846466,0.5086184144020081,0.5125848650932312,0.48137784004211426,0.5578382015228271,0.5354411005973816,0.5467723608016968,0.5444397330284119,0.540654182434082,0.5579718351364136,0.5597131848335266,0.5421769022941589,0.47566646337509155,0.49994760751724243,0.4984775483608246,0.5108921527862549,0.506686806678772,0.4876805543899536,0.48848631978034973,0.5618645548820496,0.571337103843689,0.5811280012130737,0.5831329822540283,0.5797238349914551,0.5975199937820435,0.5742724537849426,0.6207294464111328
105,0.5722957849502563,0.5777168869972229,0.5707597732543945,0.5962594151496887,0.6035033464431763,0.6026695966720581,0.5783425569534302,0.5942058563232422,0.5774015188217163,0.5854644775390625,0.6226487159729004,0.6791201233863831,0.7183634042739868,0.7263321876525879,0.7839336395263672,0.8090125322341919,0.8577246069908142,0.8983760476112366,0.927972137928009,0.957626223564148,0.9771450757980347,1.0000001192092896,0.9724302291870117,0.9385645389556885,0.9208222031593323,0.8881160020828247,0.8199214935302734,0.7822847366333008,0.739031970500946,0.7316985130310059,0.672223687171936,0.6201549768447876,0.6143637895584106,0.6099613904953003,0.6044882535934448,0.5921951532363892,0.6157094836235046,0.6092493534088135,0.5612595677375793,0.6094019412994385,0.601905345916748,0.6295313239097595,0.6048834323883057,0.48084545135498047,0.4184437096118927,0.46791303157806396,0.5153053402900696,0.5253106951713562,0.48232850432395935,0.5628718137741089,0.5504224896430969,0.5682621598243713,0.5623225569725037,0.5625778436660767,0.5749186873435974,0.5737384557723999,0.5546616315841675,0.4929264783859253,0.5162864923477173,0.5113064050674438,0.5173847675323486,0.5143595933914185,0.4975549578666687,0.4971975088119507,0.5642681121826172,0.5798969268798828,0.5880805253982544,0.5787460207939148,0.5811066627502441,0.6013360023498535,0.5777618885040283,0.6209969520568848
110,0.5725172758102417,0.5798032283782959,0.5698387622833252,0.5941793322563171,0.5972229242324829,0.599694550037384,0.5711339712142944,0.5826258063316345,0.5741854310035706,0.5900033116340637,0.6236338019371033,0.6619163751602173,0.7074891924858093,0.7250311374664307,0.7717565298080444,0.7893970608711243,0.8275226950645447,0.8693512082099915,0.8978269100189209,0.9274927377700806,0.9465841054916382,0.9724302291870117,1.0,0.9759998321533203,0.9592983722686768,0.9157660007476807,0.8410316109657288,0.8042585253715515,0.7643419504165649,0.7533414363861084,0.7024192810058594,0.655600368976593,0.6500541567802429,0.650719404220581,0.6468635201454163,0.6380388736724854,0.6603621244430542,0.6496178507804871,0.5995790958404541,0.6514022350311279,0.6374608874320984,0.665541410446167,0.6320964694023132,0.5226466655731201,0.45457538962364197,0.4940253794193268,0.5433340668678284,0.5575489401817322,0.5199927091598511,0.5947386622428894,0.5666193962097168,0.5777244567871094,0.575283408164978,0.5709326863288879,0.5819311141967773,0.5860021114349365,0.5688878297805786,0.501039445400238,0.5219018459320068,0.5203500390052795,0.5285792946815491,0.5231104493141174,0.5080139636993408,0.5097924470901489,0.5689938068389893,0.5838350057601929,0.5908542275428772,0.586203396320343,0.5824859142303467,0.5957688689231873,0.5716122984886169,0.6203820109367371
115,0.5717615485191345,0.5731692910194397,0.5612518787384033,0.5821988582611084,0.5837094187736511,0.5821359157562256,0.5517998933792114,0.5617896318435669,0.5620734691619873,0.5806043148040771,0.6143758893013,0.6391993165016174,0.684899091720581,0.7133893370628357,0.7523287534713745,0.7683509588241577,0.8003849387168884,0.8403867483139038,0.8662789463996887,0.893174409866333,0.9168136119842529,0.9385645389556885,0.9759998321533203,1.0,0.9826958775520325,0.9435777068138123,0.8769031167030334,0.8428909778594971,0.797976016998291,0.7753604054450989,0.7346609830856323,0.6949337720870972,0.6907424926757812,0.692937970161438,0.6865738034248352,0.6726508140563965,0.6825971603393555,0.6572825312614441,0.5982582569122314,0.6542190909385681,0.6478738784790039,0.6758999824523926,0.6545143127441406,0.546445369720459,0.4765937924385071,0.5138315558433533,0.5591099262237549,0.5809926390647888,0.5436570048332214,0.6237121820449829,0.5814092755317688,0.5794574022293091,0.5834453701972961,0.5659443736076355,0.5773690938949585,0.5849649906158447,0.5639357566833496,0.4851796627044678,0.5076099634170532,0.5066601037979126,0.5179087519645691,0.5108343362808228,0.4976394772529602,0.5003856420516968,0.562774658203125,0.5779399871826172,0.5823394060134888,0.5853604078292847,0.5816879272460938,0.5857191681861877,0.5691280364990234,0.6221429705619812
120,0.5531247854232788,0.555498480796814,0.5438701510429382,0.5637829303741455,0.5643404722213745,0.5625156760215759,0.5344074964523315,0.5462884902954102,0.5427310466766357,0.5547683238983154,0.5878550410270691,0.6149821281433105,0.6606417894363403,0.6913548707962036,0.7305388450622559,0.7460730075836182,0.780709981918335,0.8198245763778687,0.8501670360565186,0.8745748996734619,0.9014692902565002,0.9208222031593323,0.9592983722686768,0.9826958775520325,0.9999998807907104,0.959476888179779,0.8994395732879639,0.8681259751319885,0.8193248510360718,0.7913498282432556,0.7458446621894836,0.7019972801208496,0.703880786895752,0.7064095139503479,0.6998394131660461,0.6789292097091675,0.6926112771034241,0.6662166118621826,0.607257604598999,0.658281683921814,0.6461322903633118,0.6669759154319763,0.641417384147644,0.5392946600914001,0.46717560291290283,0.5066851377487183,0.543423056602478,0.5671116709709167,0.5203253626823425,0.6041409373283386,0.5620616674423218,0.5591966509819031,0.5677652359008789,0.5508725643157959,0.562883734703064,0.570132851600647,0.5593459010124207,0.47939562797546387,0.497016042470932,0.5001395344734192,0.5105013847351074,0.49902981519699097,0.4859515428543091,0.4883117377758026,0.5502121448516846,0.5634753108024597,0.5661188364028931,0.5643674731254578,0.5613965392112732,0.5729376673698425,0.552629828453064,0.6051777005195618
125,0.5445151925086975,0.5377222299575806,0.5278536677360535,0.552954375743866,0.5514528155326843,0.5477237701416016,0.5244449377059937,0.5389403104782104,0.536971926689148,0.5468255877494812,0.5751948952674866,0.6063807010650635,0.6459227204322815,0.6727796196937561,0.7089924216270447,0.7297360897064209,0.7561407089233398,0.7811297178268433,0.8193837404251099,0.842889666557312,0.8694462776184082,0.8881160020828247,0.9157660007476807,0.9435777068138123,0.959476888179779,0.9999998807907104,0.9536933898925781,0.9026649594306946,0.8492127060890198,0.8080390691757202,0.7611998319625854,0.7293787598609924,0.7130308151245117,0.7068705558776855,0.7047463655471802,0.6729511022567749,0.6741175651550293,0.6491804122924805,0.5976360440254211,0.630968451499939,0.6283993721008301,0.6373868584632874,0.6205343008041382,0.5314215421676636,0.47016641497612,0.5192558765411377,0.5585649013519287,0.5776450634002686,0.5269458293914795,0.6096375584602356,0.564509391784668,0.5640503168106079,0.5744670629501343,0.5577467679977417,0.5750346779823303,0.5829522013664246,0.5669792890548706,0.48673179745674133,0.5116179585456848,0.5093914270401001,0.5167528986930847,0.5049153566360474,0.4912363290786743,0.49442023038864136,0.5548211932182312,0.5619391202926636,0.5554355978965759,0.5567138195037842,0.5520620942115784,0.5566005706787109,0.5351427793502808,0.6003193855285645
130,0.5250695943832397,0.5150740742683411,0.5079664587974548,0.5394176840782166,0.5390377640724182,0.5365747809410095,0.515705943107605,0.5341095328330994,0.5383610129356384,0.5476274490356445,0.5690180063247681,0.5933083295822144,0.6288507580757141,0.6644865274429321,0.6827559471130371,0.7095617055892944,0.7238433957099915,0.7357134819030762,0.7759802341461182,0.7914433479309082,0.8099417686462402,0.8199214935302734,0.8410316109657288,0.8769031167030334,0.8994395732879639,0.9536933898925781,1.000000238418579,0.9663991928100586,0.9225233793258667,0.8690462112426758,0.8143349289894104,0.7805001139640808,0.7500366568565369,0.741193950176239,0.7465115785598755,0.7040094137191772,0.6974239945411682,0.6731195449829102,0.6243759989738464,0.654179573059082,0.640929639339447,0.6361308097839355,0.6163800954818726,0.5505310893058777,0.49264925718307495,0.5429691672325134,0.5688332319259644,0.5890848636627197,0.5268968343734741,0.607158899307251,0.5522391200065613,0.5466678142547607,0.570223331451416,0.5502621531486511,0.5698139071464539,0.5801061987876892,0.5769367218017578,0.4888896346092224,0.5069204568862915,0.5130873322486877,0.5188252329826355,0.4935746192932129,0.4718565344810486,0.4683242440223694,0.5234200358390808,0.5322349667549133,0.5208821296691895,0.5193215608596802,0.5211719274520874,0.5213452577590942,0.5021674633026123,0.5732224583625793
135,0.5186647772789001,0.5139605402946472,0.5082448124885559,0.5326317548751831,0.5315282940864563,0.5367448329925537,0.5141081809997559,0.5282747745513916,0.5323492884635925,0.5378373265266418,0.5609447360038757,0.577536404132843,0.615416944026947,0.6507243514060974,0.6570296287536621,0.6836504936218262,0.6988726258277893,0.7200844287872314,0.7532116770744324,0.7574854493141174,0.7761020660400391,0.7822847366333008,0.8042585253715515,0.8428909778594971,0.8681259751319885,0.9026649594306946,0.9663991928100586,1.0,0.9700988531112671,0.9159166812896729,0.8545957803726196,0.8121720552444458,0.7762573957443237,0.7677927017211914,0.7734394073486328,0.7274383902549744,0.7204872965812683,0.6795284152030945,0.6178464293479919,0.6602014303207397,0.6378555297851562,0.6374617218971252,0.6194538474082947,0.5549986362457275,0.4891708493232727,0.5274645686149597,0.5512197017669678,0.5797376036643982,0.5181703567504883,0.5954928398132324,0.5465834736824036,0.5359105467796326,0.5670604109764099,0.5410435795783997,0.556320309638977,0.5701271295547485,0.5831121206283569,0.48806315660476685,0.4975452721118927,0.5072438716888428,0.514991819858551,0.48524773120880127,0.4627481698989868,0.4535994529724121,0.5034133195877075,0.5146071314811707,0.5066640973091125,0.5054807066917419,0.5114497542381287,0.5096309185028076,0.49541303515434265,0.5604003667831421
140,0.49766892194747925,0.4984244704246521,0.4981093108654022,0.5167633295059204,0.5135908722877502,0.5241369009017944,0.4960707128047943,0.5113486051559448,0.5172340273857117,0.5214865207672119,0.5420918464660645,0.5482690930366516,0.5757873058319092,0.6117194294929504,0.6183105707168579,0.6438994407653809,0.6604903936386108,0.6811245083808899,0.7152741551399231,0.7166303396224976,0.7320502996444702,0.739031970500946,0.7643419504165649,0.797976016998291,0.8193248510360718,0.8492127060890198,0.9225233793258667,0.9700988531112671,0.9999998807907104,0.9594923257827759,0.9044542908668518,0.8614761829376221,0.8097023963928223,0.8036031126976013,0.8085556626319885,0.7571489810943604,0.7442084550857544,0.7015821933746338,0.6392802000045776,0.6712459325790405,0.6413000822067261,0.6353493928909302,0.6136685609817505,0.5674009323120117,0.5046209096908569,0.532728910446167,0.5548267364501953,0.5812490582466125,0.5215870141983032,0.5918909311294556,0.541765570640564,0.526717483997345,0.5612287521362305,0.5337651968002319,0.5513768196105957,0.5695782899856567,0.5833675265312195,0.4918820858001709,0.4933512806892395,0.5034825801849365,0.507092297077179,0.47423118352890015,0.45317354798316956,0.4393760859966278,0.4798651933670044,0.4930150806903839,0.4784022271633148,0.4780663549900055,0.4838145077228546,0.4807838201522827,0.4696672260761261,0.5302588939666748
